	%Time (s)	Temperature (C)	10/3/2019	3:35 PM
	0.000	25.274	94.097	23.967	25.300
	1.437	25.301	94.079	24.024	25.299
	2.869	25.293	94.071	24.006	25.274
	4.280	25.320	94.043	23.984	25.294
	5.715	25.300	93.941	23.969	25.306
	7.151	25.283	94.087	23.917	25.296
	8.563	25.284	94.259	23.872	25.277
	9.988	25.287	94.063	23.938	25.303
	11.411	25.284	94.141	23.921	25.285
	12.829	25.293	94.159	23.923	25.300
	14.241	25.270	94.238	23.893	25.316
	15.661	25.297	94.018	23.867	25.285
	17.091	25.293	94.138	23.881	25.299
	18.523	25.285	94.079	23.927	25.317
	19.955	25.293	94.293	23.933	25.279
	21.381	25.330	94.157	23.962	25.280
	22.798	25.304	94.120	24.002	25.283
	24.225	25.313	94.108	24.087	25.285
	25.645	25.303	94.268	24.207	25.302
	27.065	25.296	94.122	24.175	25.308
	28.489	25.276	94.112	24.142	25.296
	29.916	25.293	94.059	24.168	25.276
	31.335	25.306	93.990	24.168	25.300
	32.756	25.296	94.006	24.125	25.284
	34.177	25.316	94.075	24.139	25.289
	35.608	25.281	94.047	24.062	25.263
	37.033	25.288	94.141	24.069	25.288
	38.444	25.271	94.167	23.986	25.278
	39.877	25.265	94.265	23.981	25.267
	41.297	25.302	94.098	24.020	25.290
	42.712	25.294	94.068	24.041	25.293
	44.126	25.316	94.110	24.069	25.301
	45.532	25.297	94.077	24.035	25.272
	46.957	25.291	94.157	24.046	25.270
	48.376	25.304	94.148	24.076	25.288
	49.798	25.275	94.111	24.057	25.293
	51.238	25.295	94.177	24.049	25.271
	52.659	25.284	94.055	24.047	25.277
	54.071	25.285	94.201	24.005	25.295
	55.493	25.278	94.158	24.048	25.294
	56.914	25.293	94.212	24.042	25.279
	58.335	25.311	94.230	24.061	25.296
	59.751	25.257	93.976	24.023	25.273
	61.177	25.285	94.187	24.046	25.291
	62.616	25.287	94.165	24.094	25.278
	64.065	25.297	94.195	24.072	25.266
	65.502	25.297	94.110	24.041	25.291
	66.930	25.307	94.264	24.053	25.313
	68.357	25.296	94.102	24.073	25.281
	69.771	25.324	93.929	24.169	25.292
	71.191	25.317	94.367	24.304	25.302
	72.599	25.287	94.081	24.376	25.274
	74.022	25.283	94.028	24.443	25.271
	75.442	25.289	94.037	24.507	25.309
	76.861	25.288	93.993	24.487	25.292
	78.271	25.298	94.110	24.515	25.305
	79.692	25.297	94.162	24.464	25.281
	81.114	25.304	94.035	24.365	25.298
	82.536	25.266	93.965	24.267	25.257
	83.957	25.290	94.041	24.270	25.283
	85.374	25.280	94.110	24.274	25.315
	86.810	25.279	94.122	24.187	25.268
	88.237	25.292	94.337	24.167	25.269
	89.660	25.281	94.067	24.160	25.269
	91.063	25.299	94.178	24.069	25.260
	92.486	25.299	94.173	24.052	25.269
	93.913	25.297	94.143	24.021	25.288
	95.337	25.311	94.044	23.977	25.277
	96.750	25.259	94.171	23.949	25.255
	98.162	25.302	93.983	23.977	25.304
	99.583	25.277	94.116	24.005	25.276
	101.001	25.276	94.120	24.038	25.276
	102.413	25.258	94.168	24.059	25.275
	103.834	25.277	94.179	24.061	25.293
	105.255	25.291	94.113	24.074	25.267
	106.676	25.276	94.058	24.068	25.269
	108.097	25.297	94.042	24.150	25.311
	109.523	25.293	94.168	24.116	25.277
	110.970	25.292	94.192	24.154	25.283
	112.400	25.311	94.163	24.138	25.280
	113.821	25.276	94.112	24.155	25.249
	115.242	25.296	94.146	24.197	25.286
	116.661	25.287	94.101	24.162	25.277
	118.081	25.304	94.083	24.165	25.291
	119.496	25.270	94.120	24.148	25.277
	120.915	25.286	94.105	24.112	25.289
	122.335	25.274	94.168	24.060	25.285
	123.772	25.284	94.139	24.004	25.294
	125.196	25.258	94.118	23.991	25.249
	126.616	25.258	94.161	23.967	25.276
	128.037	25.303	94.155	23.979	25.258
	129.471	25.302	94.109	23.972	25.272
	130.913	25.283	94.171	23.918	25.258
	132.348	25.258	94.130	23.947	25.271
	133.773	25.267	94.085	23.932	25.265
	135.192	25.275	94.112	23.934	25.264
	136.614	25.293	93.927	23.939	25.272
	138.027	25.285	94.087	23.946	25.286
	139.457	25.265	94.091	23.890	25.253
	140.887	25.249	93.992	23.877	25.246
	142.303	25.266	94.140	23.839	25.273
	143.740	25.259	94.125	23.832	25.275
	145.158	25.304	94.136	23.891	25.281
	146.563	25.266	94.159	23.864	25.256
	147.974	25.278	94.142	23.904	25.246
	149.401	25.279	94.226	23.911	25.270
	150.818	25.294	94.067	23.890	25.271
	152.239	25.262	94.160	23.883	25.268
	153.658	25.291	94.139	23.910	25.289
	155.072	25.244	94.016	23.879	25.235
	156.493	25.276	94.168	23.937	25.260
	157.910	25.270	94.074	23.885	25.252
	159.343	25.281	94.038	23.853	25.270
	160.788	25.270	94.094	23.831	25.242
	162.229	25.261	94.105	23.879	25.256
	163.660	25.267	93.998	23.879	25.249
	165.095	25.251	94.061	23.873	25.251
	166.506	25.274	94.115	23.876	25.266
	167.926	25.281	94.011	23.925	25.264
	169.328	25.297	94.175	23.930	25.279
	170.742	25.285	94.179	24.003	25.268
	172.162	25.276	94.130	23.996	25.270
	173.580	25.267	94.024	24.033	25.248
	174.986	25.269	94.125	24.031	25.257
	176.412	25.242	93.985	24.226	25.234
	177.845	25.275	94.065	24.704	25.266
	179.272	25.284	94.056	25.434	25.262
	180.694	25.293	94.086	25.652	25.266
	182.114	25.286	93.973	25.578	25.283
	183.551	25.241	94.202	25.286	25.260
	184.982	25.285	94.114	25.160	25.267
	186.416	25.267	94.200	24.981	25.263
	187.831	25.235	94.155	24.780	25.238
	189.253	25.281	94.143	24.678	25.249
	190.677	25.259	94.204	24.501	25.258
	192.113	25.259	94.162	24.332	25.252
	193.548	25.271	94.164	24.191	25.264
	194.973	25.251	94.155	24.088	25.258
	196.408	25.239	94.139	23.996	25.220
	197.829	25.255	94.161	23.943	25.251
	199.253	25.252	94.220	23.856	25.247
	200.657	25.242	94.138	23.736	25.245
	202.091	25.252	94.187	23.771	25.261
	203.502	25.245	94.123	23.716	25.243
	204.927	25.281	94.222	23.713	25.263
	206.346	25.260	94.207	23.664	25.224
	207.750	25.252	94.336	23.690	25.273
	209.162	25.230	94.237	23.622	25.212
	210.581	25.235	94.185	23.603	25.244
	211.989	25.280	94.192	23.629	25.245
	213.410	25.230	94.222	23.628	25.241
	214.815	25.218	94.220	23.622	25.232
	216.250	25.257	94.176	23.611	25.224
	217.675	25.243	94.180	23.621	25.236
	219.095	25.219	94.115	23.647	25.234
	220.509	25.254	94.159	23.718	25.217
	221.937	25.251	94.197	24.138	25.249
	223.350	25.253	94.192	24.254	25.233
	224.770	25.212	94.265	24.205	25.209
	226.195	25.254	94.215	24.280	25.209
	227.629	25.245	94.237	24.530	25.217
	229.053	25.230	94.201	24.857	25.215
	230.485	25.234	94.206	24.906	25.234
	231.901	25.223	94.197	24.715	25.225
	233.334	25.249	94.228	24.519	25.257
	234.758	25.224	94.194	24.356	25.247
	236.183	25.232	94.187	24.208	25.222
	237.616	25.225	94.245	24.108	25.207
	239.038	25.250	94.175	23.989	25.244
	240.477	25.249	94.198	23.874	25.197
	241.911	25.228	94.216	23.823	25.248
	243.335	25.246	94.183	23.788	25.242
	244.765	25.238	94.220	23.754	25.236
	246.189	25.226	94.173	23.774	25.219
	247.606	25.227	94.172	23.772	25.216
	249.017	25.242	94.182	23.762	25.218
	250.460	25.218	94.225	23.791	25.237
	251.881	25.210	94.215	23.812	25.218
	253.307	25.240	94.096	23.755	25.212
	254.720	25.197	94.046	23.697	25.216
	256.135	25.235	94.127	23.708	25.223
	257.562	25.237	94.267	23.722	25.222
	258.991	25.219	94.041	23.689	25.221
	260.411	25.240	94.200	23.667	25.209
	261.835	25.247	94.110	23.640	25.253
	263.268	25.241	94.179	23.595	25.234
	264.699	25.244	94.200	23.575	25.228
	266.111	25.227	94.192	23.561	25.212
	267.518	25.249	94.202	23.568	25.243
	268.923	25.200	94.219	23.558	25.214
	270.350	25.243	94.136	23.609	25.226
	271.770	25.251	94.192	23.609	25.236
	273.193	25.225	94.117	23.653	25.228
	274.632	25.234	94.127	23.717	25.211
	276.062	25.254	94.209	23.791	25.237
	277.492	25.215	94.191	23.876	25.214
	278.922	25.224	94.226	24.007	25.222
	280.335	25.235	94.156	24.125	25.197
	281.752	25.245	94.130	24.153	25.235
	283.181	25.218	94.196	24.144	25.238
	284.609	25.219	94.147	24.107	25.221
	286.024	25.214	94.253	24.114	25.232
	287.443	25.233	94.228	24.064	25.225
	288.873	25.233	94.157	24.044	25.251
	290.301	25.235	94.052	23.995	25.223
	291.724	25.238	94.206	24.009	25.230
	293.148	25.248	94.190	24.025	25.242
	294.570	25.228	94.161	24.026	25.209
	295.990	25.233	94.163	23.991	25.241
	297.426	25.232	94.113	24.006	25.229
	298.843	25.268	94.232	24.038	25.245
	300.256	25.256	94.187	24.051	25.245
	301.675	25.254	94.112	24.021	25.218
	303.095	25.234	94.199	23.982	25.229
	304.510	25.277	94.209	24.033	25.249
	305.924	25.220	94.131	24.037	25.213
	307.344	25.242	94.147	24.113	25.232
	308.758	25.247	94.241	24.127	25.242
	310.176	25.237	94.168	24.023	25.219
	311.600	25.240	94.180	24.024	25.236
	313.020	25.223	94.134	24.037	25.213
	314.485	25.223	94.199	24.137	25.206
	315.897	25.239	94.204	24.179	25.227
	317.321	25.222	94.203	24.213	25.223
	318.736	25.253	94.334	24.228	25.246
	320.153	25.240	94.173	24.240	25.219
	321.580	25.246	94.151	24.218	25.229
	323.006	25.246	94.133	24.195	25.227
	324.441	25.220	94.184	24.132	25.213
	325.878	25.245	94.253	24.127	25.245
	327.301	25.248	94.155	24.073	25.240
	328.737	25.225	94.209	24.149	25.225
	330.158	25.227	94.127	24.138	25.201
	331.583	25.220	94.189	24.087	25.220
	333.001	25.232	94.205	24.033	25.221
	334.426	25.221	94.204	23.957	25.190
	335.868	25.231	94.124	23.938	25.182
	337.286	25.221	94.172	23.935	25.226
	338.724	25.260	94.231	23.931	25.240
	340.161	25.239	94.170	23.992	25.227
	341.582	25.228	94.145	23.943	25.226
	343.005	25.246	94.187	23.920	25.205
	344.422	25.244	94.218	23.933	25.250
	345.851	25.255	94.194	23.948	25.223
	347.272	25.237	94.189	23.914	25.234
	348.692	25.218	94.148	23.928	25.223
	350.114	25.226	94.132	23.916	25.226
	351.536	25.234	94.147	23.923	25.204
	352.954	25.260	94.176	24.023	25.242
	354.367	25.223	94.117	23.990	25.191
	355.786	25.253	94.038	24.011	25.216
	357.205	25.233	94.148	24.010	25.212
	358.621	25.223	94.124	23.989	25.225
	360.038	25.235	94.112	23.985	25.208
	361.459	25.277	94.151	23.995	25.261
	362.880	25.237	94.091	23.954	25.214
	364.308	25.225	94.079	23.945	25.209
	365.722	25.244	94.234	23.938	25.228
	367.146	25.220	94.225	23.963	25.214
	368.574	25.210	94.098	23.922	25.200
	369.989	25.241	94.195	24.023	25.231
	371.409	25.205	94.110	24.076	25.223
	372.830	25.214	94.158	24.139	25.188
	374.237	25.236	94.179	24.198	25.209
	375.647	25.228	94.109	24.335	25.204
	377.069	25.224	94.118	24.342	25.210
	378.495	25.215	94.166	24.295	25.197
	379.906	25.220	94.088	24.283	25.188
	381.338	25.226	94.084	24.177	25.193
	382.769	25.246	94.072	24.200	25.237
	384.191	25.230	94.152	24.260	25.201
	385.605	25.251	94.168	24.130	25.216
	387.023	25.206	94.122	24.017	25.195
	388.444	25.212	94.093	24.126	25.185
	389.866	25.224	94.128	24.236	25.188
	391.287	25.227	94.076	24.256	25.209
	392.713	25.227	94.089	24.203	25.199
	394.142	25.220	94.142	24.113	25.198
	395.569	25.205	94.178	23.999	25.204
	397.004	25.226	94.094	24.000	25.202
	398.433	25.246	94.112	24.018	25.225
	399.849	25.180	94.154	23.999	25.177
	401.276	25.229	94.152	24.077	25.196
	402.688	25.234	94.184	24.139	25.235
	404.100	25.204	94.156	24.209	25.210
	405.521	25.208	94.189	24.185	25.203
	406.945	25.240	94.141	24.183	25.211
	408.365	25.230	94.178	24.208	25.217
	409.784	25.233	94.176	24.074	25.207
	411.204	25.246	94.256	24.133	25.219
	412.616	25.254	94.294	24.194	25.217
	414.038	25.250	94.263	24.240	25.209
	415.474	25.217	94.219	24.279	25.211
	416.894	25.212	94.259	24.196	25.192
	418.318	25.254	94.235	24.086	25.219
	419.739	25.235	94.215	23.954	25.236
	421.157	25.197	94.247	23.865	25.176
	422.571	25.226	94.258	23.806	25.207
	423.988	25.224	94.213	23.730	25.175
	425.427	25.244	94.298	23.698	25.207
	426.854	25.219	94.178	23.638	25.193
	428.277	25.234	94.295	23.672	25.220
	429.689	25.247	94.283	23.747	25.203
	431.093	25.221	94.287	23.777	25.181
	432.521	25.236	94.194	23.836	25.201
	433.943	25.188	94.216	23.855	25.190
	435.362	25.219	94.300	23.857	25.213
	436.784	25.210	94.198	23.934	25.196
	438.212	25.210	94.277	23.939	25.181
	439.625	25.219	94.220	24.020	25.202
	441.049	25.217	94.170	24.026	25.213
	442.461	25.238	94.216	24.049	25.210
	443.888	25.227	94.242	24.110	25.218
	445.309	25.337	94.196	24.218	25.249
	446.723	25.462	94.160	24.279	25.333
	448.146	25.513	94.198	24.294	25.404
	449.568	25.606	94.180	24.374	25.482
	450.993	25.703	94.145	24.393	25.545
	452.412	25.805	94.160	24.430	25.631
	453.831	25.960	94.182	24.446	25.761
	455.245	26.078	94.193	24.447	25.855
	456.664	26.209	94.172	24.495	25.988
	458.084	26.339	94.234	24.455	26.088
	459.505	26.491	94.226	24.495	26.228
	460.928	26.582	94.184	24.581	26.326
	462.345	26.730	94.255	24.702	26.445
	463.756	26.859	94.223	24.695	26.587
	465.178	26.993	94.173	24.659	26.707
	466.601	27.117	94.216	24.570	26.828
	468.041	27.249	94.239	24.500	26.969
	469.485	27.367	94.240	24.470	27.086
	470.892	27.456	94.204	24.412	27.186
	472.307	27.582	94.275	24.387	27.307
	473.735	27.689	94.233	24.333	27.407
	475.163	27.805	94.223	24.267	27.523
	476.583	27.861	94.196	24.205	27.611
	478.003	27.959	94.168	24.250	27.676
	479.435	28.080	94.192	24.244	27.811
	480.849	28.136	94.148	24.251	27.873
	482.268	28.228	94.152	24.274	28.020
	483.692	28.307	94.180	24.240	28.076
	485.115	28.404	94.196	24.265	28.164
	486.533	28.450	94.137	24.235	28.243
	487.943	28.541	94.193	24.207	28.304
	489.367	28.592	94.193	24.195	28.376
	490.786	28.640	94.149	24.136	28.447
	492.225	28.704	94.165	24.167	28.558
	493.645	28.752	94.111	24.138	28.571
	495.046	28.814	94.130	24.088	28.649
	496.478	28.851	94.170	24.082	28.712
	497.894	28.931	94.156	24.115	28.763
	499.317	28.957	94.076	24.124	28.780
	500.739	28.974	94.116	24.185	28.847
	502.161	29.043	94.130	24.220	28.903
	503.580	29.095	94.118	24.248	28.954
	505.009	29.080	94.030	24.231	28.955
	506.442	29.105	94.051	24.254	28.989
	507.864	29.193	94.093	24.282	29.051
	509.284	29.190	94.056	24.248	29.093
	510.705	29.241	94.053	24.276	29.118
	512.116	29.258	94.032	24.207	29.171
	513.544	29.309	94.046	24.133	29.207
	514.956	29.277	93.986	24.011	29.191
	516.378	29.333	94.058	23.966	29.233
	517.782	29.356	94.028	23.960	29.249
	519.193	29.350	94.020	23.959	29.285
	520.614	29.372	93.975	23.932	29.288
	522.016	29.414	93.981	23.942	29.306
	523.443	29.422	93.978	23.936	29.358
	524.866	29.445	93.920	23.932	29.342
	526.305	29.443	93.968	23.967	29.391
	527.725	29.494	94.030	24.130	29.425
	529.147	29.486	93.939	24.146	29.400
	530.569	29.504	93.939	24.108	29.413
	531.988	29.529	93.960	24.088	29.450
	533.415	29.516	93.979	24.059	29.446
	534.861	29.540	93.932	24.049	29.465
	536.297	29.513	93.876	24.007	29.451
	537.730	29.508	93.864	23.973	29.461
	539.143	29.559	93.866	24.013	29.487
	540.555	29.572	93.888	24.038	29.516
	541.974	29.572	93.834	24.066	29.535
	543.394	29.590	93.847	24.097	29.537
	544.797	29.594	93.839	24.055	29.537
	546.223	29.598	93.823	24.179	29.524
	547.661	29.620	93.816	24.181	29.537
	549.086	29.627	93.823	24.168	29.584
	550.507	29.586	93.731	24.035	29.544
	551.929	29.608	93.784	24.000	29.578
	553.349	29.615	93.761	23.924	29.569
	554.780	29.635	93.772	23.886	29.593
	556.209	29.632	93.735	23.856	29.600
	557.633	29.625	93.763	23.849	29.588
	559.054	29.600	93.687	23.891	29.606
	560.477	29.627	93.686	24.015	29.584
	561.898	29.591	93.708	24.109	29.588
	563.320	29.634	93.701	24.142	29.586
	564.755	29.623	93.685	24.093	29.577
	566.187	29.651	93.650	24.081	29.624
	567.594	29.644	93.652	24.027	29.608
	569.007	29.649	93.703	23.988	29.601
	570.426	29.635	93.621	23.977	29.602
	571.857	29.607	93.602	23.923	29.580
	573.272	29.643	93.626	23.895	29.623
	574.692	29.652	93.575	23.927	29.622
	576.120	29.628	93.588	23.884	29.617
	577.533	29.653	93.591	23.859	29.632
	578.945	29.662	93.603	23.853	29.643
	580.381	29.652	93.514	23.848	29.614
	581.808	29.636	93.568	23.902	29.624
	583.236	29.642	93.596	23.983	29.613
	584.667	29.660	93.508	23.976	29.650
	586.079	29.671	93.462	23.947	29.678
	587.504	29.647	93.507	23.876	29.615
	588.923	29.652	93.545	23.851	29.627
	590.328	29.654	93.513	23.884	29.658
	591.799	29.658	93.506	23.906	29.676
	593.204	29.657	93.445	23.954	29.659
	594.620	29.672	93.424	23.908	29.657
	596.039	29.668	93.531	23.895	29.659
	597.458	29.670	93.414	23.881	29.649
	598.895	29.658	93.493	23.801	29.648
	600.351	29.668	93.437	23.809	29.644
	601.771	29.646	93.435	23.781	29.643
	603.190	29.664	93.413	23.804	29.673
	604.614	29.630	93.409	23.768	29.635
	606.035	29.645	93.422	23.755	29.656
	607.455	29.648	93.429	23.759	29.641
	608.884	29.621	93.372	23.744	29.638
	610.316	29.645	93.360	23.743	29.663
	611.728	29.658	93.383	23.803	29.648
	613.141	29.654	93.308	23.818	29.655
	614.585	29.616	93.262	23.926	29.624
	616.005	29.675	93.259	24.081	29.658
	617.442	29.649	93.193	24.048	29.649
	618.865	29.653	93.232	23.982	29.641
	620.283	29.646	93.232	23.909	29.626
	621.703	29.643	93.068	23.852	29.664
	623.120	29.664	93.199	23.801	29.658
	624.531	29.643	93.122	23.670	29.611
	625.960	29.635	93.149	23.716	29.641
	627.377	29.661	93.143	23.741	29.620
	628.789	29.610	93.221	23.719	29.623
	630.222	29.635	93.212	23.830	29.651
	631.646	29.632	93.202	23.843	29.631
	633.081	29.639	93.272	23.847	29.646
	634.504	29.641	93.219	23.854	29.633
	635.927	29.650	93.184	23.782	29.631
	637.346	29.644	93.155	23.756	29.654
	638.768	29.624	93.165	23.684	29.626
	640.194	29.613	93.064	23.620	29.643
	641.615	29.644	93.099	23.610	29.628
	643.038	29.606	93.107	23.688	29.627
	644.458	29.600	93.059	23.725	29.602
	645.889	29.612	92.954	23.840	29.612
	647.308	29.610	93.028	23.872	29.632
	648.720	29.645	93.064	23.863	29.654
	650.132	29.630	93.087	24.049	29.647
	651.555	29.639	93.040	23.976	29.625
	652.973	29.647	92.910	23.959	29.639
	654.395	29.594	92.964	23.885	29.596
	655.816	29.639	93.023	23.836	29.641
	657.237	29.622	93.035	23.789	29.632
	658.658	29.614	92.892	23.712	29.624
	660.086	29.606	92.928	23.707	29.622
	661.503	29.626	92.963	23.755	29.609
	662.933	29.609	92.889	23.776	29.619
	664.348	29.617	92.867	23.744	29.633
	665.767	29.603	92.932	23.711	29.610
	667.177	29.618	92.896	23.770	29.622
	668.598	29.591	92.877	23.807	29.606
	670.034	29.607	92.642	23.823	29.630
	671.461	29.605	92.865	23.807	29.615
	672.880	29.592	92.786	23.796	29.611
	674.303	29.616	92.800	23.790	29.603
	675.726	29.600	92.832	23.786	29.602
	677.158	29.607	92.827	23.824	29.619
	678.598	29.616	92.813	23.836	29.622
	680.022	29.583	92.718	23.818	29.603
	681.440	29.601	92.703	23.836	29.635
	682.870	29.579	92.620	23.846	29.583
	684.282	29.589	92.667	23.904	29.620
	685.693	29.621	92.860	23.986	29.635
	687.116	29.559	92.702	23.985	29.601
	688.549	29.603	92.676	23.971	29.611
	689.978	29.605	92.665	23.900	29.591
	691.406	29.595	92.699	23.930	29.603
	692.852	29.566	92.820	23.998	29.591
	694.281	29.602	92.773	24.009	29.599
	695.730	29.573	92.654	24.019	29.628
	697.140	29.582	92.623	24.034	29.617
	698.572	29.591	92.559	24.155	29.616
	699.990	29.571	92.626	24.118	29.601
	701.422	29.590	92.422	24.222	29.607
	702.850	29.571	92.585	24.180	29.590
	704.282	29.597	92.422	24.144	29.616
	705.700	29.573	92.562	24.112	29.594
	707.116	29.569	92.505	24.081	29.591
	708.553	29.591	92.513	24.098	29.604
	709.990	29.582	92.529	24.128	29.592
	711.443	29.569	92.398	24.164	29.594
	712.861	29.564	92.323	24.142	29.580
	714.271	29.603	92.473	24.192	29.601
	715.693	29.584	92.348	24.227	29.592
	717.111	29.581	92.303	24.207	29.597
	718.535	29.572	92.295	24.166	29.596
	719.962	29.569	92.162	24.071	29.574
	721.383	29.559	92.186	24.046	29.582
	722.805	29.564	92.171	24.011	29.584
	724.225	29.560	92.111	23.985	29.604
	725.660	29.560	92.121	23.918	29.600
	727.098	29.574	92.116	23.925	29.623
	728.551	29.572	92.040	23.981	29.609
	729.973	29.575	92.075	24.046	29.614
	731.394	29.555	91.994	24.058	29.580
	732.815	29.556	92.006	24.005	29.610
	734.256	29.564	92.025	23.981	29.616
	735.673	29.523	92.117	23.928	29.589
	737.113	29.556	91.988	23.947	29.597
	738.540	29.555	92.036	24.023	29.575
	739.959	29.550	92.056	23.979	29.578
	741.378	29.542	92.038	23.913	29.571
	742.798	29.578	91.875	23.931	29.599
	744.209	29.564	91.894	23.876	29.591
	745.645	29.535	91.882	23.859	29.583
	747.083	29.573	91.977	23.815	29.594
	748.501	29.540	91.915	23.774	29.555
	749.914	29.554	91.908	23.784	29.585
	751.340	29.532	91.758	23.866	29.573
	752.769	29.533	91.689	23.868	29.564
	754.190	29.537	91.836	23.881	29.586
	755.605	29.540	91.833	23.827	29.558
	757.021	29.550	91.659	23.792	29.561
	758.441	29.544	91.642	23.768	29.593
	759.862	29.538	91.622	23.708	29.579
	761.282	29.541	91.667	23.725	29.580
	762.697	29.551	91.635	23.747	29.586
	764.110	29.538	91.600	23.791	29.565
	765.525	29.540	91.494	23.824	29.592
	766.941	29.514	91.670	23.806	29.559
	768.359	29.537	91.598	23.813	29.573
	769.788	29.519	91.621	23.861	29.568
	771.207	29.530	91.300	23.812	29.578
	772.620	29.511	91.429	23.811	29.563
	774.050	29.529	91.328	23.804	29.580
	775.491	29.525	91.435	23.831	29.548
	776.910	29.541	91.308	23.884	29.576
	778.316	29.507	91.372	23.852	29.574
	779.739	29.520	91.387	23.812	29.590
	781.141	29.538	91.086	23.794	29.567
	782.554	29.562	91.178	23.752	29.577
	783.987	29.527	91.311	23.728	29.580
	785.427	29.499	91.149	23.742	29.553
	786.845	29.531	91.268	23.782	29.564
	788.258	29.519	91.276	23.823	29.578
	789.692	29.533	91.134	23.910	29.566
	791.112	29.519	90.935	23.915	29.561
	792.536	29.495	90.985	23.925	29.536
	793.955	29.519	91.046	23.940	29.564
	795.366	29.536	91.129	23.980	29.562
	796.787	29.513	91.023	23.986	29.567
	798.209	29.533	91.027	23.983	29.570
	799.632	29.509	91.071	23.984	29.567
	801.051	29.510	90.971	23.931	29.552
	802.460	29.507	90.927	23.894	29.544
	803.896	29.503	91.017	23.880	29.570
	805.314	29.508	90.994	23.873	29.554
	806.729	29.522	90.605	23.861	29.579
	808.148	29.521	90.795	23.817	29.562
	809.569	29.489	90.535	23.731	29.537
	810.991	29.528	90.843	23.757	29.564
	812.414	29.508	90.838	23.756	29.547
	813.837	29.511	90.687	23.766	29.570
	815.255	29.520	90.879	23.751	29.575
	816.691	29.495	90.638	23.723	29.542
	818.095	29.509	90.805	23.674	29.554
	819.524	29.505	90.527	23.668	29.556
	820.942	29.501	90.473	23.634	29.551
	822.361	29.494	90.171	23.602	29.544
	823.767	29.489	90.347	23.604	29.538
	825.180	29.516	89.950	23.686	29.569
	826.600	29.498	90.407	23.651	29.525
	828.035	29.492	90.322	23.682	29.536
	829.458	29.487	90.140	23.692	29.532
	830.877	29.475	90.015	23.736	29.517
	832.281	29.463	90.093	23.751	29.531
	833.706	29.474	90.034	23.818	29.526
	835.118	29.487	90.096	23.841	29.546
	836.537	29.473	90.186	23.826	29.511
	837.986	29.464	90.166	23.788	29.522
	839.432	29.504	90.129	23.751	29.551
	840.847	29.459	89.812	23.693	29.519
	842.267	29.485	89.826	23.715	29.515
	843.684	29.476	89.933	23.680	29.522
	845.101	29.500	89.614	23.704	29.536
	846.521	29.461	89.431	23.623	29.511
	847.942	29.461	89.649	23.670	29.525
	849.364	29.474	89.629	23.743	29.525
	850.784	29.471	89.689	23.781	29.534
	852.205	29.495	89.442	23.746	29.539
	853.631	29.480	89.675	23.754	29.525
	855.053	29.478	89.720	23.764	29.523
	856.473	29.481	89.415	23.779	29.510
	857.895	29.463	89.424	23.835	29.521
	859.319	29.476	89.331	23.804	29.531
	860.760	29.454	89.317	23.848	29.526
	862.194	29.457	89.107	23.872	29.491
	863.617	29.480	89.171	23.925	29.519
	865.033	29.467	89.177	23.965	29.506
	866.464	29.469	89.160	23.919	29.522
	867.881	29.460	89.160	23.814	29.498
	869.301	29.478	88.988	23.833	29.535
	870.722	29.454	89.076	23.823	29.515
	872.142	29.453	88.835	23.851	29.506
	873.565	29.460	89.022	23.864	29.515
	874.979	29.448	88.631	23.812	29.503
	876.399	29.444	88.924	23.695	29.486
	877.827	29.494	88.910	23.657	29.544
	879.254	29.456	89.145	23.589	29.507
	880.677	29.459	88.983	23.498	29.485
	882.096	29.465	89.094	23.480	29.512
	883.510	29.472	88.823	23.477	29.501
	884.932	29.456	89.049	23.459	29.507
	886.355	29.451	88.851	23.486	29.495
	887.770	29.440	89.041	23.518	29.499
	889.191	29.420	88.934	23.560	29.490
	890.594	29.428	88.716	23.536	29.466
	892.025	29.442	88.410	23.565	29.488
	893.444	29.452	88.458	23.610	29.495
	894.878	29.450	88.510	23.641	29.483
	896.314	29.438	88.432	23.690	29.504
	897.741	29.415	88.303	23.676	29.493
	899.159	29.442	88.222	23.726	29.500
	900.562	29.468	88.259	23.716	29.510
	902.006	29.428	88.238	23.663	29.488
	903.426	29.424	87.871	23.705	29.472
	904.845	29.433	88.312	23.778	29.474
	906.265	29.412	88.387	23.791	29.441
	907.714	29.433	88.490	23.803	29.477
	909.151	29.465	88.312	23.844	29.472
	910.574	29.416	88.176	23.846	29.456
	911.989	29.433	88.375	23.863	29.444
	913.412	29.455	88.269	23.820	29.466
	914.833	29.441	88.425	23.832	29.477
	916.269	29.444	88.221	23.836	29.469
	917.689	29.428	88.426	23.866	29.490
	919.102	29.398	88.438	23.815	29.454
	920.523	29.427	87.887	23.878	29.462
	921.953	29.448	87.658	23.911	29.492
	923.381	29.416	87.759	23.839	29.451
	924.799	29.413	87.648	23.784	29.445
	926.215	29.409	87.657	23.711	29.456
	927.627	29.414	87.782	23.748	29.459
	929.040	29.422	87.781	23.851	29.479
	930.458	29.418	88.859	23.855	29.446
	931.878	29.420	87.862	23.877	29.457
	933.298	29.406	87.674	23.865	29.438
	934.727	29.404	87.769	23.855	29.434
	936.146	29.423	87.624	23.800	29.469
	937.567	29.414	87.475	23.934	29.449
	938.989	29.424	87.524	24.182	29.435
	940.410	29.405	87.612	24.309	29.449
	941.833	29.411	87.543	24.373	29.454
	943.253	29.417	87.682	24.342	29.462
	944.674	29.397	87.580	24.243	29.442
	946.094	29.395	87.435	24.141	29.445
	947.509	29.401	87.492	24.035	29.441
	948.928	29.410	87.458	23.974	29.454
	950.361	29.423	87.403	23.945	29.462
	951.799	29.402	86.930	23.897	29.441
	953.229	29.408	87.157	23.796	29.440
	954.645	29.409	87.034	23.819	29.431
	956.048	29.406	86.759	23.849	29.429
	957.462	29.400	86.867	23.928	29.432
	958.896	29.405	86.906	23.998	29.443
	960.319	29.378	87.005	24.011	29.417
	961.756	29.407	86.922	24.099	29.460
	963.175	29.368	86.727	23.999	29.404
	964.597	29.370	86.577	23.976	29.435
	966.035	29.384	86.515	23.951	29.423
	967.468	29.387	86.567	23.936	29.430
	968.880	29.387	86.695	23.916	29.424
	970.299	29.393	86.727	23.930	29.424
	971.724	29.373	86.695	23.913	29.416
	973.164	29.378	86.895	23.900	29.423
	974.580	29.395	87.088	23.868	29.434
	976.002	29.380	86.926	23.853	29.419
	977.434	29.353	86.690	23.829	29.412
	978.861	29.380	86.387	23.854	29.417
	980.277	29.392	86.623	23.866	29.420
	981.690	29.397	86.593	23.922	29.463
	983.096	29.399	86.511	23.935	29.427
	984.523	29.371	86.244	23.982	29.432
	985.945	29.367	86.182	23.958	29.434
	987.365	29.409	86.293	23.933	29.423
	988.799	29.339	86.137	23.827	29.410
	990.227	29.377	85.938	23.794	29.405
	991.649	29.366	85.949	23.838	29.411
	993.087	29.376	85.961	23.875	29.444
	994.522	29.399	85.861	23.844	29.438
	995.946	29.390	85.840	23.834	29.389
	997.365	29.380	85.925	23.882	29.424
	998.784	29.381	85.942	23.873	29.401
	1000.204	29.382	85.873	23.789	29.428
	1001.615	29.360	85.864	23.856	29.407
	1003.038	29.339	85.896	23.845	29.396
	1004.460	29.406	85.838	23.900	29.425
	1005.879	29.345	85.961	23.846	29.395
	1007.298	29.372	85.923	23.777	29.393
	1008.712	29.365	85.746	23.714	29.410
	1010.131	29.355	85.568	23.793	29.409
	1011.552	29.382	85.674	23.815	29.419
	1012.973	29.358	86.173	23.754	29.388
	1014.408	29.355	86.207	23.785	29.387
	1015.833	29.367	86.047	23.789	29.399
	1017.252	29.366	85.735	23.809	29.406
	1018.663	29.388	85.907	23.887	29.413
	1020.099	29.372	85.555	23.974	29.430
	1021.517	29.364	85.219	23.998	29.384
	1022.955	29.344	85.021	24.014	29.387
	1024.378	29.370	84.969	24.035	29.387
	1025.791	29.360	84.861	24.049	29.389
	1027.206	29.367	85.019	24.091	29.405
	1028.626	29.357	85.018	24.152	29.393
	1030.038	29.378	85.264	24.139	29.422
	1031.460	29.345	85.136	24.055	29.395
	1032.879	29.373	85.115	24.052	29.392
	1034.304	29.372	84.959	24.099	29.413
	1035.724	29.338	84.863	24.089	29.390
	1037.158	29.377	84.952	24.110	29.398
	1038.585	29.368	85.010	24.131	29.385
	1040.004	29.363	84.735	24.049	29.405
	1041.409	29.382	84.550	24.026	29.410
	1042.835	29.350	84.526	23.946	29.384
	1044.265	29.350	84.458	23.929	29.396
	1045.704	29.352	84.633	23.954	29.380
	1047.126	29.340	84.587	23.996	29.367
	1048.548	29.351	84.767	23.913	29.391
	1049.960	29.353	84.735	23.811	29.393
	1051.380	29.358	84.408	23.829	29.381
	1052.813	29.344	84.363	23.872	29.402
	1054.239	29.342	84.536	23.918	29.397
	1055.639	29.362	84.529	23.896	29.405
	1057.065	29.375	84.514	23.920	29.414
	1058.491	29.344	84.352	23.908	29.399
	1059.911	29.360	84.362	23.919	29.408
