%Loading Case (lbs)	F0 (lbf)	F1 (lbf)	F2 (lbf)	F3D (lbf)	LVDT (in)	%8/25/202312:44 PM
0.000	-0.003	0.027	-0.009	-86.085	-0.000
0.000	-0.000	0.014	-0.012	-86.213	-0.000
0.000	-0.010	0.022	-0.004	-86.155	-0.000
0.000	-0.005	0.016	-0.011	-86.118	-0.000
0.000	-0.008	0.008	-0.014	-86.160	-0.000
0.000	-0.005	0.003	-0.016	-86.020	-0.000
0.000	-0.014	-0.006	-0.023	-86.097	-0.000
0.000	-0.003	-0.012	-0.012	-85.870	-0.000
0.000	0.002	0.019	-0.013	-86.123	-0.000
0.000	-0.001	0.005	-0.014	-86.011	-0.000
10.000	2.097	2.500	5.797	-72.187	0.009
10.000	2.086	2.491	5.782	-72.216	0.009
10.000	2.089	2.494	5.774	-72.240	0.009
10.000	2.096	2.501	5.784	-72.227	0.009
10.000	2.105	2.504	5.793	-72.216	0.009
10.000	2.092	2.492	5.780	-72.155	0.009
10.000	2.094	2.508	5.781	-72.261	0.009
10.000	2.095	2.483	5.785	-72.359	0.009
10.000	2.087	2.503	5.778	-72.330	0.009
10.000	2.095	2.498	5.781	-72.209	0.009
20.000	4.296	4.923	11.536	-57.732	0.019
20.000	4.290	4.938	11.546	-57.912	0.019
20.000	4.297	4.921	11.543	-57.773	0.019
20.000	4.290	4.934	11.541	-57.666	0.019
20.000	4.295	4.930	11.535	-57.725	0.019
20.000	4.297	4.949	11.546	-57.763	0.019
20.000	4.305	4.940	11.533	-58.041	0.019
20.000	4.300	4.928	11.539	-57.780	0.019
20.000	4.296	4.919	11.537	-57.873	0.019
20.000	4.296	4.935	11.534	-57.707	0.019
30.000	6.973	6.961	17.307	-43.164	0.029
30.000	6.982	6.952	17.310	-42.898	0.029
30.000	6.973	6.958	17.321	-43.026	0.029
30.000	6.983	6.964	17.315	-43.108	0.029
30.000	6.978	6.956	17.315	-43.084	0.029
30.000	6.966	6.954	17.311	-43.156	0.029
30.000	6.976	6.960	17.314	-43.032	0.029
30.000	6.969	6.954	17.312	-42.953	0.029
30.000	6.976	6.957	17.313	-43.039	0.029
30.000	6.984	6.965	17.308	-42.953	0.029
40.000	9.931	8.672	23.081	-27.198	0.039
40.000	9.923	8.667	23.070	-27.283	0.039
40.000	9.926	8.674	23.080	-27.120	0.039
40.000	9.930	8.677	23.074	-27.192	0.039
40.000	9.931	8.671	23.082	-27.435	0.039
40.000	9.924	8.674	23.077	-27.167	0.039
40.000	9.922	8.677	23.083	-27.290	0.039
40.000	9.920	8.668	23.080	-27.154	0.039
40.000	9.924	8.678	23.071	-27.488	0.039
40.000	9.930	8.683	23.081	-27.223	0.039
50.000	13.627	9.362	28.797	-15.255	0.050
50.000	13.630	9.333	28.798	-15.178	0.050
50.000	13.622	9.336	28.795	-15.028	0.050
50.000	13.633	9.351	28.799	-15.348	0.050
50.000	13.635	9.343	28.805	-15.462	0.050
50.000	13.614	9.352	28.797	-15.252	0.050
50.000	13.631	9.343	28.795	-15.206	0.050
50.000	13.612	9.348	28.789	-15.322	0.050
50.000	13.624	9.334	28.798	-15.144	0.050
50.000	13.623	9.346	28.801	-15.169	0.050
40.000	9.997	8.598	23.060	-25.602	0.041
40.000	9.999	8.597	23.057	-25.784	0.041
40.000	10.000	8.606	23.058	-25.666	0.041
40.000	9.999	8.637	23.061	-25.657	0.041
40.000	9.997	8.595	23.066	-25.544	0.041
40.000	10.007	8.601	23.075	-25.634	0.041
40.000	10.001	8.610	23.064	-25.513	0.041
40.000	10.004	8.611	23.071	-25.705	0.041
40.000	9.996	8.637	23.060	-25.685	0.041
40.000	9.998	8.597	23.075	-25.522	0.041
30.000	7.071	6.903	17.274	-40.083	0.031
30.000	7.063	6.913	17.270	-40.042	0.031
30.000	7.063	6.918	17.270	-40.026	0.031
30.000	7.072	6.922	17.268	-40.020	0.031
30.000	7.069	6.915	17.273	-40.166	0.031
30.000	7.068	6.912	17.283	-40.200	0.031
30.000	7.072	6.909	17.278	-40.018	0.031
30.000	7.063	6.917	17.275	-40.281	0.031
30.000	7.060	6.927	17.285	-39.900	0.031
30.000	7.073	6.921	17.283	-39.765	0.031
20.000	4.364	4.922	11.515	-55.848	0.021
20.000	4.373	4.898	11.518	-55.848	0.021
20.000	4.370	4.917	11.513	-55.696	0.021
20.000	4.368	4.913	11.509	-55.802	0.021
20.000	4.370	4.915	11.512	-55.933	0.021
20.000	4.364	4.904	11.513	-55.885	0.021
20.000	4.363	4.911	11.508	-55.743	0.021
20.000	4.358	4.910	11.519	-55.852	0.021
20.000	4.367	4.904	11.514	-55.854	0.021
20.000	4.364	4.893	11.510	-55.892	0.021
10.000	2.180	2.452	5.781	-70.596	0.011
10.000	2.173	2.467	5.773	-70.880	0.011
10.000	2.179	2.456	5.774	-70.759	0.011
10.000	2.174	2.449	5.769	-70.567	0.011
10.000	2.173	2.452	5.771	-70.696	0.011
10.000	2.174	2.455	5.771	-70.723	0.011
10.000	2.176	2.457	5.768	-70.574	0.011
10.000	2.188	2.457	5.771	-70.985	0.011
10.000	2.180	2.452	5.778	-70.712	0.011
10.000	2.169	2.445	5.776	-70.718	0.011
0.000	-0.008	-0.112	-0.028	-86.427	0.000
0.000	0.003	-0.103	-0.036	-85.652	0.000
0.000	0.017	0.029	-0.034	-85.632	0.000
0.000	-0.015	-0.037	-0.010	-86.100	0.000
0.000	-0.000	-0.128	-0.034	-85.726	0.000
0.000	0.011	-0.066	-0.036	-86.479	0.000
0.000	0.018	0.000	-0.032	-85.605	0.000
0.000	0.007	0.060	-0.021	-86.368	0.000
0.000	0.012	0.045	-0.022	-86.573	0.000
0.000	-0.001	0.010	-0.014	-86.325	0.000
