%Loading Case (lbs)	F0 (lbf)	F1 (lbf)	F2 (lbf)	F3D (lbf)	LVDT (in)	%8/22/202311:40 AM
0.000	0.007	0.033	0.010	-86.005	-0.000
0.000	-0.002	0.032	0.014	-86.093	-0.000
0.000	0.006	0.030	0.014	-86.244	-0.000
0.000	-0.003	0.019	0.002	-86.064	-0.000
0.000	0.007	0.019	0.015	-85.662	-0.000
0.000	-0.003	0.024	0.012	-86.273	-0.000
0.000	-0.003	0.024	0.008	-85.917	-0.000
0.000	-0.000	0.014	0.005	-86.192	-0.000
0.000	0.005	0.030	0.013	-86.177	-0.000
0.000	0.000	0.029	0.007	-85.778	0.000
10.000	2.211	2.632	4.838	-73.952	0.002
10.000	2.219	2.706	4.827	-74.372	0.002
10.000	2.210	2.728	4.848	-74.275	0.002
10.000	2.197	2.638	4.844	-74.014	0.002
10.000	2.209	2.619	4.842	-74.000	0.002
10.000	2.204	2.655	4.846	-73.921	0.002
10.000	2.224	2.731	4.852	-74.138	0.002
10.000	2.200	2.698	4.852	-73.872	0.002
10.000	2.200	2.648	4.840	-73.987	0.002
10.000	2.207	2.615	4.830	-73.863	0.002
20.000	5.039	5.020	10.029	-61.042	0.011
20.000	5.037	5.013	10.033	-61.099	0.011
20.000	5.038	5.026	10.026	-61.212	0.011
20.000	5.041	5.009	10.011	-60.970	0.011
20.000	5.035	5.014	10.016	-61.170	0.011
20.000	5.035	5.032	10.029	-60.976	0.011
20.000	5.048	5.017	10.024	-61.207	0.011
20.000	5.047	5.016	10.031	-61.232	0.011
20.000	5.041	5.024	10.030	-61.123	0.011
20.000	5.047	5.023	10.021	-60.907	0.011
30.000	7.158	8.157	15.207	-47.472	0.022
30.000	7.157	8.147	15.208	-47.438	0.022
30.000	7.162	8.157	15.203	-47.275	0.022
30.000	7.164	8.156	15.206	-47.373	0.022
30.000	7.155	8.169	15.203	-47.356	0.022
30.000	7.159	8.168	15.218	-47.442	0.022
30.000	7.172	8.160	15.212	-47.496	0.022
30.000	7.171	8.176	15.215	-47.352	0.022
30.000	7.160	8.161	15.214	-47.316	0.022
30.000	7.159	8.157	15.213	-47.467	0.022
40.000	10.933	9.834	20.593	-33.283	0.035
40.000	10.937	9.831	20.586	-33.317	0.035
40.000	10.941	9.846	20.591	-33.387	0.035
40.000	10.941	9.834	20.596	-33.414	0.035
40.000	10.947	9.836	20.597	-33.429	0.035
40.000	10.952	9.834	20.589	-33.321	0.035
40.000	10.942	9.834	20.594	-33.384	0.035
40.000	10.939	9.833	20.604	-33.546	0.035
40.000	10.948	9.839	20.606	-33.374	0.035
40.000	10.946	9.839	20.602	-33.349	0.035
50.000	13.264	12.746	25.755	-21.086	0.046
50.000	13.268	12.738	25.749	-21.187	0.046
50.000	13.267	12.741	25.749	-20.927	0.046
50.000	13.268	12.730	25.752	-21.124	0.046
50.000	13.270	12.734	25.756	-21.106	0.046
50.000	13.261	12.747	25.749	-21.181	0.046
50.000	13.276	12.744	25.744	-20.934	0.046
50.000	13.286	12.732	25.751	-21.211	0.046
50.000	13.264	12.737	25.748	-21.106	0.046
50.000	13.267	12.741	25.738	-21.139	0.046
40.000	11.428	9.584	20.741	-30.540	0.040
40.000	11.425	9.600	20.753	-30.484	0.040
40.000	11.436	9.598	20.746	-30.364	0.040
40.000	11.430	9.601	20.750	-30.329	0.040
40.000	11.426	9.594	20.749	-30.396	0.040
40.000	11.426	9.591	20.751	-30.410	0.040
40.000	11.433	9.590	20.746	-30.396	0.040
40.000	11.426	9.590	20.749	-30.622	0.040
40.000	11.429	9.595	20.745	-30.523	0.040
40.000	11.424	9.592	20.746	-30.485	0.040
30.000	7.750	7.857	15.594	-45.470	0.026
30.000	7.737	7.940	15.626	-45.069	0.026
30.000	7.760	8.009	15.609	-45.511	0.026
30.000	7.728	7.921	15.634	-45.158	0.026
30.000	7.727	7.907	15.621	-45.316	0.026
30.000	7.733	7.904	15.619	-45.180	0.026
30.000	7.760	8.060	15.616	-45.341	0.026
30.000	7.735	7.982	15.624	-45.296	0.026
30.000	7.733	7.811	15.602	-45.041	0.026
30.000	7.751	8.063	15.620	-44.379	0.026
20.000	5.935	4.581	10.378	-57.649	0.021
20.000	5.927	4.589	10.379	-57.547	0.021
20.000	5.931	4.580	10.371	-57.375	0.021
20.000	5.937	4.584	10.363	-57.482	0.021
20.000	5.926	4.580	10.370	-57.522	0.021
20.000	5.930	4.586	10.370	-57.461	0.021
20.000	5.931	4.584	10.375	-57.471	0.021
20.000	5.936	4.594	10.376	-57.354	0.021
20.000	5.930	4.579	10.379	-57.498	0.021
20.000	5.931	4.589	10.383	-57.465	0.021
0.000	0.001	-0.004	-0.002	-85.836	0.000
0.000	-0.004	-0.005	-0.002	-85.384	0.000
0.000	-0.006	-0.003	0.002	-85.763	0.000
0.000	-0.002	0.006	0.002	-85.439	0.000
0.000	-0.006	-0.008	0.006	-85.598	0.000
0.000	-0.007	-0.019	-0.002	-85.846	0.000
0.000	-0.012	-0.008	-0.003	-85.219	0.000
0.000	-0.004	-0.002	0.003	-85.814	0.000
0.000	-0.001	-0.002	0.003	-85.519	0.000
0.000	-0.003	-0.005	0.004	-85.645	0.000
