%Loading Case (lbs)	F0 (lbf)	F1 (lbf)	F2 (lbf)	F3D (lbf)	LVDT (in)	%8/25/20231:35 PM
0.000	0.015	0.013	0.010	-85.527	-0.000
0.000	0.010	0.020	0.006	-85.408	-0.000
0.000	0.005	-0.005	0.014	-85.636	-0.000
0.000	0.007	-0.007	0.002	-85.309	-0.000
0.000	0.003	-0.001	0.001	-85.403	-0.000
0.000	0.010	0.006	0.011	-85.265	-0.000
0.000	0.006	-0.012	0.011	-85.880	-0.000
0.000	-0.003	0.009	0.001	-85.729	-0.000
0.000	0.011	-0.016	0.003	-85.283	-0.000
0.000	0.001	-0.007	-0.006	-85.234	-0.000
20.000	4.679	5.902	10.251	-68.109	0.014
20.000	4.674	5.907	10.245	-68.123	0.014
20.000	4.671	5.901	10.243	-68.145	0.014
20.000	4.668	5.903	10.245	-68.114	0.014
20.000	4.671	5.900	10.239	-68.139	0.014
20.000	4.671	5.906	10.243	-68.003	0.014
20.000	4.682	5.914	10.242	-68.150	0.014
20.000	4.677	5.905	10.247	-67.974	0.014
20.000	4.671	5.926	10.251	-68.011	0.014
20.000	4.670	5.912	10.245	-68.163	0.014
40.000	9.747	11.607	20.478	-48.069	0.029
40.000	9.750	11.599	20.474	-48.355	0.029
40.000	9.763	11.591	20.478	-48.427	0.029
40.000	9.756	11.597	20.479	-48.273	0.029
40.000	9.752	11.609	20.488	-48.530	0.029
40.000	9.754	11.596	20.480	-48.373	0.029
40.000	9.756	11.605	20.486	-48.256	0.029
40.000	9.740	11.612	20.484	-48.236	0.029
40.000	9.746	11.609	20.481	-48.424	0.029
40.000	9.747	11.603	20.479	-48.324	0.029
60.000	14.636	17.317	30.652	-28.432	0.049
60.000	14.637	17.330	30.649	-28.336	0.049
60.000	14.641	17.322	30.649	-28.382	0.049
60.000	14.642	17.337	30.641	-28.467	0.049
60.000	14.657	17.337	30.659	-28.544	0.049
60.000	14.664	17.346	30.664	-28.405	0.049
60.000	14.653	17.324	30.650	-28.457	0.049
60.000	14.666	17.337	30.653	-28.668	0.049
60.000	14.660	17.325	30.657	-28.295	0.049
60.000	14.663	17.349	30.659	-28.822	0.049
40.000	9.827	11.587	20.416	-44.306	0.032
40.000	9.827	11.590	20.417	-44.649	0.032
40.000	9.810	11.592	20.419	-44.387	0.032
40.000	9.827	11.591	20.427	-44.555	0.032
40.000	9.829	11.583	20.421	-44.482	0.032
40.000	9.839	11.580	20.424	-44.541	0.032
40.000	9.835	11.586	20.419	-44.533	0.032
40.000	9.827	11.601	20.427	-44.358	0.032
40.000	9.834	11.596	20.422	-44.603	0.032
40.000	9.830	11.598	20.430	-44.485	0.032
20.000	4.755	5.914	10.216	-65.137	0.016
20.000	4.750	5.924	10.209	-64.992	0.016
20.000	4.759	5.924	10.208	-65.357	0.016
20.000	4.750	5.920	10.215	-65.110	0.016
20.000	4.755	5.919	10.219	-65.131	0.016
20.000	4.768	5.936	10.232	-65.299	0.016
20.000	4.763	5.921	10.216	-65.114	0.016
20.000	4.767	5.934	10.230	-65.268	0.016
20.000	4.766	5.936	10.219	-65.214	0.016
20.000	4.755	5.930	10.227	-65.228	0.016
0.000	-0.013	-0.040	0.007	-86.356	-0.000
0.000	-0.006	-0.018	0.014	-86.149	-0.000
0.000	-0.011	-0.029	0.013	-86.072	-0.000
0.000	-0.021	-0.027	0.015	-86.268	-0.000
0.000	-0.009	-0.019	0.003	-86.814	-0.000
0.000	-0.010	-0.045	0.013	-86.660	-0.000
0.000	-0.006	-0.019	0.017	-86.529	-0.000
0.000	-0.009	-0.031	0.021	-87.518	-0.000
0.000	-0.014	-0.038	0.009	-85.975	-0.000
0.000	-0.006	-0.019	0.014	-86.702	-0.000
