%Time [s]	CH1 [°C]	CH2 [°C]	CH3 [°C]	CH4 [°C]	CH5 [°C]	CH6 [°C]	CH7 [°C]	CH8 [°C]		10/5/2023	12:16 PM
0.0		12.7		13.4		14.2		14.7		15.9		16.6		17.6		18.3
10.0		12.7		13.4		14.2		14.7		15.8		16.5		17.5		18.1
20.0		12.7		13.4		14.1		14.6		15.7		16.3		17.3		17.9
30.0		12.6		13.3		14.1		14.5		15.6		16.2		17.2		17.6
40.0		12.6		13.2		14.0		14.4		15.5		16.0		17.0		17.4
50.0		12.5		13.2		13.9		14.2		15.3		15.8		16.8		17.2
60.0		12.5		13.1		13.8		14.1		15.2		15.7		16.6		16.9
70.0		12.4		13.0		13.7		14.0		15.1		15.5		16.4		16.7
80.0		12.4		12.9		13.6		13.8		14.9		15.3		16.2		16.5
90.0		12.3		12.8		13.5		13.7		14.8		15.1		16.0		16.3
100.0		12.3		12.7		13.4		13.6		14.6		14.9		15.9		16.1
110.0		12.2		12.7		13.2		13.4		14.5		14.8		15.7		15.8
120.0		12.1		12.6		13.1		13.3		14.3		14.6		15.5		15.6
130.0		12.0		12.5		13.0		13.1		14.2		14.4		15.3		15.4
140.0		12.0		12.4		12.9		13.0		14.0		14.2		15.1		15.2
150.0		11.9		12.3		12.8		12.9		13.9		14.1		15.0		15.0
160.0		11.8		12.2		12.7		12.8		13.7		13.9		14.8		14.8
170.0		11.8		12.1		12.6		12.6		13.6		13.8		14.6		14.7
180.0		11.7		12.1		12.5		12.5		13.5		13.6		14.5		14.5
190.0		11.7		12.0		12.4		12.4		13.4		13.5		14.3		14.3
200.0		11.6		11.9		12.3		12.3		13.2		13.3		14.2		14.2
210.0		11.5		11.8		12.2		12.2		13.1		13.2		14.0		14.0
220.0		11.5		11.8		12.1		12.1		13.0		13.1		13.9		13.9
230.0		11.4		11.7		12.0		12.0		12.9		12.9		13.8		13.7
240.0		11.4		11.6		12.0		11.9		12.8		12.8		13.6		13.6
250.0		11.3		11.6		11.9		11.8		12.7		12.7		13.5		13.5
260.0		11.3		11.5		11.8		11.7		12.6		12.6		13.4		13.3
270.0		11.2		11.4		11.7		11.6		12.5		12.5		13.3		13.2
280.0		11.2		11.4		11.7		11.6		12.4		12.4		13.2		13.1
290.0		11.1		11.3		11.6		11.5		12.3		12.3		13.1		13.0
300.0		11.1		11.3		11.5		11.4		12.2		12.2		13.0		12.9
310.0		11.0		11.2		11.5		11.3		12.1		12.1		12.9		12.7
320.0		11.0		11.1		11.4		11.2		12.0		12.0		12.8		12.6
330.0		10.9		11.1		11.3		11.2		12.0		11.9		12.7		12.5
340.0		10.9		11.0		11.3		11.1		11.9		11.8		12.6		12.4
350.0		10.9		11.0		11.2		11.1		11.8		11.8		12.5		12.4
360.0		10.8		11.0		11.2		11.0		11.7		11.7		12.4		12.3
370.0		10.8		10.9		11.1		10.9		11.7		11.6		12.3		12.2
380.0		10.8		10.9		11.1		10.9		11.6		11.5		12.3		12.1
390.0		10.7		10.8		11.0		10.8		11.5		11.5		12.2		12.0
400.0		10.7		10.8		11.0		10.8		11.5		11.4		12.1		11.9
410.0		10.7		10.8		10.9		10.7		11.4		11.3		12.0		11.9
420.0		10.6		10.7		10.9		10.7		11.4		11.3		12.0		11.8
430.0		10.6		10.7		10.8		10.6		11.3		11.2		11.9		11.7
440.0		10.6		10.6		10.8		10.6		11.3		11.2		11.8		11.7
450.0		10.6		10.6		10.8		10.5		11.2		11.1		11.8		11.6
460.0		10.5		10.6		10.7		10.5		11.2		11.1		11.7		11.5
470.0		10.5		10.5		10.7		10.4		11.1		11.0		11.7		11.5
480.0		10.5		10.5		10.7		10.4		11.1		11.0		11.6		11.4
490.0		10.5		10.5		10.6		10.4		11.0		10.9		11.5		11.4
500.0		10.4		10.4		10.6		10.3		11.0		10.9		11.5		11.3
510.0		10.4		10.4		10.6		10.3		10.9		10.8		11.4		11.2
520.0		10.4		10.4		10.5		10.2		10.9		10.8		11.4		11.2
530.0		10.4		10.4		10.5		10.2		10.9		10.7		11.3		11.1
540.0		10.3		10.3		10.5		10.2		10.8		10.7		11.3		11.1
550.0		10.3		10.3		10.4		10.2		10.8		10.7		11.3		11.1
560.0		10.3		10.3		10.4		10.1		10.8		10.6		11.2		11.0
570.0		10.3		10.3		10.4		10.1		10.7		10.6		11.2		11.0
580.0		10.3		10.3		10.4		10.1		10.7		10.6		11.1		10.9
590.0		10.2		10.2		10.3		10.0		10.7		10.5		11.1		10.9
600.0		10.2		10.2		10.3		10.0		10.6		10.5		11.1		10.8
610.0		10.2		10.2		10.3		10.0		10.6		10.4		11.0		10.8
620.0		10.2		10.2		10.3		10.0		10.6		10.4		11.0		10.8
630.0		10.2		10.2		10.3		10.0		10.5		10.4		11.0		10.7
640.0		10.2		10.1		10.2		9.9			10.5		10.4		10.9		10.7
650.0		10.1		10.1		10.2		9.9			10.5		10.3		10.9		10.7
660.0		10.1		10.1		10.2		9.9			10.5		10.3		10.9		10.6
670.0		10.1		10.1		10.2		9.9			10.4		10.3		10.8		10.6
680.0		10.1		10.1		10.2		9.9			10.4		10.3		10.8		10.6
690.0		10.1		10.1		10.2		9.8			10.4		10.2		10.8		10.6
700.0		10.1		10.0		10.1		9.8			10.4		10.2		10.8		10.5
710.0		10.1		10.0		10.1		9.8			10.4		10.2		10.7		10.5
720.0		10.1		10.0		10.1		9.8			10.3		10.2		10.7		10.5
730.0		10.1		10.0		10.1		9.8			10.3		10.1		10.7		10.4
740.0		10.1		10.0		10.1		9.8			10.3		10.1		10.7		10.4
750.0		10.0		10.0		10.1		9.7			10.3		10.1		10.6		10.4
760.0		10.0		10.0		10.1		9.7			10.3		10.1		10.6		10.4
770.0		10.0		9.9			10.0		9.7			10.3		10.1		10.6		10.4
780.0		10.0		10.0		10.0		9.7			10.2		10.1		10.6		10.3
790.0		10.0		9.9			10.0		9.7			10.2		10.0		10.6		10.3
800.0		10.0		9.9			10.0		9.7			10.2		10.0		10.5		10.3
810.0		10.0		9.9			10.0		9.7			10.2		10.0		10.5		10.3
820.0		10.0		9.9			10.0		9.6			10.2		10.0		10.5		10.3
830.0		10.0		9.9			10.0		9.6			10.2		10.0		10.5		10.2
840.0		10.0		9.9			10.0		9.6			10.2		10.0		10.5		10.2
850.0		10.0		9.9			9.9			9.6			10.1		9.9			10.5		10.2
860.0		9.9			9.9			9.9			9.6			10.1		9.9			10.5		10.2
870.0		10.0		9.9			9.9			9.6			10.1		9.9			10.5		10.2
880.0		9.9			9.9			9.9			9.6			10.1		9.9			10.4		10.2
890.0		9.9			9.9			9.9			9.6			10.1		9.9			10.4		10.1
900.0		9.9			9.9			9.9			9.6			10.1		9.9			10.4		10.1
910.0		9.9			9.8			9.9			9.6			10.1		9.9			10.4		10.1
920.0		9.9			9.8			9.9			9.6			10.1		9.9			10.4		10.1
930.0		9.9			9.8			9.9			9.5			10.1		9.9			10.4		10.1
940.0		9.9			9.8			9.9			9.5			10.0		9.9			10.3		10.1
950.0		9.9			9.8			9.9			9.5			10.0		9.8			10.3		10.1
960.0		9.9			9.8			9.9			9.5			10.0		9.8			10.3		10.1
970.0		9.9			9.8			9.9			9.5			10.0		9.8			10.3		10.1
980.0		9.9			9.8			9.9			9.5			10.0		9.8			10.3		10.1
990.0		9.9			9.8			9.9			9.5			10.0		9.8			10.3		10.0
1000.0		9.9			9.8			9.9			9.5			10.0		9.8			10.3		10.0
1010.0		9.9			9.8			9.9			9.5			10.0		9.8			10.3		10.0
1020.0		9.9			9.8			9.8			9.5			10.0		9.8			10.3		10.0
1030.0		9.9			9.8			9.8			9.5			10.0		9.8			10.3		10.0
1040.0		9.9			9.8			9.8			9.5			10.0		9.8			10.3		10.0
1050.0		9.9			9.8			9.8			9.5			10.0		9.8			10.2		10.0
1060.0		9.8			9.8			9.8			9.4			9.9			9.8			10.2		10.0
1070.0		9.9			9.8			9.8			9.5			10.0		9.8			10.2		10.0
1080.0		9.9			9.8			9.8			9.5			9.9			9.8			10.2		10.0
1090.0		9.8			9.8			9.8			9.4			9.9			9.7			10.2		9.9
1100.0		9.8			9.8			9.8			9.4			9.9			9.7			10.2		9.9
1110.0		9.8			9.8			9.8			9.4			9.9			9.7			10.2		9.9
1120.0		9.8			9.7			9.8			9.4			9.9			9.7			10.2		9.9
1130.0		9.8			9.7			9.8			9.4			9.9			9.7			10.2		9.9
1140.0		9.8			9.7			9.8			9.4			9.9			9.7			10.2		9.9
1150.0		9.8			9.7			9.8			9.4			9.9			9.7			10.2		9.9
1160.0		9.8			9.7			9.8			9.4			9.9			9.7			10.2		9.9
1170.0		9.8			9.7			9.8			9.4			9.9			9.7			10.2		9.9
1180.0		9.8			9.7			9.8			9.4			9.9			9.7			10.2		9.9
1190.0		9.8			9.7			9.8			9.4			9.9			9.7			10.2		9.9
1200.0		9.8			9.7			9.8			9.4			9.9			9.7			10.1		9.9
1210.0		9.8			9.7			9.8			9.4			9.9			9.7			10.1		9.9
1220.0		9.8			9.7			9.8			9.4			9.9			9.7			10.1		9.9
1230.0		9.8			9.7			9.8			9.4			9.9			9.7			10.1		9.9
1240.0		9.8			9.7			9.8			9.4			9.9			9.7			10.1		9.8
1250.0		9.8			9.7			9.8			9.4			9.9			9.7			10.1		9.9
1260.0		9.8			9.7			9.7			9.4			9.9			9.7			10.1		9.8
1270.0		9.8			9.7			9.8			9.4			9.9			9.7			10.1		9.8
1280.0		9.8			9.7			9.8			9.4			9.9			9.6			10.1		9.8
1290.0		9.8			9.7			9.7			9.4			9.8			9.7			10.1		9.8
1300.0		9.8			9.7			9.7			9.4			9.9			9.7			10.1		9.8
1310.0		9.8			9.7			9.7			9.4			9.9			9.6			10.1		9.8
1320.0		9.8			9.7			9.7			9.4			9.8			9.6			10.1		9.8
1330.0		9.8			9.7			9.7			9.4			9.8			9.6			10.1		9.8
1340.0		9.8			9.7			9.7			9.4			9.8			9.6			10.1		9.8
1350.0		9.8			9.7			9.7			9.4			9.8			9.6			10.1		9.8
1360.0		9.8			9.7			9.7			9.4			9.8			9.6			10.1		9.8
1370.0		9.8			9.7			9.7			9.4			9.8			9.6			10.1		9.8
1380.0		9.8			9.7			9.7			9.4			9.8			9.6			10.1		9.8
1390.0		9.8			9.7			9.7			9.4			9.8			9.6			10.1		9.8
1400.0		9.8			9.7			9.7			9.4			9.8			9.6			10.1		9.8
1410.0		9.8			9.7			9.7			9.4			9.8			9.6			10.1		9.8
1420.0		9.8			9.7			9.7			9.4			9.8			9.6			10.1		9.8
1430.0		9.8			9.7			9.7			9.4			9.8			9.6			10.1		9.8
1440.0		9.8			9.7			9.7			9.3			9.8			9.6			10.1		9.8
1450.0		9.8			9.7			9.7			9.3			9.8			9.6			10.1		9.8
1460.0		9.8			9.7			9.7			9.4			9.8			9.6			10.1		9.8
1470.0		9.8			9.7			9.7			9.3			9.8			9.6			10.1		9.8
1480.0		9.8			9.7			9.7			9.4			9.8			9.6			10.1		9.8
1490.0		9.8			9.7			9.7			9.3			9.8			9.6			10.1		9.8
1500.0		9.8			9.7			9.7			9.4			9.8			9.6			10.1		9.8
1510.0		9.8			9.7			9.7			9.3			9.8			9.6			10.1		9.8
1520.0		9.8			9.7			9.7			9.4			9.8			9.6			10.1		9.8
1530.0		9.8			9.7			9.7			9.3			9.8			9.6			10.0		9.8
1540.0		9.8			9.7			9.7			9.4			9.8			9.6			10.1		9.8
1550.0		9.8			9.7			9.7			9.3			9.8			9.6			10.1		9.8
1560.0		9.8			9.7			9.7			9.3			9.8			9.6			10.0		9.8
1570.0		9.8			9.7			9.7			9.4			9.8			9.6			10.0		9.8
1580.0		9.8			9.7			9.7			9.3			9.8			9.6			10.0		9.8
1590.0		9.8			9.7			9.7			9.3			9.8			9.6			10.0		9.8
1600.0		9.8			9.7			9.7			9.3			9.8			9.6			10.0		9.8
1610.0		9.8			9.7			9.7			9.3			9.8			9.6			10.0		9.8
1620.0		9.8			9.7			9.7			9.3			9.8			9.6			10.0		9.8
1630.0		9.8			9.7			9.7			9.3			9.8			9.6			10.0		9.8
1640.0		9.8			9.7			9.7			9.3			9.8			9.6			10.0		9.7
1650.0		9.8			9.7			9.7			9.3			9.8			9.6			10.0		9.8
1660.0		9.8			9.7			9.7			9.3			9.8			9.6			10.0		9.8
1670.0		9.8			9.7			9.7			9.3			9.8			9.6			10.0		9.8
1680.0		9.8			9.7			9.7			9.3			9.8			9.6			10.0		9.8
1690.0		9.8			9.7			9.7			9.3			9.8			9.6			10.0		9.7
1700.0		9.8			9.7			9.7			9.3			9.8			9.6			10.0		9.7
1710.0		9.8			9.7			9.7			9.3			9.8			9.6			10.0		9.8
1720.0		9.8			9.7			9.7			9.3			9.8			9.6			10.0		9.8
1730.0		9.8			9.7			9.7			9.3			9.8			9.6			10.0		9.7
1740.0		9.8			9.7			9.7			9.3			9.8			9.6			10.0		9.7
1750.0		9.8			9.7			9.7			9.3			9.8			9.6			10.0		9.7
1760.0		9.8			9.7			9.7			9.3			9.8			9.6			10.0		9.7
1770.0		9.8			9.7			9.7			9.3			9.8			9.6			10.0		9.7
1780.0		9.8			9.7			9.7			9.3			9.8			9.6			10.0		9.8
1790.0		9.8			9.7			9.7			9.3			9.8			9.6			10.0		9.7
1800.0		9.8			9.7			9.7			9.3			9.8			9.6			10.0		9.7
1810.0		9.8			9.7			9.7			9.3			9.8			9.6			10.0		9.7
1820.0		9.8			9.7			9.7			9.3			9.8			9.6			10.0		9.7
1830.0		9.8			9.7			9.7			9.3			9.8			9.6			10.0		9.7
1840.0		9.8			9.7			9.7			9.3			9.8			9.6			10.0		9.7
1850.0		9.8			9.7			9.7			9.3			9.8			9.6			10.0		9.7
1860.0		9.8			9.7			9.7			9.3			9.8			9.6			10.0		9.7
1870.0		9.8			9.7			9.7			9.3			9.8			9.6			10.0		9.7
1880.0		9.8			9.7			9.7			9.4			9.8			9.6			10.0		9.7
1890.0		9.8			9.7			9.7			9.4			9.8			9.6			10.0		9.7
1900.0		9.8			9.7			9.7			9.3			9.8			9.6			10.0		9.7
1910.0		9.8			9.7			9.7			9.3			9.8			9.6			10.0		9.7
1920.0		9.8			9.7			9.7			9.3			9.8			9.6			10.0		9.7
1930.0		9.8			9.7			9.7			9.3			9.8			9.6			10.0		9.7
1940.0		9.8			9.7			9.7			9.3			9.8			9.6			10.0		9.7
1950.0		9.8			9.7			9.7			9.3			9.8			9.6			10.0		9.7
1960.0		9.8			9.7			9.7			9.3			9.8			9.6			10.0		9.7
1970.0		9.8			9.7			9.7			9.3			9.8			9.6			10.0		9.7
1980.0		9.8			9.7			9.7			9.3			9.8			9.6			10.0		9.7
1990.0		9.8			9.7			9.7			9.3			9.8			9.6			10.0		9.7
2000.0		9.8			9.7			9.7			9.3			9.8			9.6			10.0		9.7
2010.0		9.8			9.7			9.7			9.3			9.8			9.6			10.0		9.7
2020.0		9.8			9.7			9.7			9.3			9.8			9.6			10.0		9.7
2030.0		9.8			9.7			9.7			9.3			9.8			9.6			10.0		9.7
2040.0		9.8			9.7			9.7			9.3			9.8			9.6			10.0		9.7
2050.0		9.8			9.7			9.7			9.4			9.8			9.6			10.0		9.8
2060.0		9.8			9.7			9.7			9.4			9.8			9.7			10.1		10.0
2070.0		9.8			9.7			9.7			9.4			9.9			9.7			10.2		10.1
2080.0		9.8			9.7			9.7			9.5			9.9			9.8			10.3		10.3
2090.0		9.8			9.7			9.8			9.6			10.0		10.0		10.4		10.5
2100.0		9.8			9.8			9.9			9.7			10.1		10.1		10.6		10.7
2110.0		9.9			9.8			9.9			9.8			10.2		10.3		10.8		10.9
2120.0		9.9			9.9			10.0		9.9			10.3		10.5		10.9		11.2
2130.0		10.0		10.0		10.1		10.0		10.5		10.6		11.1		11.4
2140.0		10.0		10.0		10.2		10.2		10.6		10.8		11.3		11.6
2150.0		10.1		10.1		10.3		10.3		10.8		11.0		11.5		11.9
2160.0		10.1		10.2		10.4		10.4		10.9		11.2		11.7		12.1
2170.0		10.2		10.3		10.5		10.6		11.1		11.4		11.9		12.3
2180.0		10.3		10.4		10.7		10.7		11.2		11.5		12.1		12.5
2190.0		10.3		10.5		10.8		10.8		11.4		11.7		12.2		12.7
2200.0		10.4		10.6		10.9		11.0		11.5		11.9		12.4		13.0
2210.0		10.5		10.6		11.0		11.1		11.7		12.1		12.6		13.1
2220.0		10.5		10.7		11.1		11.2		11.8		12.2		12.8		13.3
2230.0		10.6		10.8		11.2		11.4		11.9		12.4		13.0		13.5
2240.0		10.7		10.9		11.3		11.5		12.1		12.5		13.1		13.7
2250.0		10.7		11.0		11.4		11.6		12.2		12.7		13.3		13.9
2260.0		10.8		11.1		11.5		11.7		12.3		12.8		13.4		14.1
2270.0		10.9		11.2		11.6		11.8		12.5		13.0		13.6		14.2
2280.0		10.9		11.2		11.7		11.9		12.6		13.1		13.7		14.4
2290.0		11.0		11.3		11.8		12.0		12.7		13.3		13.9		14.5
2300.0		11.0		11.4		11.9		12.1		12.8		13.4		14.0		14.7
2310.0		11.1		11.4		11.9		12.3		12.9		13.5		14.1		14.8
2320.0		11.1		11.5		12.0		12.3		13.0		13.6		14.3		15.0
2330.0		11.2		11.6		12.1		12.4		13.1		13.7		14.4		15.1
2340.0		11.2		11.7		12.2		12.5		13.2		13.8		14.5		15.2
2350.0		11.3		11.7		12.3		12.6		13.3		14.0		14.6		15.3
2360.0		11.4		11.8		12.3		12.7		13.4		14.1		14.7		15.4
2370.0		11.4		11.8		12.4		12.8		13.5		14.2		14.8		15.6
2380.0		11.5		11.9		12.5		12.9		13.6		14.3		14.9		15.7
2390.0		11.5		12.0		12.5		12.9		13.7		14.4		15.0		15.8
2400.0		11.5		12.0		12.6		13.0		13.8		14.4		15.1		15.9
2410.0		11.6		12.0		12.6		13.1		13.9		14.5		15.2		16.0
2420.0		11.6		12.1		12.7		13.1		13.9		14.6		15.3		16.1
2430.0		11.6		12.1		12.8		13.2		14.0		14.7		15.4		16.2
2440.0		11.7		12.2		12.8		13.2		14.0		14.7		15.5		16.2
2450.0		11.7		12.2		12.8		13.3		14.1		14.8		15.6		16.3
2460.0		11.8		12.3		12.9		13.4		14.2		14.9		15.6		16.4
2470.0		11.8		12.3		13.0		13.4		14.2		14.9		15.7		16.5
2480.0		11.8		12.4		13.0		13.5		14.3		15.0		15.8		16.6
2490.0		11.9		12.4		13.1		13.5		14.4		15.1		15.9		16.6
2500.0		11.9		12.4		13.1		13.6		14.4		15.1		15.9		16.7
2510.0		11.9		12.5		13.1		13.6		14.5		15.2		16.0		16.8
2520.0		11.9		12.5		13.2		13.7		14.5		15.3		16.0		16.9
2530.0		12.0		12.5		13.2		13.7		14.6		15.3		16.1		16.9
2540.0		12.0		12.6		13.2		13.7		14.6		15.3		16.1		17.0
2550.0		12.0		12.6		13.3		13.8		14.7		15.4		16.2		17.0
2560.0		12.0		12.6		13.3		13.8		14.7		15.5		16.3		17.1
2570.0		12.1		12.6		13.3		13.9		14.8		15.5		16.3		17.1
2580.0		12.1		12.7		13.4		13.9		14.8		15.5		16.4		17.2
2590.0		12.1		12.7		13.4		13.9		14.8		15.6		16.4		17.2
2600.0		12.1		12.7		13.4		14.0		14.9		15.6		16.5		17.3
2610.0		12.1		12.7		13.5		14.0		14.9		15.7		16.5		17.3
2620.0		12.2		12.8		13.5		14.0		14.9		15.7		16.5		17.4
2630.0		12.2		12.8		13.5		14.0		15.0		15.7		16.6		17.4
2640.0		12.2		12.8		13.5		14.1		15.0		15.8		16.6		17.5
2650.0		12.2		12.8		13.5		14.1		15.0		15.8		16.6		17.5
2660.0		12.2		12.9		13.6		14.1		15.1		15.8		16.7		17.6
2670.0		12.3		12.9		13.6		14.1		15.1		15.9		16.7		17.6
2680.0		12.3		12.9		13.6		14.2		15.1		15.9		16.8		17.6
2690.0		12.3		12.9		13.6		14.2		15.2		15.9		16.8		17.7
2700.0		12.3		12.9		13.7		14.2		15.2		16.0		16.8		17.7
2710.0		12.3		13.0		13.7		14.2		15.2		16.0		16.9		17.7
2720.0		12.3		13.0		13.7		14.3		15.2		16.0		16.9		17.8
2730.0		12.3		13.0		13.7		14.3		15.3		16.0		16.9		17.8
2740.0		12.4		13.0		13.7		14.3		15.3		16.1		16.9		17.8
2750.0		12.4		13.0		13.8		14.3		15.3		16.1		17.0		17.8
2760.0		12.4		13.0		13.8		14.3		15.3		16.1		17.0		17.9
2770.0		12.4		13.0		13.8		14.4		15.4		16.1		17.0		17.9
2780.0		12.4		13.1		13.8		14.4		15.4		16.2		17.0		17.9
2790.0		12.4		13.1		13.8		14.4		15.4		16.2		17.1		18.0
2800.0		12.4		13.1		13.8		14.4		15.4		16.2		17.1		18.0
2810.0		12.4		13.1		13.8		14.4		15.4		16.2		17.1		18.0
2820.0		12.4		13.1		13.9		14.4		15.4		16.2		17.1		18.0
2830.0		12.5		13.1		13.9		14.5		15.5		16.3		17.2		18.0
2840.0		12.5		13.1		13.9		14.5		15.5		16.3		17.2		18.1
2850.0		12.5		13.1		13.9		14.5		15.5		16.3		17.2		18.1
2860.0		12.5		13.1		13.9		14.5		15.5		16.3		17.2		18.1
2870.0		12.5		13.2		13.9		14.5		15.5		16.3		17.2		18.1
2880.0		12.5		13.2		13.9		14.5		15.5		16.3		17.3		18.1
2890.0		12.5		13.2		13.9		14.5		15.6		16.4		17.3		18.2
2900.0		12.5		13.2		14.0		14.5		15.6		16.4		17.3		18.2
2910.0		12.5		13.2		14.0		14.6		15.6		16.4		17.3		18.2
2920.0		12.5		13.2		14.0		14.6		15.6		16.4		17.3		18.2
2930.0		12.5		13.2		14.0		14.6		15.6		16.4		17.3		18.2
2940.0		12.5		13.2		14.0		14.6		15.6		16.4		17.4		18.2
2950.0		12.5		13.2		14.0		14.6		15.6		16.4		17.4		18.2
2960.0		12.6		13.2		14.0		14.6		15.6		16.5		17.4		18.3
2970.0		12.6		13.2		14.0		14.6		15.7		16.4		17.4		18.3
2980.0		12.6		13.2		14.0		14.6		15.7		16.5		17.4		18.3
2990.0		12.6		13.2		14.0		14.6		15.7		16.5		17.4		18.3
3000.0		12.6		13.3		14.0		14.6		15.7		16.5		17.4		18.3
3010.0		12.6		13.3		14.0		14.6		15.7		16.5		17.4		18.3
3020.0		12.6		13.3		14.1		14.7		15.7		16.5		17.5		18.3
3030.0		12.6		13.3		14.1		14.6		15.7		16.5		17.5		18.3
3040.0		12.6		13.3		14.1		14.7		15.7		16.5		17.5		18.4
3050.0		12.6		13.3		14.1		14.7		15.7		16.5		17.5		18.4
3060.0		12.6		13.3		14.1		14.7		15.7		16.5		17.5		18.4
3070.0		12.6		13.3		14.1		14.7		15.7		16.5		17.5		18.4
3080.0		12.6		13.3		14.1		14.7		15.8		16.6		17.5		18.4
3090.0		12.6		13.3		14.1		14.7		15.8		16.6		17.5		18.4
3100.0		12.6		13.3		14.1		14.7		15.8		16.6		17.5		18.4
3110.0		12.6		13.3		14.1		14.7		15.8		16.6		17.5		18.4
3120.0		12.6		13.3		14.1		14.7		15.8		16.6		17.5		18.4
3130.0		12.6		13.3		14.1		14.7		15.8		16.6		17.5		18.4
3140.0		12.6		13.3		14.1		14.7		15.8		16.6		17.6		18.4
3150.0		12.6		13.3		14.1		14.7		15.8		16.6		17.6		18.5
3160.0		12.6		13.3		14.1		14.7		15.8		16.6		17.6		18.5
3170.0		12.6		13.3		14.1		14.7		15.8		16.6		17.6		18.5
3180.0		12.6		13.3		14.1		14.7		15.8		16.6		17.6		18.5
3190.0		12.6		13.3		14.1		14.7		15.8		16.6		17.6		18.5
3200.0		12.7		13.3		14.1		14.7		15.8		16.6		17.6		18.5
3210.0		12.7		13.3		14.1		14.7		15.8		16.6		17.6		18.5
3220.0		12.7		13.4		14.2		14.8		15.8		16.6		17.6		18.5
3230.0		12.7		13.4		14.1		14.8		15.8		16.6		17.6		18.5
3240.0		12.7		13.3		14.2		14.8		15.8		16.6		17.6		18.5
3250.0		12.7		13.4		14.1		14.8		15.8		16.7		17.6		18.5
3260.0		12.7		13.4		14.2		14.8		15.8		16.7		17.6		18.5
3270.0		12.7		13.4		14.2		14.8		15.9		16.7		17.6		18.5
3280.0		12.7		13.4		14.2		14.8		15.8		16.7		17.6		18.5
3290.0		12.7		13.4		14.2		14.8		15.8		16.7		17.6		18.5
3300.0		12.7		13.4		14.2		14.8		15.9		16.7		17.7		18.6
3310.0		12.7		13.4		14.2		14.8		15.9		16.7		17.7		18.6
3320.0		12.7		13.4		14.2		14.8		15.9		16.7		17.7		18.6
3330.0		12.7		13.4		14.2		14.8		15.9		16.7		17.7		18.6
3340.0		12.7		13.4		14.2		14.8		15.9		16.7		17.7		18.6
3350.0		12.7		13.4		14.2		14.8		15.9		16.7		17.7		18.6
3360.0		12.7		13.4		14.2		14.8		15.9		16.7		17.7		18.6
3370.0		12.7		13.4		14.2		14.8		15.9		16.7		17.7		18.6
3380.0		12.7		13.4		14.2		14.8		15.9		16.7		17.7		18.6
3390.0		12.7		13.4		14.2		14.8		15.9		16.7		17.7		18.6
3400.0		12.7		13.4		14.2		14.8		15.9		16.7		17.7		18.6
3410.0		12.7		13.4		14.2		14.8		15.9		16.7		17.7		18.6
3420.0		12.7		13.4		14.2		14.8		15.9		16.7		17.7		18.6
3430.0		12.7		13.4		14.2		14.8		15.9		16.7		17.7		18.6
3440.0		12.7		13.4		14.2		14.8		15.9		16.7		17.7		18.6
3450.0		12.7		13.4		14.2		14.8		15.9		16.7		17.7		18.6
3460.0		12.7		13.4		14.2		14.8		15.9		16.7		17.7		18.6
3470.0		12.7		13.4		14.2		14.8		15.9		16.7		17.7		18.6
3480.0		12.7		13.4		14.2		14.8		15.9		16.7		17.7		18.6
3490.0		12.7		13.4		14.2		14.8		15.9		16.7		17.7		18.6
3500.0		12.7		13.4		14.2		14.8		15.9		16.7		17.7		18.6
3510.0		12.7		13.4		14.2		14.8		15.9		16.7		17.7		18.6
3520.0		12.7		13.4		14.2		14.8		15.9		16.7		17.7		18.6
3530.0		12.7		13.4		14.2		14.8		15.9		16.7		17.7		18.6
3540.0		12.7		13.4		14.2		14.8		15.9		16.7		17.7		18.6
3550.0		12.7		13.4		14.2		14.8		15.9		16.7		17.7		18.6
3560.0		12.7		13.4		14.2		14.8		15.9		16.7		17.7		18.6
3570.0		12.7		13.4		14.2		14.8		15.9		16.7		17.7		18.6
3580.0		12.7		13.4		14.2		14.8		15.9		16.7		17.7		18.6
3590.0		12.7		13.4		14.2		14.8		15.9		16.7		17.7		18.6
3600.0		12.7		13.4		14.2		14.8		15.9		16.7		17.7		18.6
3610.0		12.7		13.4		14.2		14.8		15.9		16.7		17.7		18.6
3620.0		12.7		13.4		14.2		14.8		15.9		16.7		17.7		18.6
3630.0		12.7		13.4		14.2		14.8		15.9		16.7		17.7		18.6
3640.0		12.7		13.4		14.2		14.8		15.9		16.7		17.7		18.6
3650.0		12.7		13.4		14.2		14.8		15.9		16.7		17.8		18.7
3660.0		12.7		13.4		14.2		14.8		15.9		16.7		17.7		18.7
3670.0		12.7		13.4		14.2		14.8		15.9		16.7		17.8		18.7
3680.0		12.7		13.4		14.2		14.8		15.9		16.8		17.8		18.7
3690.0		12.7		13.4		14.2		14.8		15.9		16.7		17.7		18.7
3700.0		12.7		13.4		14.2		14.8		15.9		16.7		17.8		18.7
3710.0		12.7		13.4		14.2		14.8		15.9		16.7		17.7		18.7
3720.0		12.7		13.4		14.2		14.8		15.9		16.7		17.8		18.7
3730.0		12.7		13.4		14.2		14.8		15.9		16.8		17.8		18.7
3740.0		12.7		13.4		14.2		14.8		15.9		16.7		17.8		18.7
3750.0		12.7		13.4		14.2		14.8		15.9		16.8		17.8		18.7
3760.0		12.7		13.4		14.2		14.8		15.9		16.7		17.8		18.7
3770.0		12.7		13.4		14.2		14.8		15.9		16.7		17.8		18.7
3780.0		12.7		13.4		14.2		14.8		15.9		16.7		17.8		18.7
3790.0		12.7		13.4		14.2		14.8		15.9		16.8		17.8		18.7
3800.0		12.7		13.4		14.2		14.8		15.9		16.7		17.8		18.7
3810.0		12.7		13.4		14.2		14.8		15.9		16.8		17.7		18.7
3820.0		12.7		13.4		14.2		14.8		15.9		16.7		17.8		18.7
3830.0		12.7		13.4		14.2		14.8		15.9		16.8		17.8		18.7
3840.0		12.7		13.4		14.2		14.8		15.9		16.7		17.8		18.7
3850.0		12.7		13.4		14.2		14.8		15.9		16.8		17.8		18.7
3860.0		12.7		13.4		14.2		14.8		15.9		16.8		17.8		18.7
3870.0		12.7		13.4		14.2		14.8		15.9		16.8		17.8		18.7
3880.0		12.7		13.4		14.2		14.8		15.9		16.7		17.8		18.7
3890.0		12.7		13.4		14.2		14.8		15.9		16.7		17.8		18.7
3900.0		12.7		13.4		14.2		14.8		15.9		16.8		17.8		18.7
3910.0		12.7		13.4		14.2		14.8		15.9		16.8		17.8		18.7
3920.0		12.7		13.4		14.2		14.8		15.9		16.8		17.8		18.7
3930.0		12.7		13.4		14.2		14.8		15.9		16.8		17.8		18.7
3940.0		12.7		13.4		14.2		14.8		15.9		16.8		17.8		18.7
3950.0		12.7		13.4		14.2		14.8		15.9		16.8		17.8		18.7
3960.0		12.7		13.4		14.2		14.8		15.9		16.8		17.8		18.7
3970.0		12.7		13.4		14.2		14.8		15.9		16.8		17.8		18.7
3980.0		12.7		13.4		14.2		14.8		15.9		16.8		17.8		18.7
3990.0		12.7		13.4		14.2		14.8		15.9		16.7		17.8		18.7
4000.0		12.7		13.4		14.2		14.8		15.9		16.7		17.8		18.7
4010.0		12.7		13.4		14.2		14.8		15.9		16.8		17.8		18.7
4020.0		12.7		13.4		14.2		14.8		15.9		16.8		17.8		18.7
4030.0		12.7		13.4		14.2		14.8		15.9		16.8		17.8		18.7
4040.0		12.7		13.4		14.2		14.8		15.9		16.7		17.8		18.7
4050.0		12.7		13.4		14.2		14.8		15.9		16.8		17.8		18.7
4060.0		12.7		13.4		14.2		14.8		15.9		16.8		17.8		18.7
4070.0		12.7		13.4		14.2		14.8		15.9		16.7		17.8		18.7
4080.0		12.7		13.4		14.2		14.8		15.9		16.8		17.8		18.7
4090.0		12.7		13.4		14.2		14.8		15.9		16.7		17.8		18.7
4100.0		12.7		13.4		14.2		14.8		15.9		16.8		17.8		18.7
4110.0		12.7		13.4		14.2		14.8		15.9		16.8		17.8		18.7
4120.0		12.7		13.4		14.2		14.8		15.9		16.7		17.8		18.7
4130.0		12.7		13.4		14.2		14.8		15.9		16.7		17.8		18.7
4140.0		12.7		13.4		14.2		14.8		15.9		16.8		17.8		18.7
4150.0		12.7		13.4		14.2		14.8		15.9		16.8		17.8		18.7
4160.0		12.7		13.4		14.2		14.8		15.9		16.8		17.8		18.7
4170.0		12.7		13.4		14.2		14.8		15.9		16.8		17.8		18.7
4180.0		12.7		13.4		14.2		14.8		15.9		16.8		17.8		18.7
4190.0		12.7		13.4		14.2		14.8		15.9		16.8		17.8		18.7
4200.0		12.7		13.4		14.2		14.8		15.9		16.7		17.8		18.7
4210.0		12.7		13.4		14.2		14.8		15.9		16.7		17.8		18.7
4220.0		12.7		13.4		14.2		14.8		15.9		16.8		17.8		18.7
4230.0		12.7		13.4		14.2		14.8		15.9		16.8		17.8		18.7
4240.0		12.7		13.4		14.2		14.8		15.9		16.8		17.8		18.7
4250.0		12.7		13.4		14.2		14.8		15.9		16.8		17.8		18.7
4260.0		12.7		13.4		14.2		14.8		15.9		16.8		17.8		18.7
4270.0		12.7		13.4		14.2		14.8		15.9		16.8		17.8		18.7
4280.0		12.7		13.4		14.2		14.8		15.9		16.8		17.8		18.7
4290.0		12.7		13.4		14.2		14.8		15.9		16.7		17.8		18.7
4300.0		12.7		13.4		14.2		14.8		15.9		16.7		17.8		18.7
4310.0		12.7		13.4		14.2		14.8		15.9		16.7		17.8		18.7
4320.0		12.7		13.4		14.2		14.8		15.9		16.8		17.8		18.7
4330.0		12.7		13.4		14.2		14.8		15.9		16.7		17.8		18.7
4340.0		12.7		13.4		14.2		14.8		15.9		16.8		17.8		18.7
4350.0		12.7		13.4		14.2		14.8		15.9		16.7		17.8		18.7
4360.0		12.7		13.4		14.2		14.8		15.9		16.7		17.8		18.7
4370.0		12.7		13.4		14.2		14.8		15.9		16.7		17.8		18.7
4380.0		12.7		13.4		14.2		14.8		15.9		16.7		17.8		18.7
4390.0		12.7		13.4		14.2		14.8		15.9		16.8		17.8		18.7
4400.0		12.7		13.4		14.2		14.8		15.9		16.7		17.8		18.7
4410.0		12.7		13.4		14.2		14.8		15.9		16.7		17.8		18.7
4420.0		12.7		13.4		14.2		14.8		15.9		16.7		17.8		18.7
4430.0		12.7		13.4		14.2		14.8		15.9		16.7		17.8		18.7
4440.0		12.7		13.4		14.2		14.8		15.9		16.7		17.8		18.7
4450.0		12.7		13.4		14.2		14.8		15.9		16.7		17.8		18.7
4460.0		12.7		13.4		14.2		14.8		15.9		16.7		17.8		18.7
4470.0		12.7		13.4		14.2		14.8		15.9		16.7		17.8		18.7
4480.0		12.7		13.4		14.2		14.8		15.9		16.7		17.8		18.7
4490.0		12.7		13.4		14.2		14.8		15.9		16.7		17.8		18.7
4500.0		12.6		13.4		14.2		14.8		15.9		16.7		17.7		18.7
4510.0		12.6		13.4		14.2		14.8		15.9		16.7		17.8		18.7
4520.0		12.7		13.4		14.2		14.8		15.9		16.7		17.8		18.7
4530.0		12.6		13.4		14.2		14.8		15.9		16.7		17.7		18.7
4540.0		12.7		13.4		14.2		14.8		15.9		16.7		17.8		18.7
4550.0		12.7		13.4		14.2		14.8		15.9		16.7		17.8		18.7
4560.0		12.7		13.4		14.2		14.8		15.9		16.7		17.8		18.7
4570.0		12.6		13.4		14.2		14.8		15.9		16.7		17.8		18.7
4580.0		12.7		13.4		14.2		14.8		15.9		16.7		17.8		18.7
4590.0		12.6		13.4		14.2		14.8		15.9		16.7		17.8		18.7
4600.0		12.7		13.4		14.2		14.8		15.9		16.7		17.8		18.7
4610.0		12.6		13.3		14.2		14.8		15.9		16.7		17.7		18.6
4620.0		12.6		13.4		14.2		14.8		15.9		16.7		17.7		18.7
4630.0		12.6		13.4		14.2		14.8		15.9		16.7		17.7		18.7
4640.0		12.6		13.4		14.2		14.8		15.9		16.7		17.7		18.7
4650.0		12.6		13.4		14.2		14.8		15.9		16.7		17.7		18.7
4660.0		12.6		13.4		14.2		14.8		15.9		16.7		17.7		18.7
4670.0		12.6		13.4		14.2		14.8		15.9		16.7		17.8		18.7
4680.0		12.6		13.4		14.2		14.8		15.9		16.7		17.7		18.7
4690.0		12.6		13.4		14.2		14.8		15.9		16.7		17.7		18.7
4700.0		12.6		13.4		14.2		14.8		15.9		16.7		17.8		18.7
4710.0		12.6		13.4		14.2		14.8		15.9		16.7		17.8		18.7
4720.0		12.6		13.4		14.2		14.8		15.9		16.7		17.7		18.7
4730.0		12.6		13.4		14.2		14.8		15.9		16.7		17.7		18.7
4740.0		12.6		13.3		14.2		14.8		15.9		16.7		17.7		18.6
4750.0		12.6		13.3		14.2		14.8		15.9		16.7		17.7		18.6
4760.0		12.6		13.4		14.2		14.8		15.9		16.7		17.7		18.7
4770.0		12.6		13.4		14.2		14.8		15.9		16.7		17.8		18.7
4780.0		12.6		13.4		14.2		14.8		15.9		16.7		17.7		18.7
4790.0		12.6		13.4		14.2		14.8		15.9		16.7		17.7		18.7
4800.0		12.6		13.4		14.2		14.8		15.9		16.7		17.7		18.6
4810.0		12.6		13.3		14.2		14.8		15.9		16.7		17.7		18.6
4820.0		12.6		13.3		14.2		14.8		15.9		16.7		17.7		18.7
4830.0		12.6		13.4		14.2		14.8		15.9		16.7		17.7		18.6
4840.0		12.6		13.3		14.2		14.8		15.9		16.7		17.7		18.7
4850.0		12.6		13.4		14.2		14.8		15.9		16.7		17.7		18.7
4860.0		12.6		13.4		14.2		14.8		15.9		16.7		17.7		18.7
4870.0		12.6		13.3		14.2		14.8		15.9		16.7		17.7		18.6
4880.0		12.6		13.3		14.2		14.8		15.9		16.7		17.7		18.6
4890.0		12.6		13.3		14.2		14.8		15.9		16.7		17.7		18.7
4900.0		12.6		13.3		14.2		14.8		15.9		16.7		17.7		18.7
4910.0		12.6		13.3		14.2		14.8		15.9		16.7		17.7		18.7
4920.0		12.6		13.3		14.2		14.8		15.9		16.7		17.7		18.7
4930.0		12.6		13.3		14.2		14.8		15.9		16.7		17.7		18.7
4940.0		12.6		13.3		14.2		14.8		15.9		16.7		17.7		18.6
4950.0		12.6		13.3		14.2		14.8		15.9		16.7		17.7		18.6
4960.0		12.6		13.3		14.2		14.8		15.9		16.7		17.7		18.7
4970.0		12.6		13.4		14.2		14.8		15.9		16.7		17.8		18.7
4980.0		12.6		13.3		14.2		14.8		15.9		16.7		17.7		18.7
4990.0		12.6		13.4		14.2		14.8		15.9		16.7		17.7		18.7
5000.0		12.6		13.3		14.2		14.8		15.9		16.7		17.7		18.6
5010.0		12.6		13.3		14.2		14.8		15.9		16.7		17.7		18.6
5020.0		12.6		13.3		14.2		14.8		15.9		16.7		17.7		18.7
5030.0		12.6		13.3		14.2		14.8		15.9		16.7		17.7		18.6
5040.0		12.6		13.4		14.2		14.8		15.9		16.7		17.7		18.7
5050.0		12.6		13.4		14.2		14.8		15.9		16.7		17.7		18.7
5060.0		12.6		13.3		14.2		14.8		15.9		16.7		17.7		18.6
5070.0		12.6		13.3		14.2		14.8		15.9		16.7		17.7		18.6
5080.0		12.6		13.3		14.2		14.8		15.9		16.7		17.7		18.6
5090.0		12.6		13.3		14.2		14.8		15.9		16.7		17.7		18.6
5100.0		12.6		13.3		14.2		14.8		15.9		16.7		17.7		18.7
5110.0		12.6		13.3		14.2		14.8		15.9		16.7		17.7		18.7
5120.0		12.6		13.3		14.2		14.8		15.9		16.7		17.7		18.6
5130.0		12.6		13.4		14.2		14.8		15.9		16.7		17.7		18.7
5140.0		12.6		13.3		14.2		14.8		15.9		16.7		17.7		18.6
5150.0		12.6		13.3		14.2		14.8		15.9		16.7		17.7		18.6
5160.0		12.6		13.3		14.2		14.8		15.9		16.7		17.7		18.6
5170.0		12.6		13.4		14.2		14.8		15.9		16.7		17.7		18.7
5180.0		12.6		13.3		14.2		14.8		15.9		16.7		17.7		18.6
5190.0		12.6		13.3		14.2		14.8		15.9		16.7		17.7		18.6
5200.0		12.6		13.3		14.2		14.8		15.9		16.7		17.7		18.6
5210.0		12.6		13.3		14.2		14.8		15.9		16.7		17.7		18.7
5220.0		12.6		13.3		14.2		14.8		15.9		16.7		17.7		18.6
5230.0		12.6		13.3		14.2		14.8		15.9		16.7		17.7		18.7
5240.0		12.6		13.3		14.2		14.8		15.9		16.7		17.7		18.6
5250.0		12.6		13.3		14.2		14.8		15.9		16.7		17.7		18.6
5260.0		12.6		13.3		14.2		14.8		15.9		16.7		17.7		18.6
5270.0		12.6		13.3		14.2		14.8		15.9		16.7		17.7		18.7
5280.0		12.6		13.3		14.2		14.7		15.9		16.7		17.7		18.6
5290.0		12.6		13.3		14.2		14.8		15.9		16.7		17.7		18.6
5300.0		12.6		13.3		14.2		14.8		15.9		16.7		17.7		18.6
5310.0		12.6		13.3		14.2		14.8		15.9		16.7		17.7		18.6
5320.0		12.6		13.3		14.2		14.8		15.9		16.7		17.7		18.6
5330.0		12.6		13.3		14.2		14.8		15.9		16.7		17.7		18.6
5340.0		12.6		13.3		14.2		14.8		15.9		16.7		17.7		18.6
5350.0		12.6		13.3		14.2		14.8		15.9		16.7		17.7		18.6
5360.0		12.6		13.3		14.2		14.8		15.9		16.7		17.7		18.6
5370.0		12.6		13.3		14.2		14.8		15.9		16.7		17.7		18.6
5380.0		12.6		13.3		14.2		14.8		15.9		16.7		17.7		18.7
5390.0		12.6		13.3		14.2		14.8		15.9		16.7		17.7		18.6
5400.0		12.6		13.3		14.2		14.8		15.9		16.7		17.7		18.6
5410.0		12.6		13.3		14.2		14.8		15.9		16.7		17.7		18.6
5420.0		12.6		13.3		14.2		14.8		15.9		16.7		17.7		18.6
5430.0		12.6		13.3		14.2		14.8		15.9		16.7		17.7		18.6
5440.0		12.6		13.3		14.2		14.7		15.9		16.7		17.7		18.6
5450.0		12.6		13.3		14.2		14.8		15.9		16.7		17.7		18.6
5460.0		12.6		13.3		14.2		14.8		15.9		16.7		17.7		18.7
5470.0		12.6		13.3		14.2		14.8		15.9		16.7		17.7		18.6
5480.0		12.6		13.3		14.2		14.8		15.9		16.7		17.7		18.6
5490.0		12.6		13.3		14.2		14.8		15.9		16.7		17.7		18.6
5500.0		12.6		13.3		14.2		14.8		15.9		16.7		17.7		18.6
5510.0		12.6		13.3		14.2		14.8		15.9		16.7		17.7		18.7
5520.0		12.6		13.3		14.2		14.8		15.9		16.7		17.7		18.6
5530.0		12.6		13.3		14.2		14.8		15.9		16.7		17.7		18.6
5540.0		12.6		13.3		14.2		14.8		15.9		16.7		17.7		18.6
5550.0		12.6		13.3		14.2		14.8		15.9		16.7		17.7		18.6
5560.0		12.6		13.3		14.2		14.8		15.9		16.7		17.7		18.6
5570.0		12.6		13.3		14.2		14.8		15.9		16.7		17.7		18.6
5580.0		12.6		13.3		14.2		14.8		15.9		16.7		17.7		18.6
5590.0		12.6		13.3		14.2		14.8		15.9		16.7		17.7		18.6
5600.0		12.6		13.3		14.2		14.8		15.9		16.7		17.7		18.6
5610.0		12.6		13.3		14.2		14.8		15.9		16.7		17.7		18.7
5620.0		12.6		13.3		14.2		14.8		15.9		16.7		17.7		18.6
5630.0		12.6		13.3		14.2		14.8		15.9		16.7		17.7		18.6
5640.0		12.6		13.3		14.2		14.8		15.9		16.7		17.7		18.6
5650.0		12.6		13.3		14.2		14.8		15.9		16.7		17.7		18.6
5660.0		12.6		13.3		14.2		14.8		15.9		16.7		17.7		18.7
5670.0		12.6		13.3		14.2		14.8		15.9		16.7		17.7		18.7
5680.0		12.6		13.3		14.2		14.8		15.9		16.7		17.7		18.7
5690.0		12.6		13.3		14.2		14.8		15.9		16.7		17.7		18.6
5700.0		12.6		13.3		14.2		14.8		15.9		16.7		17.7		18.7
5710.0		12.6		13.3		14.2		14.8		15.9		16.7		17.7		18.7
5720.0		12.6		13.3		14.2		14.8		15.9		16.7		17.7		18.7
5730.0		12.6		13.3		14.2		14.8		15.9		16.7		17.7		18.7
5740.0		12.6		13.3		14.2		14.8		15.9		16.7		17.7		18.6
5750.0		12.6		13.3		14.2		14.8		15.9		16.7		17.7		18.6
5760.0		12.6		13.3		14.2		14.8		15.9		16.7		17.7		18.6
5770.0		12.6		13.3		14.2		14.8		15.9		16.7		17.7		18.7
5780.0		12.6		13.3		14.2		14.8		15.9		16.7		17.7		18.7
5790.0		12.6		13.4		14.2		14.8		15.9		16.7		17.7		18.7
5800.0		12.6		13.3		14.2		14.8		15.9		16.7		17.7		18.7
5810.0		12.6		13.3		14.2		14.8		15.9		16.7		17.7		18.7
5820.0		12.6		13.3		14.2		14.8		15.9		16.7		17.7		18.7
5830.0		12.6		13.3		14.2		14.8		15.9		16.7		17.7		18.6
5840.0		12.6		13.3		14.2		14.8		15.9		16.7		17.7		18.6
5850.0		12.6		13.3		14.2		14.8		15.9		16.7		17.7		18.6
5860.0		12.6		13.3		14.2		14.8		15.9		16.7		17.7		18.6
5870.0		12.6		13.3		14.2		14.8		15.9		16.7		17.7		18.7
5880.0		12.6		13.3		14.2		14.8		15.9		16.7		17.7		18.7
5890.0		12.6		13.3		14.2		14.8		15.9		16.7		17.7		18.7
5900.0		12.6		13.3		14.2		14.8		15.9		16.7		17.7		18.7
5910.0		12.6		13.3		14.2		14.8		15.9		16.7		17.7		18.6
5920.0		12.6		13.3		14.2		14.8		15.9		16.7		17.7		18.6
5930.0		12.6		13.3		14.2		14.8		15.9		16.7		17.7		18.7
5940.0		12.6		13.3		14.2		14.8		15.9		16.7		17.7		18.7
5950.0		12.6		13.3		14.2		14.8		15.9		16.7		17.7		18.6
5960.0		12.6		13.4		14.2		14.8		15.9		16.7		17.7		18.7
5970.0		12.6		13.3		14.2		14.8		15.9		16.7		17.7		18.7
5980.0		12.6		13.3		14.2		14.8		15.9		16.7		17.7		18.7
5990.0		12.6		13.4		14.2		14.8		15.9		16.7		17.7		18.7
6000.0		12.6		13.4		14.2		14.8		15.9		16.7		17.8		18.7
6010.0		12.6		13.4		14.2		14.8		15.9		16.7		17.7		18.7
6020.0		12.6		13.4		14.2		14.8		15.9		16.7		17.8		18.7
6030.0		12.6		13.4		14.2		14.8		15.9		16.7		17.7		18.7
6040.0		12.6		13.4		14.2		14.8		15.9		16.7		17.8		18.7
6050.0		12.6		13.4		14.2		14.8		15.9		16.7		17.8		18.7
6060.0		12.6		13.4		14.2		14.8		15.9		16.7		17.8		18.7
6070.0		12.6		13.4		14.2		14.8		15.9		16.7		17.8		18.7
6080.0		12.6		13.4		14.2		14.8		15.9		16.7		17.8		18.7
6090.0		12.6		13.4		14.2		14.8		15.9		16.7		17.8		18.7
6100.0		12.6		13.4		14.2		14.8		15.9		16.7		17.7		18.7
6110.0		12.6		13.4		14.2		14.8		15.9		16.7		17.7		18.7
6120.0		12.6		13.4		14.2		14.8		15.9		16.7		17.8		18.7
6130.0		12.6		13.4		14.2		14.8		15.9		16.7		17.8		18.7
6140.0		12.6		13.4		14.2		14.8		15.9		16.7		17.8		18.7
6150.0		12.6		13.4		14.2		14.8		15.9		16.7		17.8		18.7
6160.0		12.6		13.4		14.2		14.8		15.9		16.7		17.8		18.7
6170.0		12.6		13.4		14.2		14.8		15.9		16.7		17.8		18.7
6180.0		12.6		13.4		14.2		14.8		15.9		16.7		17.8		18.7
6190.0		12.6		13.4		14.2		14.8		15.9		16.7		17.8		18.7
6200.0		12.6		13.4		14.2		14.8		15.9		16.7		17.8		18.7
6210.0		12.6		13.4		14.2		14.8		15.9		16.7		17.8		18.7
6220.0		12.6		13.4		14.2		14.8		15.9		16.7		17.8		18.7
6230.0		12.6		13.4		14.2		14.8		15.9		16.7		17.8		18.7
6240.0		12.6		13.4		14.2		14.8		15.9		16.7		17.8		18.7
6250.0		12.6		13.4		14.2		14.8		15.9		16.7		17.8		18.7
6260.0		12.6		13.4		14.2		14.8		15.9		16.7		17.8		18.7
6270.0		12.7		13.4		14.2		14.8		15.9		16.7		17.8		18.7
6280.0		12.7		13.4		14.2		14.8		15.9		16.7		17.8		18.7
6290.0		12.6		13.4		14.2		14.8		15.9		16.7		17.8		18.7
6300.0		12.6		13.4		14.2		14.8		15.9		16.7		17.8		18.7
6310.0		12.6		13.4		14.2		14.8		15.9		16.7		17.8		18.7
6320.0		12.6		13.4		14.2		14.8		15.9		16.7		17.8		18.7
6330.0		12.6		13.4		14.2		14.8		15.9		16.7		17.8		18.7
6340.0		12.6		13.4		14.2		14.8		15.9		16.7		17.8		18.7
6350.0		12.7		13.4		14.2		14.8		15.9		16.7		17.8		18.7
6360.0		12.7		13.4		14.2		14.8		15.9		16.7		17.8		18.7
6370.0		12.6		13.4		14.2		14.8		15.9		16.7		17.8		18.7
6380.0		12.7		13.4		14.2		14.8		15.9		16.7		17.8		18.7
6390.0		12.7		13.4		14.2		14.8		15.9		16.7		17.8		18.7
6400.0		12.7		13.4		14.2		14.8		15.9		16.8		17.8		18.7
6410.0		12.6		13.4		14.2		14.8		15.9		16.7		17.8		18.7
6420.0		12.7		13.4		14.2		14.8		15.9		16.8		17.8		18.7
6430.0		12.7		13.4		14.2		14.8		15.9		16.8		17.8		18.7
6440.0		12.7		13.4		14.2		14.8		15.9		16.8		17.8		18.7
6450.0		12.7		13.4		14.2		14.8		15.9		16.8		17.8		18.7
6460.0		12.7		13.4		14.2		14.8		15.9		16.8		17.8		18.7
6470.0		12.7		13.4		14.2		14.8		15.9		16.8		17.8		18.7
6480.0		12.7		13.4		14.2		14.8		15.9		16.8		17.8		18.7
6490.0		12.7		13.4		14.2		14.8		15.9		16.8		17.8		18.7
6500.0		12.7		13.4		14.2		14.8		15.9		16.8		17.8		18.7
6510.0		12.7		13.4		14.2		14.8		15.9		16.8		17.8		18.7
6520.0		12.7		13.4		14.2		14.8		16.0		16.8		17.8		18.7
6530.0		12.7		13.4		14.2		14.8		16.0		16.8		17.8		18.7
6540.0		12.7		13.4		14.2		14.8		16.0		16.8		17.8		18.7
6550.0		12.7		13.4		14.2		14.8		16.0		16.8		17.8		18.7
6560.0		12.7		13.4		14.2		14.8		16.0		16.8		17.8		18.7
6570.0		12.7		13.4		14.2		14.8		15.9		16.8		17.8		18.7
6580.0		12.7		13.4		14.2		14.8		15.9		16.8		17.8		18.7
6590.0		12.7		13.4		14.2		14.8		16.0		16.8		17.8		18.7
6600.0		12.7		13.4		14.2		14.8		16.0		16.8		17.8		18.7
6610.0		12.7		13.4		14.2		14.8		16.0		16.8		17.8		18.7
6620.0		12.7		13.4		14.2		14.8		16.0		16.8		17.8		18.7
6630.0		12.7		13.4		14.2		14.8		16.0		16.8		17.8		18.7
6640.0		12.7		13.4		14.2		14.8		16.0		16.8		17.8		18.7
6650.0		12.7		13.4		14.2		14.8		16.0		16.8		17.8		18.7
6660.0		12.7		13.4		14.2		14.8		16.0		16.8		17.8		18.7
6670.0		12.7		13.4		14.2		14.8		15.9		16.8		17.8		18.7
6680.0		12.7		13.4		14.2		14.8		16.0		16.8		17.8		18.7
6690.0		12.7		13.4		14.2		14.8		16.0		16.8		17.8		18.7
6700.0		12.7		13.4		14.2		14.8		16.0		16.8		17.8		18.7
6710.0		12.7		13.4		14.2		14.8		16.0		16.8		17.8		18.7
6720.0		12.7		13.4		14.2		14.8		16.0		16.8		17.8		18.7
6730.0		12.7		13.4		14.2		14.8		16.0		16.8		17.8		18.7
6740.0		12.7		13.4		14.2		14.8		16.0		16.8		17.8		18.7
6750.0		12.7		13.4		14.2		14.8		16.0		16.8		17.8		18.7
6760.0		12.7		13.4		14.2		14.8		16.0		16.8		17.8		18.7
6770.0		12.7		13.4		14.2		14.8		16.0		16.8		17.8		18.7
6780.0		12.7		13.4		14.2		14.8		16.0		16.8		17.8		18.7
6790.0		12.7		13.4		14.2		14.8		16.0		16.8		17.8		18.7
6800.0		12.7		13.4		14.2		14.8		16.0		16.8		17.8		18.7
6810.0		12.7		13.4		14.2		14.8		16.0		16.8		17.8		18.7
6820.0		12.7		13.4		14.2		14.8		16.0		16.8		17.8		18.7
6830.0		12.7		13.4		14.2		14.8		16.0		16.8		17.8		18.7
6840.0		12.7		13.4		14.2		14.8		16.0		16.8		17.8		18.7
6850.0		12.7		13.4		14.2		14.8		16.0		16.8		17.8		18.7
6860.0		12.7		13.4		14.2		14.8		16.0		16.8		17.8		18.7
6870.0		12.7		13.4		14.2		14.8		16.0		16.8		17.8		18.7
6880.0		12.7		13.4		14.2		14.8		16.0		16.8		17.8		18.7
6890.0		12.7		13.4		14.2		14.8		16.0		16.8		17.8		18.7
6900.0		12.7		13.4		14.2		14.8		16.0		16.8		17.8		18.7
6910.0		12.7		13.4		14.2		14.8		16.0		16.8		17.8		18.7
6920.0		12.7		13.4		14.2		14.8		16.0		16.8		17.8		18.7
6930.0		12.7		13.4		14.3		14.8		16.0		16.8		17.8		18.7
6940.0		12.7		13.4		14.2		14.8		16.0		16.8		17.8		18.7
6950.0		12.7		13.4		14.2		14.8		16.0		16.8		17.8		18.7
6960.0		12.7		13.4		14.2		14.8		16.0		16.8		17.8		18.7
6970.0		12.7		13.4		14.3		14.8		16.0		16.8		17.8		18.7
6980.0		12.7		13.4		14.2		14.8		16.0		16.8		17.8		18.7
6990.0		12.7		13.4		14.2		14.9		16.0		16.8		17.8		18.7
7000.0		12.7		13.4		14.3		14.8		16.0		16.8		17.8		18.7
7010.0		12.7		13.4		14.2		14.9		16.0		16.8		17.8		18.7
7020.0		12.7		13.4		14.2		14.8		16.0		16.8		17.8		18.7
7030.0		12.7		13.4		14.3		14.8		16.0		16.8		17.8		18.7
7040.0		12.7		13.4		14.3		14.9		16.0		16.8		17.8		18.7
7050.0		12.7		13.4		14.3		14.9		16.0		16.8		17.8		18.7
7060.0		12.7		13.4		14.3		14.9		16.0		16.8		17.8		18.7
7070.0		12.7		13.4		14.3		14.9		16.0		16.8		17.8		18.7
7080.0		12.7		13.4		14.3		14.9		16.0		16.8		17.8		18.7
7090.0		12.7		13.4		14.3		14.9		16.0		16.8		17.8		18.7
7100.0		12.7		13.4		14.3		14.8		16.0		16.8		17.8		18.7
7110.0		12.7		13.4		14.3		14.9		16.0		16.8		17.8		18.7
7120.0		12.7		13.4		14.3		14.9		16.0		16.8		17.8		18.7
7130.0		12.7		13.4		14.3		14.9		16.0		16.8		17.8		18.7
7140.0		12.7		13.4		14.3		14.9		16.0		16.8		17.8		18.7
7150.0		12.7		13.4		14.3		14.9		16.0		16.8		17.8		18.7
