%Time [s]	CH1 [°C]	CH2 [°C]	CH3 [°C]	CH4 [°C]	CH5 [°C]	CH6 [°C]	CH7 [°C]	CH8 [°C]		6/25/2021	2:06 PM
0.0			12.2		11.9		11.9		11.9		12.1		11.9		12.1		11.9
10.0		12.2		11.9		11.9		11.9		12.1		11.9		12.1		11.9
20.0		12.2		11.9		11.9		11.9		12.1		11.9		12.1		11.9
30.0		12.2		11.9		11.9		11.9		12.1		11.9		12.1		11.9
40.0		12.2		11.9		11.9		11.9		12.1		11.9		12.2		12.0
50.0		12.2		11.9		11.9		11.9		12.1		12.0		12.2		12.1
60.0		12.2		11.9		11.9		12.0		12.1		12.0		12.3		12.2
70.0		12.2		11.9		12.0		12.0		12.2		12.1		12.4		12.4
80.0		12.2		11.9		12.0		12.1		12.3		12.2		12.5		12.5
90.0		12.2		12.0		12.1		12.2		12.3		12.4		12.6		12.7
100.0		12.3		12.0		12.1		12.2		12.4		12.5		12.8		12.9
110.0		12.3		12.1		12.2		12.3		12.5		12.6		12.9		13.1
120.0		12.4		12.2		12.3		12.4		12.6		12.8		13.0		13.2
130.0		12.4		12.2		12.4		12.5		12.8		12.9		13.2		13.4
140.0		12.4		12.3		12.5		12.6		12.9		13.0		13.3		13.6
150.0		12.5		12.3		12.5		12.7		13.0		13.2		13.5		13.8
160.0		12.5		12.4		12.6		12.8		13.1		13.3		13.6		13.9
170.0		12.6		12.5		12.7		12.9		13.2		13.5		13.8		14.1
180.0		12.6		12.5		12.8		13.0		13.3		13.6		13.9		14.3
190.0		12.7		12.6		12.9		13.1		13.4		13.7		14.1		14.4
200.0		12.7		12.7		13.0		13.2		13.5		13.9		14.2		14.6
210.0		12.8		12.8		13.1		13.3		13.7		14.0		14.3		14.7
220.0		12.8		12.8		13.1		13.4		13.8		14.1		14.5		14.9
230.0		12.9		12.9		13.2		13.5		13.8		14.2		14.6		15.0
240.0		12.9		12.9		13.3		13.6		13.9		14.3		14.7		15.2
250.0		13.0		13.0		13.3		13.7		14.0		14.4		14.8		15.3
260.0		13.0		13.1		13.4		13.8		14.1		14.6		15.0		15.4
270.0		13.0		13.1		13.5		13.8		14.2		14.7		15.1		15.5
280.0		13.1		13.2		13.5		13.9		14.3		14.7		15.2		15.7
290.0		13.1		13.2		13.6		14.0		14.4		14.8		15.3		15.8
300.0		13.2		13.3		13.7		14.1		14.5		14.9		15.4		15.9
310.0		13.2		13.3		13.7		14.1		14.6		15.0		15.5		16.0
320.0		13.2		13.4		13.8		14.2		14.6		15.1		15.6		16.1
330.0		13.3		13.4		13.8		14.3		14.7		15.2		15.6		16.2
340.0		13.3		13.5		13.9		14.3		14.8		15.3		15.7		16.3
350.0		13.3		13.5		13.9		14.4		14.9		15.3		15.8		16.4
360.0		13.4		13.5		14.0		14.4		14.9		15.4		15.9		16.5
370.0		13.4		13.6		14.0		14.5		15.0		15.5		16.0		16.5
380.0		13.4		13.6		14.1		14.5		15.0		15.6		16.0		16.6
390.0		13.5		13.7		14.1		14.6		15.1		15.6		16.1		16.7
400.0		13.5		13.7		14.2		14.7		15.2		15.7		16.2		16.8
410.0		13.5		13.7		14.2		14.7		15.2		15.7		16.3		16.8
420.0		13.6		13.8		14.2		14.7		15.3		15.8		16.3		16.9
430.0		13.6		13.8		14.3		14.8		15.3		15.9		16.4		17.0
440.0		13.6		13.8		14.3		14.8		15.4		15.9		16.4		17.0
450.0		13.6		13.9		14.4		14.9		15.4		16.0		16.5		17.1
460.0		13.7		13.9		14.4		14.9		15.5		16.0		16.6		17.2
470.0		13.7		13.9		14.4		15.0		15.5		16.1		16.6		17.2
480.0		13.7		13.9		14.5		15.0		15.6		16.1		16.7		17.3
490.0		13.7		14.0		14.5		15.0		15.6		16.1		16.7		17.3
500.0		13.7		14.0		14.5		15.1		15.6		16.2		16.8		17.4
510.0		13.8		14.0		14.5		15.1		15.7		16.2		16.8		17.4
520.0		13.8		14.1		14.6		15.1		15.7		16.3		16.9		17.5
530.0		13.8		14.1		14.6		15.2		15.8		16.3		16.9		17.5
540.0		13.8		14.1		14.6		15.2		15.8		16.4		16.9		17.6
550.0		13.8		14.1		14.7		15.2		15.8		16.4		17.0		17.6
560.0		13.9		14.1		14.7		15.3		15.9		16.4		17.0		17.7
570.0		13.9		14.2		14.7		15.3		15.9		16.5		17.1		17.7
580.0		13.9		14.2		14.7		15.3		15.9		16.5		17.1		17.7
590.0		13.9		14.2		14.7		15.3		15.9		16.5		17.1		17.8
600.0		13.9		14.2		14.8		15.3		16.0		16.6		17.2		17.8
610.0		13.9		14.2		14.8		15.4		16.0		16.6		17.2		17.9
620.0		13.9		14.2		14.8		15.4		16.0		16.6		17.2		17.9
630.0		13.9		14.2		14.8		15.4		16.0		16.6		17.3		17.9
640.0		14.0		14.3		14.9		15.4		16.1		16.7		17.3		18.0
650.0		14.0		14.3		14.8		15.5		16.1		16.7		17.3		18.0
660.0		14.0		14.3		14.9		15.5		16.1		16.7		17.3		18.0
670.0		14.0		14.3		14.9		15.5		16.1		16.7		17.4		18.0
680.0		14.0		14.3		14.9		15.5		16.2		16.8		17.4		18.1
690.0		14.0		14.3		14.9		15.5		16.2		16.8		17.4		18.1
700.0		14.0		14.3		14.9		15.5		16.2		16.8		17.4		18.1
710.0		14.0		14.3		14.9		15.6		16.2		16.8		17.5		18.1
720.0		14.0		14.4		15.0		15.6		16.2		16.8		17.5		18.2
730.0		14.1		14.4		15.0		15.6		16.3		16.9		17.5		18.2
740.0		14.1		14.4		15.0		15.6		16.3		16.9		17.5		18.2
750.0		14.1		14.4		15.0		15.6		16.3		16.9		17.6		18.2
760.0		14.1		14.4		15.0		15.6		16.3		16.9		17.6		18.2
770.0		14.1		14.4		15.0		15.7		16.3		16.9		17.6		18.3
780.0		14.1		14.4		15.0		15.7		16.3		16.9		17.6		18.3
790.0		14.1		14.4		15.1		15.7		16.4		17.0		17.6		18.3
800.0		14.1		14.5		15.1		15.7		16.4		17.0		17.6		18.3
810.0		14.1		14.5		15.1		15.7		16.4		17.0		17.7		18.3
820.0		14.1		14.5		15.1		15.7		16.4		17.0		17.7		18.4
830.0		14.1		14.5		15.1		15.7		16.4		17.0		17.7		18.4
840.0		14.1		14.5		15.1		15.7		16.4		17.0		17.7		18.4
850.0		14.2		14.5		15.1		15.8		16.4		17.1		17.7		18.4
860.0		14.2		14.5		15.1		15.8		16.4		17.1		17.7		18.4
870.0		14.2		14.5		15.1		15.8		16.5		17.1		17.7		18.4
880.0		14.2		14.5		15.1		15.8		16.5		17.1		17.8		18.5
890.0		14.2		14.5		15.1		15.8		16.5		17.1		17.8		18.5
900.0		14.2		14.5		15.1		15.8		16.5		17.1		17.8		18.5
910.0		14.2		14.5		15.1		15.8		16.5		17.1		17.8		18.5
920.0		14.2		14.5		15.2		15.8		16.5		17.1		17.8		18.5
930.0		14.2		14.5		15.2		15.8		16.5		17.1		17.8		18.5
940.0		14.2		14.6		15.2		15.8		16.5		17.2		17.8		18.5
950.0		14.2		14.6		15.2		15.8		16.5		17.2		17.9		18.6
960.0		14.2		14.6		15.2		15.8		16.5		17.2		17.9		18.6
970.0		14.2		14.6		15.2		15.8		16.5		17.2		17.9		18.6
980.0		14.2		14.6		15.2		15.9		16.5		17.2		17.9		18.6
990.0		14.2		14.6		15.2		15.9		16.6		17.2		17.9		18.6
1000.0		14.2		14.6		15.2		15.9		16.6		17.2		17.9		18.6
1010.0		14.2		14.6		15.2		15.9		16.6		17.2		17.9		18.6
1020.0		14.3		14.6		15.2		15.9		16.6		17.2		17.9		18.6
1030.0		14.2		14.6		15.2		15.9		16.6		17.2		17.9		18.6
1040.0		14.3		14.6		15.2		15.9		16.6		17.2		17.9		18.6
1050.0		14.3		14.6		15.2		15.9		16.6		17.2		17.9		18.7
1060.0		14.3		14.6		15.2		15.9		16.6		17.3		17.9		18.7
1070.0		14.3		14.6		15.2		15.9		16.6		17.2		18.0		18.7
1080.0		14.3		14.6		15.3		15.9		16.6		17.3		18.0		18.7
1090.0		14.3		14.6		15.3		15.9		16.6		17.3		18.0		18.7
1100.0		14.3		14.6		15.3		15.9		16.6		17.3		18.0		18.7
1110.0		14.3		14.6		15.3		15.9		16.7		17.3		18.0		18.7
1120.0		14.3		14.6		15.3		15.9		16.6		17.3		18.0		18.7
1130.0		14.3		14.6		15.3		15.9		16.7		17.3		18.0		18.7
1140.0		14.3		14.6		15.3		15.9		16.7		17.3		18.0		18.7
1150.0		14.3		14.7		15.3		16.0		16.7		17.3		18.0		18.7
1160.0		14.3		14.6		15.3		15.9		16.7		17.3		18.0		18.7
1170.0		14.3		14.7		15.3		16.0		16.7		17.3		18.0		18.7
1180.0		14.3		14.7		15.3		16.0		16.7		17.3		18.0		18.7
1190.0		14.3		14.7		15.3		16.0		16.7		17.3		18.0		18.7
1200.0		14.3		14.7		15.3		16.0		16.7		17.3		18.0		18.8
1210.0		14.3		14.7		15.3		16.0		16.7		17.3		18.1		18.8
1220.0		14.3		14.7		15.3		16.0		16.7		17.4		18.1		18.8
1230.0		14.3		14.7		15.3		16.0		16.7		17.3		18.1		18.8
1240.0		14.3		14.7		15.3		16.0		16.7		17.3		18.1		18.8
1250.0		14.3		14.7		15.3		16.0		16.7		17.4		18.1		18.8
1260.0		14.3		14.7		15.3		16.0		16.7		17.4		18.1		18.8
1270.0		14.3		14.7		15.3		16.0		16.7		17.4		18.1		18.8
1280.0		14.3		14.7		15.3		16.0		16.7		17.4		18.1		18.8
1290.0		14.3		14.7		15.3		16.0		16.7		17.4		18.1		18.8
1300.0		14.3		14.7		15.3		16.0		16.7		17.4		18.1		18.8
1310.0		14.3		14.7		15.3		16.0		16.7		17.4		18.1		18.8
1320.0		14.3		14.7		15.3		16.0		16.7		17.4		18.1		18.8
1330.0		14.3		14.7		15.3		16.0		16.7		17.4		18.1		18.8
1340.0		14.3		14.7		15.3		16.0		16.8		17.4		18.1		18.8
1350.0		14.3		14.7		15.3		16.0		16.8		17.4		18.1		18.8
1360.0		14.3		14.7		15.3		16.0		16.7		17.4		18.1		18.8
1370.0		14.4		14.7		15.3		16.0		16.8		17.4		18.1		18.8
1380.0		14.4		14.7		15.3		16.0		16.7		17.4		18.1		18.8
1390.0		14.3		14.7		15.4		16.0		16.8		17.4		18.1		18.8
1400.0		14.4		14.7		15.4		16.0		16.8		17.4		18.1		18.9
1410.0		14.4		14.7		15.3		16.0		16.8		17.4		18.1		18.9
1420.0		14.4		14.7		15.4		16.1		16.8		17.4		18.2		18.9
1430.0		14.4		14.7		15.4		16.1		16.8		17.4		18.2		18.9
1440.0		14.4		14.7		15.4		16.0		16.8		17.4		18.2		18.9
1450.0		14.4		14.7		15.4		16.1		16.8		17.4		18.2		18.9
1460.0		14.4		14.7		15.4		16.0		16.8		17.4		18.2		18.9
1470.0		14.4		14.7		15.4		16.0		16.8		17.4		18.2		18.9
1480.0		14.4		14.7		15.4		16.1		16.8		17.4		18.2		18.9
1490.0		14.4		14.7		15.4		16.1		16.8		17.4		18.2		18.9
1500.0		14.4		14.7		15.4		16.1		16.8		17.4		18.2		18.9
1510.0		14.4		14.7		15.4		16.1		16.8		17.4		18.2		18.9
1520.0		14.4		14.7		15.4		16.1		16.8		17.4		18.2		18.9
1530.0		14.4		14.7		15.4		16.1		16.8		17.4		18.2		18.9
1540.0		14.4		14.7		15.4		16.1		16.8		17.4		18.2		18.9
1550.0		14.4		14.7		15.4		16.1		16.8		17.4		18.2		18.9
1560.0		14.4		14.7		15.4		16.1		16.8		17.4		18.2		18.9
1570.0		14.4		14.7		15.4		16.1		16.8		17.4		18.2		18.9
1580.0		14.4		14.7		15.4		16.1		16.8		17.4		18.2		18.9
1590.0		14.4		14.7		15.4		16.1		16.8		17.4		18.2		18.9
1600.0		14.4		14.7		15.4		16.1		16.8		17.4		18.2		18.9
1610.0		14.4		14.7		15.4		16.1		16.8		17.5		18.2		18.9
1620.0		14.4		14.7		15.4		16.1		16.8		17.4		18.2		18.9
1630.0		14.4		14.7		15.4		16.1		16.8		17.4		18.2		18.9
1640.0		14.4		14.7		15.4		16.1		16.8		17.5		18.2		18.9
1650.0		14.4		14.7		15.4		16.1		16.8		17.4		18.2		18.9
1660.0		14.4		14.7		15.4		16.1		16.8		17.5		18.2		18.9
1670.0		14.4		14.7		15.4		16.1		16.8		17.4		18.2		18.9
1680.0		14.4		14.7		15.4		16.1		16.8		17.5		18.2		18.9
1690.0		14.4		14.7		15.4		16.1		16.8		17.5		18.2		18.9
1700.0		14.4		14.7		15.4		16.1		16.8		17.5		18.2		18.9
1710.0		14.4		14.7		15.4		16.1		16.8		17.5		18.2		18.9
1720.0		14.4		14.7		15.4		16.1		16.8		17.5		18.2		18.9
1730.0		14.4		14.7		15.4		16.1		16.8		17.5		18.2		18.9
1740.0		14.4		14.8		15.4		16.1		16.8		17.5		18.2		18.9
1750.0		14.4		14.7		15.4		16.1		16.8		17.5		18.2		18.9
1760.0		14.4		14.7		15.4		16.1		16.8		17.5		18.2		18.9
1770.0		14.4		14.7		15.4		16.1		16.8		17.5		18.2		18.9
1780.0		14.4		14.8		15.4		16.1		16.8		17.5		18.2		18.9
1790.0		14.4		14.8		15.4		16.1		16.8		17.5		18.2		18.9
1800.0		14.4		14.8		15.4		16.1		16.8		17.5		18.2		18.9
1810.0		14.4		14.8		15.4		16.1		16.8		17.5		18.2		18.9
1820.0		14.4		14.8		15.4		16.1		16.8		17.5		18.2		18.9
1830.0		14.4		14.8		15.4		16.1		16.8		17.5		18.2		18.9
1840.0		14.4		14.8		15.4		16.1		16.8		17.5		18.2		18.9
1850.0		14.4		14.8		15.4		16.1		16.8		17.5		18.2		18.9
1860.0		14.4		14.8		15.4		16.1		16.8		17.5		18.3		18.9
1870.0		14.4		14.8		15.4		16.1		16.8		17.5		18.2		18.9
1880.0		14.4		14.8		15.4		16.1		16.9		17.5		18.2		19.0
1890.0		14.4		14.8		15.4		16.1		16.8		17.5		18.2		19.0
1900.0		14.4		14.8		15.4		16.1		16.8		17.5		18.2		19.0
1910.0		14.4		14.8		15.4		16.1		16.9		17.5		18.3		19.0
1920.0		14.4		14.8		15.4		16.1		16.8		17.5		18.2		19.0
1930.0		14.4		14.8		15.4		16.1		16.8		17.5		18.3		19.0
1940.0		14.4		14.8		15.4		16.1		16.8		17.5		18.3		19.0
1950.0		14.4		14.8		15.4		16.1		16.9		17.5		18.2		19.0
1960.0		14.4		14.8		15.4		16.1		16.8		17.5		18.2		19.0
1970.0		14.4		14.8		15.4		16.1		16.8		17.5		18.3		19.0
1980.0		14.4		14.8		15.4		16.1		16.9		17.5		18.3		19.0
1990.0		14.4		14.8		15.4		16.1		16.9		17.5		18.3		19.0
2000.0		14.4		14.8		15.4		16.1		16.9		17.5		18.3		19.0
2010.0		14.4		14.8		15.4		16.1		16.8		17.5		18.2		19.0
2020.0		14.4		14.8		15.4		16.1		16.9		17.5		18.2		19.0
2030.0		14.4		14.8		15.4		16.1		16.9		17.5		18.2		19.0
2040.0		14.4		14.8		15.4		16.1		16.8		17.5		18.2		19.0
2050.0		14.4		14.8		15.4		16.1		16.8		17.5		18.3		19.0
2060.0		14.4		14.8		15.4		16.1		16.9		17.5		18.3		19.0
2070.0		14.4		14.8		15.4		16.1		16.9		17.5		18.3		19.0
2080.0		14.4		14.8		15.4		16.1		16.9		17.5		18.3		19.0
2090.0		14.4		14.8		15.4		16.1		16.8		17.5		18.3		19.0
2100.0		14.4		14.8		15.4		16.1		16.9		17.5		18.3		19.0
2110.0		14.4		14.8		15.4		16.1		16.9		17.5		18.3		19.0
2120.0		14.4		14.8		15.4		16.1		16.9		17.5		18.3		19.0
2130.0		14.4		14.8		15.4		16.1		16.9		17.5		18.3		19.0
2140.0		14.4		14.8		15.4		16.1		16.9		17.5		18.3		19.0
2150.0		14.4		14.8		15.4		16.1		16.9		17.5		18.3		19.0
2160.0		14.4		14.8		15.4		16.1		16.9		17.5		18.3		19.0
2170.0		14.4		14.8		15.4		16.1		16.9		17.5		18.3		19.0
2180.0		14.4		14.8		15.4		16.1		16.9		17.5		18.3		19.0
2190.0		14.4		14.8		15.4		16.1		16.9		17.5		18.3		19.0
2200.0		14.4		14.8		15.4		16.1		16.9		17.5		18.3		19.0
2210.0		14.4		14.8		15.4		16.1		16.9		17.5		18.3		19.0
2220.0		14.4		14.8		15.4		16.1		16.9		17.5		18.3		19.0
2230.0		14.4		14.8		15.4		16.1		16.9		17.5		18.3		19.0
2240.0		14.4		14.8		15.4		16.1		16.9		17.5		18.3		19.0
2250.0		14.4		14.8		15.4		16.1		16.9		17.5		18.3		19.0
2260.0		14.4		14.8		15.4		16.1		16.9		17.5		18.3		19.0
2270.0		14.4		14.8		15.4		16.1		16.9		17.5		18.3		19.0
2280.0		14.4		14.8		15.4		16.1		16.9		17.5		18.3		19.0
2290.0		14.4		14.8		15.4		16.1		16.9		17.5		18.3		19.0
2300.0		14.4		14.8		15.4		16.1		16.9		17.5		18.3		19.0
2310.0		14.4		14.8		15.4		16.1		16.9		17.5		18.3		19.0
2320.0		14.4		14.8		15.4		16.1		16.9		17.5		18.3		19.0
2330.0		14.4		14.8		15.4		16.1		16.9		17.5		18.3		19.0
2340.0		14.4		14.8		15.4		16.1		16.9		17.5		18.3		19.0
2350.0		14.4		14.8		15.4		16.1		16.9		17.5		18.3		19.0
2360.0		14.4		14.8		15.4		16.1		16.9		17.5		18.3		19.0
2370.0		14.4		14.8		15.4		16.1		16.9		17.5		18.3		19.0
2380.0		14.4		14.8		15.4		16.1		16.9		17.5		18.3		19.0
2390.0		14.4		14.8		15.4		16.1		16.9		17.5		18.3		19.0
2400.0		14.4		14.8		15.4		16.1		16.9		17.5		18.3		19.0
2410.0		14.4		14.8		15.4		16.1		16.9		17.5		18.3		19.0
2420.0		14.4		14.8		15.4		16.1		16.9		17.5		18.3		19.0
2430.0		14.4		14.8		15.4		16.1		16.9		17.5		18.3		19.0
2440.0		14.4		14.8		15.4		16.1		16.9		17.5		18.3		19.0
2450.0		14.4		14.8		15.4		16.1		16.9		17.5		18.3		19.0
2460.0		14.4		14.8		15.4		16.1		16.9		17.5		18.3		19.0
2470.0		14.4		14.8		15.4		16.1		16.9		17.5		18.3		19.0
2480.0		14.4		14.8		15.4		16.1		16.9		17.5		18.3		19.0
2490.0		14.4		14.8		15.4		16.1		16.9		17.5		18.3		19.0
2500.0		14.4		14.8		15.4		16.1		16.9		17.5		18.3		19.0
2510.0		14.4		14.8		15.4		16.1		16.9		17.5		18.3		19.0
2520.0		14.4		14.8		15.4		16.1		16.9		17.5		18.3		19.0
2530.0		14.4		14.8		15.4		16.1		16.9		17.5		18.3		19.0
2540.0		14.4		14.8		15.4		16.1		16.9		17.5		18.3		19.0
2550.0		14.4		14.8		15.5		16.1		16.9		17.5		18.3		19.0
2560.0		14.4		14.8		15.4		16.1		16.9		17.5		18.3		19.0
2570.0		14.4		14.8		15.4		16.1		16.9		17.5		18.3		19.0
2580.0		14.4		14.8		15.4		16.1		16.9		17.5		18.3		19.0
2590.0		14.4		14.8		15.4		16.1		16.9		17.5		18.3		19.0
2600.0		14.4		14.8		15.4		16.1		16.9		17.5		18.3		19.0
2610.0		14.4		14.8		15.5		16.1		16.9		17.5		18.3		19.0
2620.0		14.4		14.8		15.4		16.1		16.9		17.5		18.3		19.0
2630.0		14.4		14.8		15.4		16.1		16.9		17.5		18.3		19.0
2640.0		14.4		14.8		15.5		16.2		16.9		17.5		18.3		19.0
2650.0		14.4		14.8		15.4		16.1		16.9		17.5		18.3		19.0
2660.0		14.4		14.8		15.5		16.1		16.9		17.5		18.3		19.0
2670.0		14.4		14.8		15.4		16.1		16.9		17.5		18.3		19.0
2680.0		14.4		14.8		15.5		16.1		16.9		17.5		18.3		19.0
2690.0		14.4		14.8		15.4		16.1		16.9		17.5		18.3		19.0
2700.0		14.4		14.8		15.5		16.1		16.9		17.5		18.3		19.0
