type,latitude,longitude,altitude
T,40.0190,-105.2440,170.60
T,40.0190,-105.2440,170.60
T,40.0190,-105.2440,170.60
T,40.0190,-105.2440,170.60
T,40.0190,-105.2440,170.60
T,40.0190,-105.2440,170.30
T,40.0190,-105.2440,170.40
T,40.0190,-105.2440,170.40
T,40.0190,-105.2440,170.60
T,40.0190,-105.2440,170.70
T,40.0191,-105.2440,171.30
T,40.0191,-105.2440,171.70
T,40.0191,-105.2440,172.10
T,40.0191,-105.2440,172.50
T,40.0191,-105.2440,173.00
T,40.0191,-105.2440,173.60
T,40.0191,-105.2440,174.20
T,40.0191,-105.2440,173.70
T,40.0191,-105.2440,172.20
T,40.0191,-105.2440,172.70
T,40.0108,-105.2438,1623.80
T,40.0108,-105.2438,1623.80
T,40.0108,-105.2438,1623.80
T,40.0108,-105.2438,1623.80
T,40.0108,-105.2438,1623.70
T,40.0108,-105.2438,1623.60
T,40.0108,-105.2438,1623.60
T,40.0109,-105.2438,1623.60
T,40.0109,-105.2438,1623.60
T,40.0109,-105.2438,1623.60
T,40.0109,-105.2438,1623.60
T,40.0109,-105.2438,1623.50
T,40.0109,-105.2438,1623.30
T,40.0109,-105.2439,1622.90
T,40.0109,-105.2439,1622.70
T,40.0109,-105.2439,1621.90
T,40.0110,-105.2439,1621.50
T,40.0110,-105.2439,1621.20
T,40.0110,-105.2439,1621.00
T,40.0110,-105.2439,1621.10
T,40.0110,-105.2439,1620.70
T,40.0110,-105.2439,1620.90
T,40.0110,-105.2439,1621.00
T,40.0110,-105.2439,1620.50
T,40.0111,-105.2439,1620.30
T,40.0111,-105.2439,1620.20
T,40.0111,-105.2439,1620.30
T,40.0111,-105.2439,1620.30
T,40.0111,-105.2439,1620.20
T,40.0111,-105.2439,1620.20
T,40.0111,-105.2439,1620.10
T,40.0111,-105.2439,1619.90
T,40.0111,-105.2439,1619.80
T,40.0111,-105.2439,1619.60
T,40.0111,-105.2440,1619.30
T,40.0112,-105.2440,1619.20
T,40.0112,-105.2440,1619.00
T,40.0112,-105.2440,1618.80
T,40.0112,-105.2440,1618.70
T,40.0112,-105.2440,1618.70
T,40.0112,-105.2440,1618.70
T,40.0112,-105.2440,1618.70
T,40.0112,-105.2440,1618.70
T,40.0112,-105.2440,1618.70
T,40.0112,-105.2440,1618.70
T,40.0112,-105.2440,1618.70
T,40.0112,-105.2441,1618.60
T,40.0112,-105.2441,1618.50
T,40.0112,-105.2441,1618.30
T,40.0112,-105.2441,1618.40
T,40.0112,-105.2441,1618.40
T,40.0112,-105.2441,1618.30
T,40.0112,-105.2441,1618.20
T,40.0112,-105.2441,1617.80
T,40.0113,-105.2441,1617.70
T,40.0113,-105.2441,1617.90
T,40.0113,-105.2441,1617.90
T,40.0113,-105.2441,1617.90
T,40.0113,-105.2441,1618.00
T,40.0113,-105.2441,1618.00
T,40.0113,-105.2441,1618.00
T,40.0113,-105.2441,1618.00
T,40.0113,-105.2441,1618.10
T,40.0113,-105.2441,1618.10
T,40.0113,-105.2441,1618.20
T,40.0113,-105.2441,1618.30
T,40.0113,-105.2441,1618.40
T,40.0113,-105.2440,1618.40
T,40.0114,-105.2440,1618.40
T,40.0114,-105.2440,1618.40
T,40.0114,-105.2440,1618.40
T,40.0114,-105.2440,1618.40
T,40.0114,-105.2440,1618.40
T,40.0114,-105.2440,1618.50
T,40.0114,-105.2440,1618.50
T,40.0114,-105.2440,1618.50
T,40.0114,-105.2440,1618.50
T,40.0114,-105.2440,1618.60
T,40.0114,-105.2440,1618.60
T,40.0114,-105.2440,1618.70
T,40.0114,-105.2440,1618.70
T,40.0114,-105.2440,1618.70
T,40.0115,-105.2440,1618.70
T,40.0115,-105.2440,1618.80
T,40.0115,-105.2440,1618.80
T,40.0115,-105.2440,1618.80
T,40.0115,-105.2440,1618.80
T,40.0115,-105.2440,1618.80
T,40.0115,-105.2440,1618.80
T,40.0115,-105.2440,1618.90
T,40.0115,-105.2440,1618.90
T,40.0115,-105.2440,1618.90
T,40.0116,-105.2440,1618.90
T,40.0116,-105.2440,1619.00
T,40.0116,-105.2440,1619.00
T,40.0116,-105.2440,1619.10
T,40.0116,-105.2440,1619.00
T,40.0116,-105.2440,1618.90
T,40.0116,-105.2440,1619.10
T,40.0116,-105.2440,1619.30
T,40.0116,-105.2440,1619.30
T,40.0116,-105.2440,1619.40
T,40.0116,-105.2440,1619.40
T,40.0117,-105.2440,1619.70
T,40.0117,-105.2440,1619.70
T,40.0117,-105.2440,1619.90
T,40.0117,-105.2440,1620.10
T,40.0117,-105.2440,1620.30
T,40.0117,-105.2440,1620.50
T,40.0117,-105.2440,1620.80
T,40.0117,-105.2440,1620.80
T,40.0117,-105.2439,1620.80
T,40.0118,-105.2439,1621.10
T,40.0118,-105.2439,1621.30
T,40.0118,-105.2440,1621.10
T,40.0118,-105.2440,1621.00
T,40.0118,-105.2440,1621.00
T,40.0118,-105.2439,1621.10
T,40.0118,-105.2439,1621.20
T,40.0118,-105.2439,1621.00
T,40.0118,-105.2439,1620.70
T,40.0118,-105.2439,1620.80
T,40.0118,-105.2439,1621.00
T,40.0119,-105.2439,1620.60
T,40.0119,-105.2439,1620.70
T,40.0119,-105.2439,1620.70
T,40.0119,-105.2439,1620.50
T,40.0119,-105.2439,1620.60
T,40.0119,-105.2439,1620.50
T,40.0119,-105.2439,1620.50
T,40.0119,-105.2439,1620.50
T,40.0119,-105.2439,1620.60
T,40.0119,-105.2439,1620.90
T,40.0120,-105.2439,1620.20
T,40.0120,-105.2439,1619.80
T,40.0120,-105.2439,1619.70
T,40.0120,-105.2439,1619.10
T,40.0120,-105.2439,1618.80
T,40.0120,-105.2439,1618.70
T,40.0120,-105.2439,1618.60
T,40.0120,-105.2439,1618.50
T,40.0120,-105.2439,1618.20
T,40.0120,-105.2439,1617.90
T,40.0120,-105.2439,1617.50
T,40.0120,-105.2439,1617.40
T,40.0120,-105.2439,1617.20
T,40.0120,-105.2439,1616.80
T,40.0120,-105.2439,1616.60
T,40.0121,-105.2439,1616.40
T,40.0121,-105.2439,1616.30
T,40.0121,-105.2439,1616.10
T,40.0121,-105.2439,1615.90
T,40.0121,-105.2439,1615.60
T,40.0121,-105.2439,1615.20
T,40.0121,-105.2439,1614.90
T,40.0121,-105.2439,1614.50
T,40.0121,-105.2439,1614.30
T,40.0121,-105.2439,1614.10
T,40.0121,-105.2438,1614.00
T,40.0121,-105.2438,1613.80
T,40.0121,-105.2438,1613.70
T,40.0121,-105.2438,1613.60
T,40.0122,-105.2438,1613.50
T,40.0122,-105.2438,1613.50
T,40.0122,-105.2438,1613.80
T,40.0122,-105.2438,1614.10
T,40.0122,-105.2438,1614.00
T,40.0122,-105.2438,1613.90
T,40.0122,-105.2438,1614.10
T,40.0122,-105.2438,1614.00
T,40.0122,-105.2438,1613.80
T,40.0122,-105.2438,1613.80
T,40.0122,-105.2437,1613.80
T,40.0122,-105.2437,1613.80
T,40.0123,-105.2437,1613.60
T,40.0123,-105.2437,1613.40
T,40.0123,-105.2437,1613.30
T,40.0123,-105.2437,1613.00
T,40.0123,-105.2437,1612.80
T,40.0123,-105.2437,1612.60
T,40.0123,-105.2437,1612.50
T,40.0123,-105.2437,1612.30
T,40.0123,-105.2437,1612.30
T,40.0123,-105.2437,1612.20
T,40.0124,-105.2437,1612.00
T,40.0124,-105.2437,1611.80
T,40.0124,-105.2437,1611.50
T,40.0124,-105.2437,1611.30
T,40.0124,-105.2436,1611.10
T,40.0124,-105.2436,1610.80
T,40.0124,-105.2436,1610.60
T,40.0124,-105.2436,1610.50
T,40.0124,-105.2436,1610.40
T,40.0125,-105.2436,1610.40
T,40.0125,-105.2436,1610.20
T,40.0125,-105.2436,1610.10
T,40.0125,-105.2436,1610.00
T,40.0125,-105.2436,1609.90
T,40.0125,-105.2436,1609.70
T,40.0125,-105.2435,1609.60
T,40.0125,-105.2435,1609.50
T,40.0125,-105.2435,1609.40
T,40.0125,-105.2435,1609.40
T,40.0125,-105.2435,1609.30
T,40.0125,-105.2435,1609.30
T,40.0126,-105.2435,1609.20
T,40.0126,-105.2435,1609.20
T,40.0126,-105.2435,1609.20
T,40.0126,-105.2435,1609.20
T,40.0126,-105.2434,1609.20
T,40.0126,-105.2434,1609.30
T,40.0126,-105.2434,1609.30
T,40.0126,-105.2434,1609.30
T,40.0126,-105.2434,1609.30
T,40.0126,-105.2434,1609.30
T,40.0126,-105.2434,1609.20
T,40.0126,-105.2434,1609.10
T,40.0126,-105.2433,1609.20
T,40.0126,-105.2433,1609.20
T,40.0126,-105.2433,1609.30
T,40.0127,-105.2433,1609.30
T,40.0127,-105.2433,1609.30
T,40.0127,-105.2433,1609.40
T,40.0127,-105.2433,1609.40
T,40.0127,-105.2433,1609.60
T,40.0127,-105.2433,1609.90
T,40.0127,-105.2433,1610.40
T,40.0127,-105.2433,1610.40
T,40.0127,-105.2433,1610.80
T,40.0127,-105.2433,1611.20
T,40.0128,-105.2433,1611.40
T,40.0128,-105.2433,1611.70
T,40.0128,-105.2433,1612.10
T,40.0128,-105.2433,1612.40
T,40.0128,-105.2433,1613.00
T,40.0128,-105.2433,1613.10
T,40.0128,-105.2433,1613.40
T,40.0128,-105.2433,1613.60
T,40.0128,-105.2433,1613.90
T,40.0128,-105.2433,1614.20
T,40.0129,-105.2433,1614.40
T,40.0129,-105.2433,1614.20
T,40.0129,-105.2433,1615.90
T,40.0129,-105.2433,1617.10
T,40.0129,-105.2433,1618.20
T,40.0129,-105.2433,1619.10
T,40.0129,-105.2433,1620.20
T,40.0129,-105.2433,1620.70
T,40.0129,-105.2432,1621.10
T,40.0129,-105.2432,1621.40
T,40.0130,-105.2432,1621.80
T,40.0130,-105.2432,1622.30
T,40.0130,-105.2432,1622.70
T,40.0130,-105.2432,1622.90
T,40.0130,-105.2432,1623.20
T,40.0130,-105.2432,1623.40
T,40.0130,-105.2432,1623.20
T,40.0130,-105.2431,1623.20
T,40.0130,-105.2431,1623.20
T,40.0130,-105.2431,1623.20
T,40.0130,-105.2431,1623.10
T,40.0130,-105.2431,1622.70
T,40.0130,-105.2431,1622.50
T,40.0130,-105.2431,1622.50
T,40.0130,-105.2431,1622.50
T,40.0130,-105.2431,1622.40
T,40.0130,-105.2430,1622.30
T,40.0130,-105.2430,1622.40
T,40.0130,-105.2430,1622.20
T,40.0130,-105.2430,1622.20
T,40.0130,-105.2430,1622.10
T,40.0131,-105.2430,1622.00
T,40.0131,-105.2430,1622.00
T,40.0131,-105.2430,1622.00
T,40.0131,-105.2429,1621.90
T,40.0131,-105.2429,1621.80
T,40.0131,-105.2429,1621.90
T,40.0131,-105.2429,1621.90
T,40.0131,-105.2429,1622.00
T,40.0131,-105.2429,1622.00
T,40.0131,-105.2429,1622.00
T,40.0131,-105.2428,1622.10
T,40.0131,-105.2428,1622.10
T,40.0131,-105.2428,1622.10
T,40.0131,-105.2428,1622.10
T,40.0131,-105.2428,1622.10
T,40.0131,-105.2428,1622.20
T,40.0131,-105.2427,1622.30
T,40.0131,-105.2427,1622.50
T,40.0131,-105.2427,1622.60
T,40.0131,-105.2427,1622.80
T,40.0131,-105.2427,1623.00
T,40.0131,-105.2427,1623.20
T,40.0131,-105.2426,1623.60
T,40.0131,-105.2426,1623.90
T,40.0131,-105.2426,1624.10
T,40.0131,-105.2426,1624.40
T,40.0131,-105.2426,1624.60
T,40.0131,-105.2426,1624.80
T,40.0131,-105.2425,1624.90
T,40.0131,-105.2425,1624.90
T,40.0131,-105.2425,1625.10
T,40.0131,-105.2425,1625.50
T,40.0131,-105.2425,1626.00
T,40.0131,-105.2424,1626.60
T,40.0131,-105.2424,1626.90
T,40.0131,-105.2424,1627.20
T,40.0131,-105.2424,1627.40
T,40.0131,-105.2424,1627.50
T,40.0131,-105.2423,1627.70
T,40.0131,-105.2423,1627.70
T,40.0131,-105.2423,1627.60
T,40.0131,-105.2423,1627.50
T,40.0131,-105.2423,1627.40
T,40.0130,-105.2423,1627.10
T,40.0130,-105.2422,1626.60
T,40.0130,-105.2422,1626.30
T,40.0130,-105.2422,1625.90
T,40.0130,-105.2422,1625.70
T,40.0130,-105.2422,1625.10
T,40.0130,-105.2422,1624.80
T,40.0130,-105.2422,1624.30
T,40.0130,-105.2421,1623.70
T,40.0130,-105.2421,1623.20
T,40.0130,-105.2421,1622.70
T,40.0130,-105.2421,1622.30
T,40.0130,-105.2421,1621.80
T,40.0130,-105.2421,1621.50
T,40.0130,-105.2421,1621.10
T,40.0130,-105.2421,1620.80
T,40.0130,-105.2420,1620.50
T,40.0130,-105.2420,1620.20
T,40.0130,-105.2420,1619.90
T,40.0129,-105.2420,1619.60
T,40.0129,-105.2420,1619.30
T,40.0129,-105.2420,1619.00
T,40.0129,-105.2420,1618.80
T,40.0129,-105.2420,1618.60
T,40.0129,-105.2420,1618.30
T,40.0129,-105.2419,1618.00
T,40.0129,-105.2419,1618.00
T,40.0129,-105.2419,1617.70
T,40.0129,-105.2419,1617.40
T,40.0129,-105.2419,1617.20
T,40.0129,-105.2419,1617.00
T,40.0128,-105.2419,1616.60
T,40.0128,-105.2419,1616.40
T,40.0128,-105.2419,1616.20
T,40.0128,-105.2419,1616.00
T,40.0128,-105.2418,1615.80
T,40.0128,-105.2418,1615.70
T,40.0128,-105.2418,1615.60
T,40.0128,-105.2418,1615.30
T,40.0128,-105.2418,1615.30
T,40.0128,-105.2418,1615.10
T,40.0128,-105.2418,1615.00
T,40.0128,-105.2418,1614.80
T,40.0127,-105.2418,1614.60
T,40.0127,-105.2418,1614.50
T,40.0127,-105.2418,1614.30
T,40.0127,-105.2417,1614.20
T,40.0127,-105.2417,1614.10
T,40.0127,-105.2417,1614.00
T,40.0127,-105.2417,1613.90
T,40.0127,-105.2417,1613.70
T,40.0127,-105.2417,1613.60
T,40.0127,-105.2417,1613.50
T,40.0127,-105.2417,1613.40
T,40.0126,-105.2417,1613.20
T,40.0126,-105.2417,1613.20
T,40.0126,-105.2417,1613.00
T,40.0126,-105.2417,1612.90
T,40.0126,-105.2417,1612.80
T,40.0126,-105.2416,1612.70
T,40.0126,-105.2416,1612.70
T,40.0126,-105.2416,1612.60
T,40.0126,-105.2416,1612.50
T,40.0126,-105.2416,1612.40
T,40.0125,-105.2416,1612.20
T,40.0125,-105.2416,1611.90
T,40.0125,-105.2416,1611.60
T,40.0125,-105.2416,1611.40
T,40.0125,-105.2416,1611.20
T,40.0125,-105.2416,1611.10
T,40.0125,-105.2416,1610.90
T,40.0125,-105.2416,1610.90
T,40.0125,-105.2416,1610.70
T,40.0125,-105.2416,1610.60
T,40.0124,-105.2416,1610.40
T,40.0124,-105.2415,1610.30
T,40.0124,-105.2415,1610.10
T,40.0124,-105.2415,1609.90
T,40.0124,-105.2415,1609.70
T,40.0124,-105.2415,1609.60
T,40.0124,-105.2415,1609.10
T,40.0124,-105.2415,1608.60
T,40.0124,-105.2416,1608.10
T,40.0124,-105.2416,1607.90
T,40.0123,-105.2416,1607.50
T,40.0123,-105.2416,1607.30
T,40.0123,-105.2416,1607.10
T,40.0123,-105.2416,1606.30
T,40.0123,-105.2416,1604.40
T,40.0123,-105.2416,1603.50
T,40.0123,-105.2416,1602.60
T,40.0123,-105.2416,1601.90
T,40.0123,-105.2416,1601.30
T,40.0123,-105.2416,1600.10
T,40.0123,-105.2417,1599.70
T,40.0122,-105.2417,1599.30
T,40.0122,-105.2417,1598.90
T,40.0122,-105.2417,1598.50
T,40.0122,-105.2417,1598.10
T,40.0122,-105.2417,1597.80
T,40.0122,-105.2417,1597.50
T,40.0122,-105.2417,1597.10
T,40.0122,-105.2417,1596.90
T,40.0122,-105.2417,1596.50
T,40.0122,-105.2417,1596.30
T,40.0121,-105.2417,1595.90
T,40.0121,-105.2417,1596.00
T,40.0121,-105.2417,1595.80
T,40.0121,-105.2417,1595.50
T,40.0121,-105.2417,1595.40
T,40.0121,-105.2417,1595.80
T,40.0121,-105.2417,1596.10
T,40.0121,-105.2417,1596.30
T,40.0121,-105.2417,1596.60
T,40.0121,-105.2417,1596.50
T,40.0121,-105.2417,1596.60
T,40.0120,-105.2417,1596.70
T,40.0120,-105.2417,1596.60
T,40.0120,-105.2417,1596.60
T,40.0120,-105.2417,1596.60
T,40.0120,-105.2417,1596.40
T,40.0120,-105.2417,1596.70
T,40.0120,-105.2417,1596.70
T,40.0120,-105.2417,1596.50
T,40.0120,-105.2417,1596.60
T,40.0119,-105.2417,1596.60
T,40.0119,-105.2417,1596.60
T,40.0119,-105.2417,1596.60
T,40.0119,-105.2417,1596.60
T,40.0119,-105.2417,1596.60
T,40.0119,-105.2417,1596.60
T,40.0119,-105.2417,1596.60
T,40.0119,-105.2417,1596.60
T,40.0118,-105.2417,1596.70
T,40.0118,-105.2417,1596.80
T,40.0118,-105.2417,1596.90
T,40.0118,-105.2417,1597.00
T,40.0118,-105.2417,1597.10
T,40.0118,-105.2417,1597.10
T,40.0118,-105.2417,1597.30
T,40.0118,-105.2417,1597.50
T,40.0117,-105.2417,1597.50
T,40.0117,-105.2416,1597.60
T,40.0117,-105.2416,1597.70
T,40.0117,-105.2416,1597.80
T,40.0117,-105.2416,1597.90
T,40.0117,-105.2416,1598.00
T,40.0117,-105.2416,1598.10
T,40.0117,-105.2416,1598.40
T,40.0116,-105.2416,1598.60
T,40.0116,-105.2416,1598.60
T,40.0116,-105.2416,1599.00
T,40.0116,-105.2416,1599.20
T,40.0116,-105.2416,1599.30
T,40.0116,-105.2416,1599.30
T,40.0116,-105.2416,1599.30
T,40.0116,-105.2416,1599.70
T,40.0115,-105.2416,1599.90
T,40.0115,-105.2416,1599.90
T,40.0115,-105.2416,1600.10
T,40.0115,-105.2416,1600.20
T,40.0115,-105.2416,1600.40
T,40.0115,-105.2416,1600.60
T,40.0115,-105.2416,1600.90
T,40.0115,-105.2416,1601.00
T,40.0114,-105.2416,1601.10
T,40.0114,-105.2416,1601.10
T,40.0114,-105.2416,1601.30
T,40.0114,-105.2416,1601.30
T,40.0114,-105.2415,1601.40
T,40.0114,-105.2415,1601.30
T,40.0114,-105.2415,1601.40
T,40.0114,-105.2415,1601.30
T,40.0114,-105.2415,1601.30
T,40.0113,-105.2415,1601.20
T,40.0113,-105.2415,1601.20
T,40.0113,-105.2415,1601.10
T,40.0113,-105.2415,1601.10
T,40.0113,-105.2415,1601.10
T,40.0113,-105.2415,1601.10
T,40.0113,-105.2415,1601.00
T,40.0113,-105.2415,1601.00
T,40.0113,-105.2415,1601.10
T,40.0112,-105.2415,1601.20
T,40.0112,-105.2415,1601.10
T,40.0112,-105.2415,1601.00
T,40.0112,-105.2415,1601.20
T,40.0112,-105.2415,1601.20
T,40.0112,-105.2415,1601.40
T,40.0112,-105.2415,1601.60
T,40.0112,-105.2415,1601.70
T,40.0111,-105.2415,1601.80
T,40.0111,-105.2415,1601.90
T,40.0111,-105.2415,1602.10
T,40.0111,-105.2415,1602.20
T,40.0111,-105.2415,1602.30
T,40.0111,-105.2415,1602.40
T,40.0111,-105.2415,1602.50
T,40.0111,-105.2415,1602.70
T,40.0110,-105.2415,1602.70
T,40.0110,-105.2415,1602.60
T,40.0110,-105.2415,1602.60
T,40.0110,-105.2415,1602.60
T,40.0110,-105.2415,1602.50
T,40.0110,-105.2415,1602.50
T,40.0110,-105.2415,1602.40
T,40.0110,-105.2415,1602.30
T,40.0110,-105.2415,1602.20
T,40.0109,-105.2415,1602.10
T,40.0109,-105.2415,1602.20
T,40.0109,-105.2415,1602.20
T,40.0109,-105.2415,1602.20
T,40.0109,-105.2415,1602.20
T,40.0109,-105.2415,1602.20
T,40.0109,-105.2416,1602.20
T,40.0109,-105.2416,1602.20
T,40.0109,-105.2416,1602.20
T,40.0109,-105.2416,1602.20
T,40.0108,-105.2416,1602.30
T,40.0108,-105.2416,1602.50
T,40.0108,-105.2416,1602.70
T,40.0108,-105.2416,1602.90
T,40.0108,-105.2416,1602.90
T,40.0108,-105.2416,1602.90
T,40.0108,-105.2416,1602.90
T,40.0108,-105.2416,1602.80
T,40.0108,-105.2417,1602.80
T,40.0108,-105.2417,1602.90
T,40.0107,-105.2417,1602.90
T,40.0107,-105.2417,1602.80
T,40.0107,-105.2417,1602.90
T,40.0107,-105.2417,1602.90
T,40.0107,-105.2417,1602.90
T,40.0107,-105.2417,1602.90
T,40.0107,-105.2417,1602.90
T,40.0107,-105.2417,1603.00
T,40.0107,-105.2418,1602.90
T,40.0107,-105.2418,1602.90
T,40.0106,-105.2418,1602.90
T,40.0106,-105.2418,1602.90
T,40.0106,-105.2418,1602.90
T,40.0106,-105.2418,1602.90
T,40.0106,-105.2418,1603.00
T,40.0106,-105.2418,1603.00
T,40.0106,-105.2418,1603.00
T,40.0106,-105.2418,1603.10
T,40.0106,-105.2418,1603.30
T,40.0106,-105.2419,1603.50
T,40.0106,-105.2419,1603.50
T,40.0105,-105.2419,1603.60
T,40.0105,-105.2419,1603.80
T,40.0105,-105.2419,1603.90
T,40.0105,-105.2419,1603.90
T,40.0105,-105.2419,1603.90
T,40.0105,-105.2419,1604.00
T,40.0105,-105.2419,1604.00
T,40.0105,-105.2419,1604.00
T,40.0105,-105.2419,1603.90
T,40.0105,-105.2419,1603.90
T,40.0104,-105.2420,1603.90
T,40.0104,-105.2420,1603.70
T,40.0104,-105.2420,1603.50
T,40.0104,-105.2420,1603.20
T,40.0104,-105.2420,1603.20
T,40.0104,-105.2420,1603.20
T,40.0104,-105.2420,1603.40
T,40.0104,-105.2420,1603.20
T,40.0104,-105.2420,1603.30
T,40.0104,-105.2420,1603.40
T,40.0104,-105.2420,1603.30
T,40.0103,-105.2420,1603.10
T,40.0103,-105.2420,1603.10
T,40.0103,-105.2421,1603.00
T,40.0103,-105.2421,1603.30
T,40.0103,-105.2421,1603.20
T,40.0103,-105.2421,1602.90
T,40.0103,-105.2421,1602.50
T,40.0103,-105.2421,1602.10
T,40.0103,-105.2421,1602.10
T,40.0103,-105.2421,1602.10
T,40.0103,-105.2421,1602.00
T,40.0103,-105.2421,1601.80
T,40.0103,-105.2421,1601.70
T,40.0103,-105.2421,1601.50
T,40.0102,-105.2421,1601.30
T,40.0102,-105.2421,1601.20
T,40.0102,-105.2421,1601.00
T,40.0102,-105.2422,1600.90
T,40.0102,-105.2422,1600.70
T,40.0102,-105.2422,1600.60
T,40.0102,-105.2422,1600.40
T,40.0102,-105.2422,1600.20
T,40.0102,-105.2422,1600.10
T,40.0102,-105.2422,1599.90
T,40.0101,-105.2422,1599.80
T,40.0101,-105.2422,1599.60
T,40.0101,-105.2422,1599.50
T,40.0100,-105.2424,1587.50
T,40.0100,-105.2424,1588.90
T,40.0100,-105.2424,1590.60
T,40.0100,-105.2424,1592.50
T,40.0100,-105.2425,1596.70
T,40.0100,-105.2425,1599.00
T,40.0100,-105.2425,1600.10
T,40.0100,-105.2425,1599.70
T,40.0100,-105.2425,1600.60
T,40.0099,-105.2425,1602.60
T,40.0099,-105.2425,1604.40
T,40.0099,-105.2425,1606.50
T,40.0099,-105.2425,1606.90
T,40.0099,-105.2425,1606.50
T,40.0099,-105.2425,1605.80
T,40.0099,-105.2425,1608.20
T,40.0099,-105.2425,1610.20
T,40.0098,-105.2425,1610.90
T,40.0098,-105.2425,1611.60
T,40.0098,-105.2425,1611.20
T,40.0098,-105.2425,1610.50
T,40.0098,-105.2425,1609.40
T,40.0098,-105.2425,1609.50
T,40.0098,-105.2426,1609.70
T,40.0098,-105.2426,1610.10
T,40.0098,-105.2426,1610.30
T,40.0098,-105.2426,1610.40
T,40.0098,-105.2426,1610.90
T,40.0098,-105.2426,1611.40
T,40.0098,-105.2426,1611.40
T,40.0098,-105.2426,1612.70
T,40.0098,-105.2426,1613.10
T,40.0098,-105.2427,1613.50
T,40.0097,-105.2427,1613.70
T,40.0097,-105.2427,1613.40
T,40.0097,-105.2427,1612.90
T,40.0097,-105.2427,1612.40
T,40.0097,-105.2427,1612.60
T,40.0097,-105.2427,1612.90
T,40.0097,-105.2428,1613.80
T,40.0097,-105.2428,1614.20
T,40.0097,-105.2428,1613.60
T,40.0097,-105.2428,1613.10
T,40.0096,-105.2428,1613.40
T,40.0096,-105.2428,1613.00
T,40.0096,-105.2428,1612.50
T,40.0097,-105.2428,1613.30
T,40.0097,-105.2428,1613.00
T,40.0096,-105.2428,1612.70
T,40.0096,-105.2429,1611.60
T,40.0096,-105.2429,1610.80
T,40.0096,-105.2429,1610.20
T,40.0096,-105.2429,1609.20
T,40.0096,-105.2429,1608.30
T,40.0096,-105.2429,1608.00
T,40.0096,-105.2429,1607.50
T,40.0096,-105.2429,1607.30
T,40.0096,-105.2429,1607.30
T,40.0095,-105.2429,1607.30
T,40.0095,-105.2428,1607.50
T,40.0095,-105.2428,1609.10
T,40.0095,-105.2428,1609.90
T,40.0095,-105.2428,1610.40
T,40.0095,-105.2428,1610.60
T,40.0095,-105.2428,1610.60
T,40.0095,-105.2428,1610.30
T,40.0094,-105.2428,1610.00
T,40.0094,-105.2428,1609.40
T,40.0094,-105.2428,1608.80
T,40.0094,-105.2428,1608.70
T,40.0094,-105.2428,1608.60
T,40.0094,-105.2428,1608.60
T,40.0094,-105.2428,1609.10
T,40.0094,-105.2428,1609.60
T,40.0094,-105.2428,1610.20
T,40.0094,-105.2428,1611.00
T,40.0093,-105.2428,1611.80
T,40.0093,-105.2428,1612.20
T,40.0093,-105.2428,1612.20
T,40.0093,-105.2428,1612.00
T,40.0093,-105.2428,1611.90
T,40.0093,-105.2428,1611.70
T,40.0093,-105.2428,1611.90
T,40.0093,-105.2428,1612.00
T,40.0092,-105.2428,1610.90
T,40.0092,-105.2428,1609.80
T,40.0092,-105.2428,1608.70
T,40.0092,-105.2428,1608.00
T,40.0092,-105.2428,1607.20
T,40.0092,-105.2428,1606.60
T,40.0092,-105.2428,1605.90
T,40.0092,-105.2428,1605.30
T,40.0092,-105.2428,1604.90
T,40.0091,-105.2427,1604.40
T,40.0091,-105.2427,1604.30
T,40.0091,-105.2427,1604.40
T,40.0091,-105.2427,1604.40
T,40.0091,-105.2427,1604.50
T,40.0091,-105.2427,1604.60
T,40.0091,-105.2427,1604.80
T,40.0091,-105.2427,1604.80
T,40.0091,-105.2427,1604.80
T,40.0091,-105.2427,1604.90
T,40.0091,-105.2427,1604.90
T,40.0090,-105.2427,1604.90
T,40.0090,-105.2427,1604.80
T,40.0090,-105.2426,1604.90
T,40.0090,-105.2426,1604.90
T,40.0090,-105.2426,1604.90
T,40.0090,-105.2426,1604.80
T,40.0090,-105.2426,1604.80
T,40.0090,-105.2426,1604.70
T,40.0090,-105.2426,1604.70
T,40.0090,-105.2426,1604.70
T,40.0090,-105.2426,1604.60
T,40.0090,-105.2426,1604.60
T,40.0090,-105.2426,1604.50
T,40.0090,-105.2425,1604.50
T,40.0090,-105.2425,1604.40
T,40.0090,-105.2425,1604.40
T,40.0090,-105.2425,1604.40
T,40.0090,-105.2425,1604.20
T,40.0090,-105.2425,1604.10
T,40.0090,-105.2425,1604.00
T,40.0090,-105.2425,1604.00
T,40.0090,-105.2424,1604.30
T,40.0090,-105.2424,1604.70
T,40.0090,-105.2424,1604.50
T,40.0090,-105.2424,1604.30
T,40.0090,-105.2424,1604.50
T,40.0090,-105.2423,1603.90
T,40.0090,-105.2423,1604.10
T,40.0090,-105.2423,1604.90
T,40.0090,-105.2423,1605.70
T,40.0090,-105.2422,1606.50
T,40.0090,-105.2422,1607.40
T,40.0090,-105.2422,1608.10
T,40.0090,-105.2422,1608.70
T,40.0090,-105.2422,1609.10
T,40.0090,-105.2422,1609.10
T,40.0089,-105.2422,1609.10
T,40.0089,-105.2422,1609.30
T,40.0089,-105.2422,1609.40
T,40.0089,-105.2422,1609.50
T,40.0089,-105.2422,1609.50
T,40.0089,-105.2422,1609.40
T,40.0089,-105.2422,1609.20
T,40.0089,-105.2422,1608.80
T,40.0089,-105.2421,1608.30
T,40.0089,-105.2421,1608.30
T,40.0089,-105.2421,1607.40
T,40.0089,-105.2421,1606.20
T,40.0089,-105.2421,1605.10
T,40.0089,-105.2421,1604.50
T,40.0089,-105.2421,1603.20
T,40.0088,-105.2420,1602.20
T,40.0088,-105.2420,1601.20
T,40.0089,-105.2420,1601.50
T,40.0089,-105.2420,1601.60
T,40.0089,-105.2420,1601.50
T,40.0089,-105.2420,1600.50
T,40.0089,-105.2420,1600.50
T,40.0089,-105.2420,1600.50
T,40.0089,-105.2420,1600.40
T,40.0089,-105.2420,1600.50
T,40.0089,-105.2419,1600.60
T,40.0089,-105.2419,1600.50
T,40.0089,-105.2419,1600.40
T,40.0089,-105.2419,1600.40
T,40.0089,-105.2419,1600.40
T,40.0089,-105.2419,1600.40
T,40.0089,-105.2419,1600.20
T,40.0089,-105.2419,1600.00
T,40.0089,-105.2419,1599.70
T,40.0089,-105.2419,1600.00
T,40.0089,-105.2419,1600.40
T,40.0089,-105.2419,1600.60
T,40.0089,-105.2419,1600.50
T,40.0089,-105.2419,1600.30
T,40.0089,-105.2418,1600.40
T,40.0089,-105.2418,1600.70
T,40.0089,-105.2418,1601.00
T,40.0090,-105.2418,1600.80
T,40.0089,-105.2417,1601.00
T,40.0089,-105.2416,1601.70
T,40.0089,-105.2416,1601.80
T,40.0090,-105.2416,1602.00
T,40.0090,-105.2416,1602.20
T,40.0090,-105.2416,1602.50
T,40.0090,-105.2416,1603.00
T,40.0090,-105.2417,1603.40
T,40.0090,-105.2417,1603.50
T,40.0090,-105.2417,1603.70
T,40.0090,-105.2417,1603.70
T,40.0091,-105.2417,1603.70
T,40.0091,-105.2417,1603.70
T,40.0091,-105.2417,1603.50
T,40.0091,-105.2417,1604.00
T,40.0091,-105.2417,1605.70
T,40.0091,-105.2417,1606.80
T,40.0092,-105.2417,1607.70
T,40.0092,-105.2417,1609.70
T,40.0092,-105.2417,1611.20
T,40.0092,-105.2417,1612.10
T,40.0092,-105.2417,1613.20
T,40.0092,-105.2417,1614.40
T,40.0092,-105.2417,1615.20
T,40.0092,-105.2417,1616.30
T,40.0092,-105.2417,1617.70
T,40.0093,-105.2417,1618.80
T,40.0093,-105.2417,1619.60
T,40.0093,-105.2417,1620.70
T,40.0093,-105.2417,1621.60
T,40.0093,-105.2417,1622.20
T,40.0093,-105.2417,1622.90
T,40.0093,-105.2417,1620.70
T,40.0094,-105.2417,1621.10
T,40.0094,-105.2417,1621.70
T,40.0094,-105.2417,1622.20
T,40.0094,-105.2417,1622.20
T,40.0094,-105.2416,1622.30
T,40.0094,-105.2416,1622.70
T,40.0094,-105.2416,1622.40
T,40.0094,-105.2416,1622.80
T,40.0094,-105.2416,1623.00
T,40.0094,-105.2416,1623.30
T,40.0094,-105.2415,1623.70
T,40.0094,-105.2415,1623.70
T,40.0094,-105.2415,1623.70
T,40.0094,-105.2415,1623.60
T,40.0094,-105.2415,1623.60
T,40.0094,-105.2415,1623.60
T,40.0094,-105.2415,1623.30
T,40.0094,-105.2414,1623.30
T,40.0094,-105.2414,1623.10
T,40.0094,-105.2414,1622.90
T,40.0094,-105.2414,1622.80
T,40.0094,-105.2414,1622.60
T,40.0094,-105.2414,1622.50
T,40.0094,-105.2414,1622.40
T,40.0094,-105.2413,1622.10
T,40.0094,-105.2413,1621.90
T,40.0094,-105.2413,1621.50
T,40.0094,-105.2413,1621.30
T,40.0094,-105.2413,1620.90
T,40.0094,-105.2413,1620.70
T,40.0094,-105.2413,1620.20
T,40.0094,-105.2413,1619.80
T,40.0094,-105.2413,1619.30
T,40.0094,-105.2413,1618.80
T,40.0094,-105.2413,1618.60
T,40.0094,-105.2413,1618.40
T,40.0095,-105.2413,1618.30
T,40.0095,-105.2413,1618.20
T,40.0095,-105.2413,1618.00
T,40.0095,-105.2413,1617.90
T,40.0095,-105.2413,1617.70
T,40.0095,-105.2413,1617.50
T,40.0095,-105.2413,1617.30
T,40.0095,-105.2413,1617.20
T,40.0095,-105.2413,1616.90
T,40.0095,-105.2413,1616.80
T,40.0095,-105.2413,1616.50
T,40.0096,-105.2413,1616.30
T,40.0096,-105.2413,1616.20
T,40.0096,-105.2413,1616.00
T,40.0096,-105.2413,1615.90
T,40.0096,-105.2413,1615.70
T,40.0096,-105.2413,1615.60
T,40.0096,-105.2412,1615.30
T,40.0096,-105.2412,1615.10
T,40.0096,-105.2412,1614.90
T,40.0096,-105.2412,1614.60
T,40.0096,-105.2412,1614.10
T,40.0096,-105.2412,1613.70
T,40.0096,-105.2412,1613.30
T,40.0096,-105.2412,1613.00
T,40.0096,-105.2411,1612.60
T,40.0096,-105.2411,1612.40
T,40.0096,-105.2411,1612.20
T,40.0096,-105.2411,1612.00
T,40.0096,-105.2411,1611.80
T,40.0096,-105.2411,1611.60
T,40.0096,-105.2410,1611.50
T,40.0096,-105.2410,1611.40
T,40.0096,-105.2410,1611.30
T,40.0096,-105.2410,1611.20
T,40.0097,-105.2410,1611.20
T,40.0097,-105.2410,1611.20
T,40.0097,-105.2410,1611.10
T,40.0097,-105.2410,1611.00
T,40.0097,-105.2410,1611.00
T,40.0097,-105.2410,1610.90
T,40.0097,-105.2410,1610.90
T,40.0097,-105.2410,1610.80
T,40.0097,-105.2410,1610.80
T,40.0097,-105.2410,1610.70
T,40.0098,-105.2410,1610.60
T,40.0098,-105.2410,1610.50
T,40.0098,-105.2410,1610.50
T,40.0098,-105.2410,1610.10
T,40.0098,-105.2410,1610.60
T,40.0098,-105.2410,1611.40
T,40.0098,-105.2410,1612.00
T,40.0098,-105.2410,1612.50
T,40.0098,-105.2410,1612.00
T,40.0098,-105.2410,1612.40
T,40.0098,-105.2410,1612.70
T,40.0099,-105.2410,1613.10
T,40.0099,-105.2410,1613.40
T,40.0099,-105.2410,1613.70
T,40.0099,-105.2410,1614.00
T,40.0099,-105.2410,1614.20
T,40.0099,-105.2410,1614.50
T,40.0099,-105.2410,1614.70
T,40.0099,-105.2410,1614.90
T,40.0099,-105.2410,1614.90
T,40.0099,-105.2410,1615.00
T,40.0099,-105.2410,1615.00
T,40.0099,-105.2410,1615.10
T,40.0099,-105.2410,1615.20
T,40.0099,-105.2410,1615.30
T,40.0099,-105.2410,1615.20
T,40.0099,-105.2410,1614.30
T,40.0100,-105.2410,1614.30
T,40.0100,-105.2410,1614.30
T,40.0100,-105.2411,1614.20
T,40.0100,-105.2411,1614.10
T,40.0100,-105.2411,1614.10
T,40.0100,-105.2411,1614.00
T,40.0101,-105.2411,1613.90
T,40.0101,-105.2411,1613.80
T,40.0101,-105.2411,1613.80
T,40.0101,-105.2411,1613.90
T,40.0101,-105.2411,1613.90
T,40.0101,-105.2411,1613.90
T,40.0102,-105.2411,1614.00
T,40.0102,-105.2411,1614.00
T,40.0102,-105.2411,1614.10
T,40.0102,-105.2411,1613.90
T,40.0102,-105.2411,1613.60
T,40.0102,-105.2411,1613.60
T,40.0102,-105.2411,1613.50
T,40.0102,-105.2411,1613.50
T,40.0102,-105.2411,1613.50
T,40.0102,-105.2411,1613.50
T,40.0102,-105.2411,1613.40
T,40.0103,-105.2411,1613.40
T,40.0103,-105.2411,1613.30
T,40.0103,-105.2411,1613.30
T,40.0103,-105.2411,1613.20
T,40.0103,-105.2411,1613.20
T,40.0103,-105.2411,1612.80
T,40.0103,-105.2411,1612.70
T,40.0103,-105.2411,1612.30
T,40.0103,-105.2411,1612.20
T,40.0103,-105.2411,1611.90
T,40.0103,-105.2411,1611.70
T,40.0104,-105.2411,1611.60
T,40.0104,-105.2411,1611.40
T,40.0104,-105.2411,1611.20
T,40.0104,-105.2412,1610.90
T,40.0104,-105.2412,1610.60
T,40.0104,-105.2412,1610.50
T,40.0104,-105.2412,1610.20
T,40.0104,-105.2412,1609.90
T,40.0104,-105.2412,1609.70
T,40.0105,-105.2412,1609.40
T,40.0105,-105.2412,1609.20
T,40.0105,-105.2412,1608.90
T,40.0105,-105.2412,1608.80
T,40.0105,-105.2412,1608.80
T,40.0105,-105.2413,1608.70
T,40.0105,-105.2413,1608.40
T,40.0105,-105.2413,1608.00
T,40.0105,-105.2413,1607.70
T,40.0105,-105.2413,1607.40
T,40.0105,-105.2413,1606.90
T,40.0105,-105.2413,1606.40
T,40.0105,-105.2414,1606.20
T,40.0105,-105.2414,1605.90
T,40.0105,-105.2414,1605.50
T,40.0105,-105.2414,1605.20
T,40.0105,-105.2414,1604.90
T,40.0105,-105.2414,1604.80
T,40.0105,-105.2415,1604.70
T,40.0105,-105.2415,1604.70
T,40.0105,-105.2415,1604.60
T,40.0105,-105.2415,1604.50
T,40.0105,-105.2415,1604.50
T,40.0105,-105.2415,1604.50
T,40.0105,-105.2416,1604.40
T,40.0105,-105.2416,1604.40
T,40.0105,-105.2416,1604.30
T,40.0105,-105.2416,1604.30
T,40.0105,-105.2416,1604.00
T,40.0105,-105.2416,1603.60
T,40.0105,-105.2417,1603.60
T,40.0105,-105.2417,1603.60
T,40.0105,-105.2417,1603.40
T,40.0105,-105.2417,1603.20
T,40.0105,-105.2417,1602.80
T,40.0105,-105.2417,1603.30
T,40.0105,-105.2418,1603.80
T,40.0105,-105.2418,1603.90
T,40.0105,-105.2418,1604.00
T,40.0104,-105.2418,1604.10
T,40.0104,-105.2418,1604.10
T,40.0104,-105.2418,1603.90
T,40.0104,-105.2418,1603.70
T,40.0104,-105.2418,1603.40
T,40.0104,-105.2418,1603.30
T,40.0104,-105.2419,1603.20
T,40.0105,-105.2419,1603.20
T,40.0105,-105.2419,1603.10
T,40.0105,-105.2419,1603.20
T,40.0105,-105.2419,1603.00
T,40.0105,-105.2419,1602.90
T,40.0105,-105.2419,1602.80
T,40.0105,-105.2419,1603.20
T,40.0105,-105.2420,1603.70
T,40.0105,-105.2420,1604.00
T,40.0105,-105.2420,1604.30
T,40.0106,-105.2420,1604.90
T,40.0106,-105.2420,1605.20
T,40.0106,-105.2420,1605.40
T,40.0106,-105.2420,1605.50
T,40.0106,-105.2420,1605.80
T,40.0106,-105.2420,1606.00
T,40.0106,-105.2420,1606.20
T,40.0107,-105.2420,1606.40
T,40.0107,-105.2420,1606.50
T,40.0107,-105.2420,1606.50
T,40.0107,-105.2420,1606.50
T,40.0107,-105.2420,1606.40
T,40.0107,-105.2420,1606.30
T,40.0107,-105.2420,1606.00
T,40.0107,-105.2420,1606.20
T,40.0107,-105.2420,1605.90
T,40.0108,-105.2420,1605.80
T,40.0108,-105.2420,1605.50
T,40.0108,-105.2420,1605.20
T,40.0108,-105.2421,1604.90
T,40.0108,-105.2421,1605.50
T,40.0108,-105.2421,1602.90
T,40.0108,-105.2421,1599.60
T,40.0108,-105.2421,1598.60
T,40.0108,-105.2421,1598.10
T,40.0108,-105.2421,1596.70
T,40.0108,-105.2421,1595.80
T,40.0108,-105.2421,1596.30
T,40.0108,-105.2422,1595.50
T,40.0108,-105.2422,1594.80
T,40.0108,-105.2422,1594.40
T,40.0108,-105.2422,1593.90
T,40.0108,-105.2422,1593.50
T,40.0108,-105.2422,1593.10
T,40.0108,-105.2423,1593.80
T,40.0108,-105.2423,1593.40
T,40.0108,-105.2423,1593.10
T,40.0108,-105.2423,1592.80
T,40.0108,-105.2423,1592.50
T,40.0108,-105.2424,1592.20
T,40.0108,-105.2424,1591.80
T,40.0108,-105.2424,1591.60
T,40.0108,-105.2424,1591.20
T,40.0108,-105.2424,1591.10
T,40.0108,-105.2424,1590.80
T,40.0108,-105.2425,1590.40
T,40.0108,-105.2425,1590.20
T,40.0108,-105.2425,1590.30
T,40.0108,-105.2425,1590.30
T,40.0108,-105.2425,1590.10
T,40.0108,-105.2425,1589.80
T,40.0108,-105.2425,1589.90
T,40.0108,-105.2426,1590.00
T,40.0108,-105.2426,1590.00
T,40.0108,-105.2426,1590.00
T,40.0108,-105.2426,1589.90
T,40.0108,-105.2426,1590.00
T,40.0108,-105.2426,1590.20
T,40.0108,-105.2427,1590.30
T,40.0108,-105.2427,1590.30
T,40.0108,-105.2427,1590.20
T,40.0107,-105.2427,1590.30
T,40.0108,-105.2427,1590.30
T,40.0107,-105.2427,1590.30
T,40.0107,-105.2428,1590.40
T,40.0107,-105.2428,1590.50
T,40.0107,-105.2428,1590.60
T,40.0107,-105.2428,1590.80
T,40.0107,-105.2428,1590.90
T,40.0107,-105.2428,1591.10
T,40.0107,-105.2429,1591.40
T,40.0107,-105.2429,1591.30
T,40.0107,-105.2429,1591.20
T,40.0107,-105.2429,1591.10
T,40.0107,-105.2429,1591.10
T,40.0107,-105.2429,1591.00
T,40.0107,-105.2430,1591.00
T,40.0107,-105.2430,1590.30
T,40.0107,-105.2430,1589.80
T,40.0107,-105.2430,1590.30
T,40.0107,-105.2430,1590.20
T,40.0107,-105.2430,1590.30
T,40.0107,-105.2430,1590.10
T,40.0107,-105.2431,1590.40
T,40.0107,-105.2431,1590.10
T,40.0107,-105.2431,1590.10
T,40.0107,-105.2431,1590.10
T,40.0107,-105.2431,1590.10
T,40.0107,-105.2432,1591.20
T,40.0106,-105.2432,1592.00
T,40.0106,-105.2433,1592.70
T,40.0106,-105.2433,1593.50
T,40.0106,-105.2433,1594.30
T,40.0106,-105.2433,1594.70
T,40.0106,-105.2433,1595.30
T,40.0106,-105.2433,1595.90
T,40.0106,-105.2434,1596.30
T,40.0106,-105.2434,1596.80
T,40.0106,-105.2434,1597.10
T,40.0106,-105.2434,1597.40
T,40.0106,-105.2435,1597.60
T,40.0106,-105.2435,1597.30
T,40.0105,-105.2435,1596.80
T,40.0105,-105.2435,1595.90
T,40.0105,-105.2435,1594.90
T,40.0105,-105.2435,1594.50
T,40.0104,-105.2435,1594.50
T,40.0104,-105.2436,1594.60
T,40.0104,-105.2436,1594.60
T,40.0104,-105.2436,1594.50
T,40.0104,-105.2436,1594.30
T,40.0105,-105.2436,1594.40
T,40.0105,-105.2436,1594.80
T,40.0105,-105.2436,1595.00
T,40.0105,-105.2437,1595.40
T,40.0105,-105.2437,1596.20
T,40.0105,-105.2437,1596.60
T,40.0105,-105.2437,1596.80
T,40.0105,-105.2437,1597.30
T,40.0105,-105.2437,1597.70
T,40.0105,-105.2437,1598.20
T,40.0105,-105.2437,1598.30
T,40.0105,-105.2437,1598.20
T,40.0105,-105.2437,1598.00
T,40.0105,-105.2437,1597.40
T,40.0105,-105.2437,1597.30
T,40.0105,-105.2437,1597.30
T,40.0105,-105.2437,1597.30
T,40.0105,-105.2437,1597.30
T,40.0104,-105.2437,1597.30
T,40.0104,-105.2437,1597.30
T,40.0104,-105.2437,1597.20
T,40.0104,-105.2437,1597.20
T,40.0104,-105.2437,1597.10
T,40.0104,-105.2437,1597.10
T,40.0104,-105.2437,1597.00
T,40.0104,-105.2437,1597.00
T,40.0104,-105.2437,1596.90
T,40.0104,-105.2437,1596.90
T,40.0104,-105.2437,1596.90
