type,latitude,longitude,altitude
T,40.0109,-105.2412,1620.00
T,40.0109,-105.2412,1619.00
T,40.0109,-105.2413,1616.20
T,40.0109,-105.2413,1616.50
T,40.0109,-105.2413,1617.00
T,40.0109,-105.2413,1617.40
T,40.0109,-105.2413,1617.40
T,40.0109,-105.2413,1618.20
T,40.0110,-105.2413,1617.70
T,40.0110,-105.2413,1618.70
T,40.0110,-105.2413,1619.90
T,40.0109,-105.2413,1621.50
T,40.0109,-105.2413,1622.70
T,40.0109,-105.2413,1623.60
T,40.0110,-105.2413,1624.20
T,40.0110,-105.2413,1624.70
T,40.0109,-105.2413,1625.40
T,40.0109,-105.2413,1625.90
T,40.0109,-105.2413,1626.30
T,40.0109,-105.2413,1626.60
T,40.0110,-105.2414,1624.90
T,40.0110,-105.2414,1624.20
T,40.0110,-105.2414,1623.50
T,40.0110,-105.2415,1623.70
T,40.0110,-105.2415,1624.00
T,40.0110,-105.2415,1624.10
T,40.0110,-105.2415,1624.50
T,40.0110,-105.2415,1625.00
T,40.0110,-105.2415,1625.50
T,40.0110,-105.2415,1626.00
T,40.0110,-105.2415,1626.40
T,40.0110,-105.2415,1626.60
T,40.0110,-105.2415,1626.80
T,40.0110,-105.2415,1626.90
T,40.0110,-105.2415,1627.40
T,40.0110,-105.2415,1627.70
T,40.0110,-105.2415,1628.20
T,40.0110,-105.2415,1628.40
T,40.0110,-105.2415,1628.60
T,40.0110,-105.2415,1628.70
T,40.0110,-105.2415,1628.70
T,40.0110,-105.2415,1629.10
T,40.0110,-105.2414,1630.30
T,40.0110,-105.2414,1631.30
T,40.0110,-105.2414,1632.20
T,40.0110,-105.2414,1632.80
T,40.0110,-105.2414,1633.10
T,40.0110,-105.2414,1633.50
T,40.0110,-105.2414,1633.90
T,40.0110,-105.2414,1634.10
T,40.0110,-105.2414,1634.20
T,40.0110,-105.2414,1634.20
T,40.0110,-105.2414,1634.30
T,40.0110,-105.2414,1634.30
T,40.0110,-105.2414,1634.40
T,40.0110,-105.2414,1634.30
T,40.0109,-105.2414,1634.00
T,40.0109,-105.2414,1633.70
T,40.0109,-105.2414,1633.30
T,40.0109,-105.2414,1633.00
T,40.0109,-105.2414,1632.60
T,40.0109,-105.2414,1632.50
T,40.0109,-105.2414,1632.40
T,40.0109,-105.2414,1632.40
T,40.0109,-105.2414,1632.50
T,40.0109,-105.2414,1632.50
T,40.0109,-105.2414,1632.60
T,40.0109,-105.2414,1632.60
T,40.0109,-105.2414,1632.70
T,40.0109,-105.2414,1632.70
T,40.0109,-105.2414,1632.60
T,40.0109,-105.2414,1632.40
T,40.0109,-105.2414,1632.20
T,40.0109,-105.2414,1631.90
T,40.0109,-105.2414,1631.60
T,40.0109,-105.2414,1631.40
T,40.0109,-105.2414,1631.40
T,40.0109,-105.2414,1631.40
T,40.0109,-105.2414,1631.60
T,40.0109,-105.2414,1631.70
T,40.0109,-105.2414,1631.90
T,40.0109,-105.2414,1632.10
T,40.0109,-105.2414,1632.10
T,40.0109,-105.2414,1632.10
T,40.0109,-105.2414,1632.00
T,40.0109,-105.2414,1631.90
T,40.0109,-105.2414,1631.50
T,40.0109,-105.2414,1631.20
T,40.0109,-105.2414,1631.20
T,40.0109,-105.2414,1631.30
T,40.0109,-105.2414,1631.30
T,40.0109,-105.2414,1631.30
T,40.0109,-105.2414,1631.30
T,40.0109,-105.2414,1631.30
T,40.0109,-105.2414,1631.30
T,40.0109,-105.2414,1631.30
T,40.0109,-105.2414,1631.30
T,40.0109,-105.2414,1631.30
T,40.0109,-105.2414,1631.20
T,40.0109,-105.2414,1631.20
T,40.0109,-105.2414,1631.20
T,40.0109,-105.2414,1631.20
T,40.0109,-105.2414,1631.20
T,40.0109,-105.2414,1631.20
T,40.0109,-105.2414,1631.20
T,40.0109,-105.2414,1631.20
T,40.0109,-105.2414,1631.20
T,40.0109,-105.2414,1631.20
T,40.0109,-105.2414,1631.20
T,40.0109,-105.2414,1631.20
T,40.0109,-105.2414,1631.20
T,40.0109,-105.2414,1631.20
T,40.0109,-105.2414,1631.20
T,40.0109,-105.2414,1631.20
T,40.0109,-105.2414,1631.20
T,40.0109,-105.2414,1631.20
T,40.0109,-105.2414,1631.20
T,40.0109,-105.2414,1631.20
T,40.0109,-105.2414,1631.20
T,40.0109,-105.2414,1631.20
T,40.0109,-105.2414,1631.20
T,40.0109,-105.2414,1631.20
T,40.0109,-105.2414,1631.20
T,40.0109,-105.2414,1631.20
T,40.0109,-105.2414,1631.20
T,40.0109,-105.2414,1631.20
T,40.0110,-105.2414,1631.20
T,40.0110,-105.2414,1631.20
T,40.0110,-105.2414,1631.20
T,40.0110,-105.2414,1631.20
T,40.0110,-105.2414,1631.20
T,40.0110,-105.2414,1631.10
T,40.0110,-105.2414,1631.10
T,40.0110,-105.2414,1630.80
T,40.0110,-105.2414,1630.80
T,40.0110,-105.2414,1630.80
T,40.0110,-105.2414,1630.80
T,40.0110,-105.2414,1630.80
T,40.0110,-105.2414,1630.80
T,40.0110,-105.2414,1630.80
T,40.0110,-105.2414,1630.80
T,40.0110,-105.2414,1630.80
T,40.0110,-105.2414,1630.80
T,40.0110,-105.2414,1630.80
T,40.0110,-105.2414,1630.80
T,40.0110,-105.2414,1630.80
T,40.0110,-105.2414,1630.80
T,40.0110,-105.2414,1630.80
T,40.0110,-105.2414,1630.80
T,40.0110,-105.2414,1630.80
T,40.0110,-105.2414,1630.80
T,40.0110,-105.2414,1630.80
T,40.0110,-105.2414,1630.70
T,40.0110,-105.2414,1630.70
T,40.0110,-105.2414,1630.70
T,40.0110,-105.2414,1630.70
T,40.0110,-105.2414,1630.70
T,40.0110,-105.2414,1630.70
T,40.0110,-105.2414,1630.70
T,40.0110,-105.2414,1630.70
T,40.0110,-105.2414,1630.70
T,40.0110,-105.2414,1630.70
T,40.0110,-105.2414,1630.70
T,40.0110,-105.2414,1630.70
T,40.0110,-105.2414,1630.70
T,40.0110,-105.2414,1630.70
T,40.0110,-105.2414,1630.70
T,40.0110,-105.2414,1630.70
T,40.0110,-105.2414,1630.70
T,40.0110,-105.2414,1630.70
T,40.0110,-105.2414,1630.70
T,40.0110,-105.2414,1630.70
T,40.0110,-105.2414,1630.70
T,40.0110,-105.2414,1630.70
T,40.0110,-105.2414,1630.70
T,40.0110,-105.2414,1630.70
T,40.0110,-105.2414,1630.70
T,40.0110,-105.2414,1630.70
T,40.0110,-105.2414,1630.70
T,40.0110,-105.2414,1630.70
T,40.0110,-105.2414,1630.70
T,40.0110,-105.2414,1630.70
T,40.0110,-105.2414,1630.70
T,40.0110,-105.2414,1630.70
T,40.0110,-105.2414,1630.70
T,40.0110,-105.2414,1630.70
T,40.0110,-105.2414,1630.70
T,40.0110,-105.2414,1630.70
T,40.0110,-105.2414,1630.70
T,40.0110,-105.2414,1630.70
T,40.0110,-105.2414,1630.70
T,40.0110,-105.2414,1630.60
T,40.0110,-105.2414,1630.60
T,40.0110,-105.2414,1630.60
T,40.0110,-105.2414,1630.60
T,40.0110,-105.2414,1630.60
T,40.0110,-105.2414,1630.60
T,40.0110,-105.2414,1630.60
T,40.0110,-105.2414,1630.60
T,40.0110,-105.2414,1630.60
T,40.0110,-105.2414,1630.60
T,40.0110,-105.2414,1630.60
T,40.0110,-105.2414,1630.60
T,40.0110,-105.2414,1630.60
T,40.0110,-105.2414,1630.60
T,40.0110,-105.2414,1630.60
T,40.0110,-105.2414,1630.60
T,40.0110,-105.2414,1630.50
T,40.0110,-105.2414,1630.50
T,40.0110,-105.2414,1630.50
T,40.0110,-105.2414,1630.50
T,40.0110,-105.2414,1630.50
T,40.0110,-105.2414,1630.50
T,40.0110,-105.2414,1630.50
T,40.0110,-105.2414,1630.50
T,40.0110,-105.2414,1630.50
T,40.0110,-105.2414,1630.50
T,40.0110,-105.2414,1630.50
T,40.0110,-105.2414,1630.50
T,40.0110,-105.2414,1630.50
T,40.0110,-105.2414,1630.50
T,40.0110,-105.2414,1630.50
T,40.0110,-105.2414,1630.50
T,40.0110,-105.2414,1630.50
T,40.0110,-105.2414,1630.50
T,40.0110,-105.2414,1630.50
T,40.0110,-105.2414,1630.50
T,40.0110,-105.2414,1630.50
T,40.0110,-105.2414,1630.50
T,40.0110,-105.2414,1630.50
T,40.0110,-105.2414,1630.50
T,40.0110,-105.2414,1630.50
T,40.0110,-105.2414,1630.50
T,40.0110,-105.2414,1630.50
T,40.0110,-105.2414,1630.50
T,40.0110,-105.2414,1630.50
T,40.0110,-105.2414,1630.50
T,40.0110,-105.2414,1630.50
T,40.0110,-105.2414,1630.40
T,40.0110,-105.2414,1630.40
T,40.0110,-105.2414,1630.40
T,40.0110,-105.2414,1630.40
T,40.0110,-105.2414,1630.40
T,40.0110,-105.2414,1630.40
T,40.0110,-105.2414,1630.40
T,40.0110,-105.2414,1630.40
T,40.0110,-105.2414,1630.40
T,40.0110,-105.2414,1630.40
T,40.0110,-105.2414,1630.40
T,40.0110,-105.2414,1630.40
T,40.0110,-105.2414,1630.40
T,40.0110,-105.2414,1630.40
T,40.0110,-105.2414,1630.40
T,40.0110,-105.2414,1630.40
T,40.0110,-105.2414,1630.40
T,40.0110,-105.2414,1630.40
T,40.0110,-105.2414,1630.40
T,40.0110,-105.2414,1630.40
T,40.0110,-105.2414,1630.40
T,40.0110,-105.2414,1630.40
T,40.0110,-105.2414,1630.40
T,40.0110,-105.2414,1630.40
T,40.0110,-105.2414,1630.40
T,40.0110,-105.2414,1630.40
T,40.0110,-105.2414,1630.40
T,40.0110,-105.2414,1630.40
T,40.0110,-105.2414,1630.40
T,40.0110,-105.2414,1630.40
T,40.0110,-105.2414,1630.40
T,40.0110,-105.2414,1630.40
T,40.0110,-105.2414,1630.40
T,40.0110,-105.2414,1630.40
T,40.0110,-105.2414,1630.40
T,40.0110,-105.2414,1630.40
T,40.0110,-105.2414,1630.40
T,40.0110,-105.2414,1630.40
T,40.0110,-105.2414,1630.40
T,40.0110,-105.2414,1630.30
T,40.0110,-105.2414,1630.30
T,40.0110,-105.2414,1630.30
T,40.0110,-105.2414,1630.30
T,40.0110,-105.2414,1630.30
T,40.0110,-105.2414,1630.30
T,40.0110,-105.2414,1630.30
T,40.0110,-105.2414,1630.30
T,40.0110,-105.2414,1630.30
T,40.0110,-105.2414,1630.30
T,40.0110,-105.2414,1630.30
T,40.0110,-105.2414,1630.30
T,40.0110,-105.2414,1630.30
T,40.0110,-105.2414,1630.30
T,40.0110,-105.2414,1630.30
T,40.0110,-105.2414,1630.30
T,40.0110,-105.2414,1630.30
T,40.0110,-105.2414,1630.30
T,40.0110,-105.2414,1630.20
T,40.0110,-105.2414,1630.20
T,40.0110,-105.2414,1630.20
T,40.0110,-105.2414,1630.20
T,40.0110,-105.2414,1630.20
T,40.0110,-105.2414,1630.20
T,40.0110,-105.2414,1630.20
T,40.0110,-105.2414,1630.20
T,40.0110,-105.2414,1630.20
T,40.0110,-105.2414,1630.20
T,40.0110,-105.2414,1630.20
T,40.0110,-105.2414,1630.20
T,40.0110,-105.2414,1630.20
T,40.0110,-105.2414,1630.20
T,40.0110,-105.2414,1630.20
T,40.0110,-105.2414,1630.20
T,40.0110,-105.2414,1630.20
T,40.0110,-105.2414,1630.20
T,40.0110,-105.2414,1630.10
T,40.0110,-105.2414,1630.10
T,40.0110,-105.2414,1630.10
T,40.0110,-105.2414,1630.10
T,40.0110,-105.2414,1630.10
T,40.0110,-105.2414,1630.10
T,40.0110,-105.2414,1630.10
T,40.0110,-105.2414,1630.10
T,40.0110,-105.2414,1630.10
T,40.0110,-105.2414,1630.10
T,40.0110,-105.2414,1630.10
T,40.0110,-105.2414,1630.10
T,40.0110,-105.2414,1630.10
T,40.0110,-105.2414,1630.10
T,40.0110,-105.2414,1630.10
T,40.0110,-105.2414,1630.10
T,40.0110,-105.2414,1630.10
T,40.0110,-105.2414,1630.10
T,40.0110,-105.2414,1630.10
T,40.0110,-105.2414,1630.10
T,40.0110,-105.2414,1630.10
T,40.0110,-105.2414,1630.00
T,40.0110,-105.2414,1630.00
T,40.0110,-105.2414,1630.00
T,40.0110,-105.2414,1630.00
T,40.0110,-105.2414,1630.00
T,40.0110,-105.2414,1630.00
T,40.0110,-105.2414,1630.00
T,40.0110,-105.2414,1630.00
T,40.0110,-105.2414,1630.00
T,40.0110,-105.2414,1630.00
T,40.0110,-105.2414,1630.00
T,40.0110,-105.2414,1630.00
T,40.0110,-105.2414,1630.00
T,40.0110,-105.2414,1630.00
T,40.0110,-105.2414,1630.00
T,40.0110,-105.2414,1630.00
T,40.0110,-105.2414,1629.90
T,40.0110,-105.2414,1629.90
T,40.0110,-105.2414,1629.90
T,40.0110,-105.2414,1629.90
T,40.0110,-105.2414,1629.90
T,40.0110,-105.2414,1629.90
T,40.0110,-105.2414,1629.90
T,40.0110,-105.2414,1629.90
T,40.0110,-105.2414,1629.90
T,40.0110,-105.2414,1629.90
T,40.0110,-105.2414,1629.90
T,40.0110,-105.2414,1629.90
T,40.0110,-105.2414,1629.80
T,40.0110,-105.2414,1629.80
T,40.0110,-105.2414,1629.80
T,40.0110,-105.2414,1629.80
T,40.0110,-105.2414,1629.80
T,40.0110,-105.2414,1629.80
T,40.0110,-105.2414,1629.80
T,40.0110,-105.2414,1629.80
T,40.0110,-105.2414,1629.80
T,40.0110,-105.2414,1629.80
T,40.0110,-105.2414,1629.80
T,40.0110,-105.2414,1629.70
T,40.0110,-105.2414,1629.70
T,40.0110,-105.2414,1629.70
T,40.0110,-105.2414,1629.70
T,40.0110,-105.2414,1629.70
T,40.0110,-105.2414,1629.70
T,40.0110,-105.2414,1629.70
T,40.0110,-105.2414,1629.70
T,40.0110,-105.2414,1629.70
T,40.0110,-105.2414,1629.70
T,40.0110,-105.2414,1629.70
T,40.0110,-105.2414,1629.70
T,40.0110,-105.2414,1629.60
T,40.0110,-105.2414,1629.60
T,40.0110,-105.2414,1629.60
T,40.0110,-105.2414,1629.60
T,40.0110,-105.2414,1629.60
T,40.0110,-105.2414,1629.60
T,40.0110,-105.2414,1629.60
T,40.0110,-105.2414,1629.60
T,40.0110,-105.2414,1629.60
T,40.0110,-105.2414,1629.60
T,40.0110,-105.2414,1629.60
T,40.0110,-105.2414,1629.60
T,40.0110,-105.2414,1629.50
T,40.0110,-105.2414,1629.50
T,40.0110,-105.2414,1629.50
T,40.0110,-105.2414,1629.50
T,40.0110,-105.2414,1629.50
T,40.0110,-105.2414,1629.50
T,40.0110,-105.2414,1629.50
T,40.0110,-105.2414,1629.50
T,40.0110,-105.2414,1629.50
T,40.0110,-105.2414,1629.40
T,40.0110,-105.2414,1629.40
T,40.0110,-105.2414,1629.40
T,40.0110,-105.2414,1629.40
T,40.0110,-105.2414,1629.40
T,40.0110,-105.2414,1629.40
T,40.0110,-105.2414,1629.40
T,40.0110,-105.2414,1629.40
T,40.0110,-105.2414,1629.40
T,40.0110,-105.2414,1629.40
T,40.0110,-105.2414,1629.40
T,40.0110,-105.2414,1629.40
T,40.0110,-105.2414,1629.30
T,40.0110,-105.2414,1629.30
T,40.0110,-105.2414,1629.30
T,40.0110,-105.2414,1629.30
T,40.0110,-105.2414,1629.30
T,40.0110,-105.2414,1629.30
T,40.0110,-105.2414,1629.30
T,40.0110,-105.2414,1629.30
T,40.0110,-105.2414,1629.30
T,40.0110,-105.2414,1629.30
T,40.0110,-105.2414,1629.30
T,40.0110,-105.2414,1629.30
T,40.0110,-105.2414,1629.30
T,40.0110,-105.2414,1629.30
T,40.0110,-105.2414,1629.20
T,40.0110,-105.2414,1629.20
T,40.0110,-105.2414,1629.20
T,40.0110,-105.2414,1629.20
T,40.0110,-105.2414,1629.20
T,40.0110,-105.2414,1629.20
T,40.0110,-105.2414,1629.20
T,40.0110,-105.2414,1629.20
T,40.0110,-105.2414,1629.20
T,40.0110,-105.2414,1629.20
T,40.0110,-105.2414,1629.20
T,40.0110,-105.2414,1629.20
T,40.0110,-105.2414,1629.20
T,40.0110,-105.2414,1629.10
T,40.0110,-105.2414,1629.10
T,40.0110,-105.2414,1629.10
T,40.0110,-105.2414,1629.10
T,40.0110,-105.2414,1629.10
T,40.0110,-105.2414,1629.10
T,40.0110,-105.2414,1629.10
T,40.0110,-105.2414,1629.10
T,40.0110,-105.2414,1629.10
T,40.0110,-105.2414,1629.10
T,40.0110,-105.2414,1629.10
T,40.0110,-105.2414,1629.10
T,40.0110,-105.2414,1629.10
T,40.0110,-105.2414,1629.00
T,40.0110,-105.2414,1629.00
T,40.0110,-105.2414,1629.00
T,40.0110,-105.2414,1629.00
T,40.0110,-105.2414,1629.00
T,40.0110,-105.2414,1629.00
T,40.0110,-105.2414,1629.00
T,40.0110,-105.2414,1628.90
T,40.0110,-105.2414,1628.90
T,40.0110,-105.2414,1628.90
T,40.0110,-105.2414,1628.80
T,40.0110,-105.2414,1628.80
T,40.0110,-105.2414,1628.70
T,40.0110,-105.2414,1628.70
T,40.0110,-105.2414,1628.60
T,40.0110,-105.2414,1628.50
T,40.0110,-105.2414,1628.50
T,40.0110,-105.2414,1628.40
T,40.0110,-105.2414,1628.40
T,40.0110,-105.2414,1628.30
T,40.0110,-105.2414,1628.20
T,40.0110,-105.2414,1628.10
T,40.0110,-105.2414,1628.00
T,40.0110,-105.2414,1628.00
T,40.0110,-105.2414,1627.90
T,40.0110,-105.2414,1627.80
T,40.0110,-105.2414,1627.70
T,40.0110,-105.2414,1627.60
T,40.0110,-105.2414,1627.50
T,40.0110,-105.2414,1627.40
T,40.0110,-105.2414,1627.20
T,40.0110,-105.2414,1627.10
T,40.0110,-105.2414,1627.00
T,40.0110,-105.2414,1626.90
T,40.0110,-105.2414,1626.80
T,40.0110,-105.2414,1626.70
T,40.0110,-105.2414,1626.50
T,40.0110,-105.2414,1626.40
T,40.0110,-105.2414,1626.30
T,40.0110,-105.2414,1626.10
T,40.0110,-105.2414,1625.80
T,40.0110,-105.2414,1625.30
T,40.0110,-105.2414,1625.00
T,40.0110,-105.2414,1624.50
T,40.0110,-105.2414,1624.10
T,40.0110,-105.2414,1623.70
T,40.0110,-105.2414,1623.30
T,40.0110,-105.2414,1622.80
T,40.0110,-105.2414,1622.50
T,40.0110,-105.2414,1622.10
T,40.0110,-105.2414,1621.80
T,40.0110,-105.2414,1621.40
T,40.0110,-105.2414,1621.10
T,40.0110,-105.2414,1620.90
T,40.0110,-105.2414,1620.70
T,40.0110,-105.2414,1620.60
T,40.0110,-105.2414,1620.40
T,40.0110,-105.2414,1620.20
T,40.0110,-105.2414,1620.00
T,40.0110,-105.2414,1619.80
T,40.0110,-105.2414,1619.70
T,40.0110,-105.2414,1619.50
T,40.0110,-105.2414,1619.30
T,40.0110,-105.2414,1619.10
T,40.0110,-105.2414,1618.90
T,40.0110,-105.2414,1618.70
T,40.0110,-105.2414,1618.60
T,40.0110,-105.2414,1618.40
T,40.0110,-105.2414,1618.20
T,40.0110,-105.2414,1618.00
T,40.0110,-105.2414,1617.80
T,40.0110,-105.2414,1617.70
T,40.0110,-105.2414,1617.50
T,40.0110,-105.2414,1617.30
T,40.0110,-105.2414,1617.20
T,40.0110,-105.2414,1617.00
T,40.0110,-105.2414,1616.90
T,40.0110,-105.2414,1616.70
T,40.0110,-105.2414,1616.50
T,40.0110,-105.2414,1616.40
T,40.0110,-105.2414,1616.20
T,40.0110,-105.2414,1616.10
T,40.0110,-105.2414,1615.90
T,40.0110,-105.2414,1615.70
T,40.0110,-105.2414,1615.60
T,40.0110,-105.2414,1615.40
T,40.0110,-105.2414,1615.30
T,40.0110,-105.2414,1615.10
T,40.0110,-105.2414,1615.00
T,40.0110,-105.2414,1614.80
T,40.0110,-105.2414,1614.70
T,40.0110,-105.2414,1614.50
T,40.0110,-105.2414,1614.40
T,40.0110,-105.2414,1614.30
T,40.0110,-105.2415,1614.10
T,40.0110,-105.2415,1614.00
T,40.0110,-105.2415,1613.80
T,40.0110,-105.2415,1613.70
T,40.0110,-105.2415,1613.60
T,40.0110,-105.2415,1613.40
T,40.0110,-105.2415,1613.30
T,40.0110,-105.2415,1613.10
T,40.0110,-105.2415,1613.00
T,40.0110,-105.2415,1612.80
T,40.0110,-105.2415,1612.70
T,40.0110,-105.2415,1612.50
T,40.0110,-105.2415,1612.40
T,40.0110,-105.2415,1612.30
T,40.0110,-105.2415,1612.10
T,40.0110,-105.2415,1612.00
T,40.0110,-105.2415,1611.80
T,40.0110,-105.2415,1611.70
T,40.0110,-105.2415,1611.50
T,40.0110,-105.2415,1611.40
T,40.0110,-105.2415,1611.30
T,40.0110,-105.2415,1611.10
T,40.0110,-105.2415,1611.00
T,40.0110,-105.2415,1610.90
T,40.0110,-105.2415,1610.70
T,40.0110,-105.2415,1610.60
T,40.0110,-105.2415,1610.40
T,40.0110,-105.2415,1610.30
T,40.0110,-105.2415,1610.20
T,40.0110,-105.2415,1610.00
T,40.0110,-105.2415,1609.90
T,40.0110,-105.2415,1609.80
T,40.0110,-105.2415,1609.60
T,40.0110,-105.2415,1609.50
T,40.0110,-105.2415,1609.30
T,40.0110,-105.2415,1609.20
T,40.0110,-105.2415,1609.00
T,40.0110,-105.2415,1608.90
T,40.0110,-105.2415,1608.70
T,40.0110,-105.2415,1608.60
T,40.0110,-105.2415,1608.50
T,40.0110,-105.2415,1608.30
T,40.0110,-105.2415,1608.20
T,40.0110,-105.2415,1608.00
T,40.0110,-105.2415,1607.90
T,40.0110,-105.2415,1607.80
T,40.0110,-105.2415,1607.60
T,40.0110,-105.2415,1607.50
T,40.0110,-105.2415,1607.30
T,40.0110,-105.2415,1607.20
T,40.0110,-105.2415,1607.00
T,40.0110,-105.2415,1606.90
T,40.0110,-105.2415,1606.80
T,40.0110,-105.2415,1606.60
T,40.0110,-105.2415,1606.50
T,40.0110,-105.2415,1606.40
T,40.0110,-105.2415,1606.20
T,40.0110,-105.2415,1606.10
T,40.0110,-105.2415,1606.00
T,40.0110,-105.2415,1605.80
T,40.0110,-105.2415,1605.70
T,40.0110,-105.2415,1605.60
T,40.0110,-105.2415,1605.40
T,40.0110,-105.2415,1605.30
T,40.0110,-105.2415,1605.20
T,40.0110,-105.2415,1605.00
T,40.0110,-105.2415,1604.90
T,40.0110,-105.2415,1604.80
T,40.0110,-105.2415,1604.60
T,40.0110,-105.2415,1604.50
T,40.0110,-105.2415,1604.40
T,40.0110,-105.2415,1604.20
T,40.0110,-105.2415,1604.10
T,40.0110,-105.2415,1604.00
T,40.0110,-105.2415,1603.80
T,40.0110,-105.2415,1603.70
T,40.0110,-105.2415,1603.50
T,40.0110,-105.2415,1603.40
T,40.0110,-105.2415,1603.30
T,40.0110,-105.2415,1603.10
T,40.0110,-105.2415,1603.00
T,40.0110,-105.2415,1602.90
T,40.0110,-105.2415,1602.70
T,40.0110,-105.2415,1602.60
T,40.0110,-105.2415,1602.40
T,40.0110,-105.2415,1602.30
T,40.0110,-105.2415,1602.20
T,40.0110,-105.2415,1602.00
T,40.0110,-105.2415,1601.90
T,40.0110,-105.2414,1601.80
T,40.0110,-105.2414,1601.60
T,40.0110,-105.2414,1601.50
T,40.0110,-105.2414,1601.40
T,40.0110,-105.2414,1601.30
T,40.0110,-105.2414,1601.20
T,40.0110,-105.2414,1601.00
T,40.0110,-105.2414,1600.90
T,40.0110,-105.2414,1600.80
T,40.0110,-105.2414,1600.70
T,40.0110,-105.2414,1600.60
T,40.0110,-105.2414,1600.50
T,40.0110,-105.2414,1600.30
T,40.0110,-105.2414,1600.20
T,40.0110,-105.2414,1600.10
T,40.0110,-105.2414,1600.00
T,40.0110,-105.2414,1599.90
T,40.0110,-105.2414,1599.80
T,40.0110,-105.2414,1599.70
T,40.0110,-105.2414,1599.70
T,40.0110,-105.2414,1599.60
T,40.0110,-105.2414,1599.50
T,40.0110,-105.2414,1599.40
T,40.0110,-105.2414,1599.30
T,40.0110,-105.2414,1599.20
T,40.0110,-105.2414,1599.10
T,40.0110,-105.2414,1599.00
T,40.0110,-105.2414,1599.00
T,40.0110,-105.2414,1598.90
T,40.0110,-105.2414,1598.80
T,40.0110,-105.2414,1598.70
T,40.0110,-105.2414,1598.60
T,40.0110,-105.2414,1598.60
T,40.0110,-105.2414,1598.50
T,40.0110,-105.2414,1598.40
T,40.0110,-105.2414,1598.30
T,40.0110,-105.2414,1598.30
T,40.0110,-105.2414,1598.20
T,40.0110,-105.2414,1598.10
T,40.0110,-105.2414,1598.10
T,40.0110,-105.2414,1598.00
T,40.0110,-105.2414,1597.90
T,40.0110,-105.2414,1597.90
T,40.0110,-105.2414,1597.80
T,40.0110,-105.2414,1597.80
T,40.0110,-105.2414,1597.70
T,40.0110,-105.2414,1597.60
T,40.0110,-105.2414,1597.60
T,40.0110,-105.2414,1597.50
T,40.0110,-105.2415,1597.50
T,40.0111,-105.2415,1597.40
T,40.0111,-105.2415,1597.40
T,40.0111,-105.2415,1597.30
T,40.0111,-105.2415,1597.30
T,40.0111,-105.2415,1597.20
T,40.0111,-105.2415,1597.20
T,40.0111,-105.2415,1597.10
T,40.0111,-105.2415,1597.10
T,40.0111,-105.2415,1597.00
T,40.0111,-105.2415,1597.00
T,40.0111,-105.2415,1597.00
T,40.0111,-105.2415,1596.90
T,40.0111,-105.2415,1596.90
T,40.0111,-105.2415,1596.80
T,40.0111,-105.2415,1596.80
T,40.0111,-105.2415,1596.80
T,40.0111,-105.2415,1596.70
T,40.0111,-105.2415,1596.70
T,40.0111,-105.2415,1596.70
T,40.0111,-105.2415,1596.60
T,40.0111,-105.2415,1596.60
T,40.0111,-105.2415,1596.60
T,40.0111,-105.2415,1596.60
T,40.0111,-105.2415,1596.50
T,40.0111,-105.2415,1596.50
T,40.0111,-105.2415,1596.50
T,40.0111,-105.2415,1596.50
T,40.0111,-105.2415,1596.50
T,40.0111,-105.2415,1596.50
T,40.0111,-105.2415,1596.50
T,40.0111,-105.2415,1596.50
T,40.0111,-105.2415,1596.50
T,40.0111,-105.2415,1596.50
T,40.0111,-105.2415,1596.50
T,40.0111,-105.2415,1596.50
T,40.0111,-105.2415,1596.60
T,40.0111,-105.2415,1596.60
T,40.0111,-105.2415,1596.60
T,40.0111,-105.2415,1596.60
T,40.0111,-105.2415,1596.60
T,40.0111,-105.2415,1596.70
T,40.0111,-105.2415,1596.70
T,40.0111,-105.2415,1596.70
T,40.0111,-105.2415,1596.80
T,40.0111,-105.2415,1596.80
T,40.0111,-105.2415,1596.80
T,40.0111,-105.2415,1596.90
T,40.0111,-105.2415,1596.90
T,40.0111,-105.2415,1596.90
T,40.0111,-105.2415,1596.90
T,40.0111,-105.2415,1596.90
T,40.0111,-105.2415,1596.90
T,40.0111,-105.2415,1596.90
T,40.0111,-105.2415,1597.00
T,40.0111,-105.2415,1597.00
T,40.0111,-105.2415,1597.00
T,40.0111,-105.2415,1597.00
T,40.0111,-105.2415,1597.00
T,40.0111,-105.2415,1597.00
T,40.0111,-105.2415,1597.00
T,40.0111,-105.2415,1597.00
T,40.0111,-105.2415,1597.00
T,40.0111,-105.2415,1597.00
T,40.0111,-105.2415,1597.00
T,40.0111,-105.2415,1597.00
T,40.0111,-105.2415,1597.00
T,40.0111,-105.2415,1597.00
T,40.0111,-105.2415,1597.00
T,40.0111,-105.2415,1597.00
T,40.0111,-105.2415,1597.00
T,40.0111,-105.2415,1597.10
T,40.0111,-105.2415,1597.10
T,40.0111,-105.2415,1597.10
T,40.0111,-105.2415,1597.10
T,40.0111,-105.2415,1597.10
T,40.0111,-105.2415,1597.10
T,40.0111,-105.2415,1597.10
T,40.0111,-105.2415,1597.10
T,40.0111,-105.2415,1597.10
T,40.0111,-105.2415,1597.10
T,40.0111,-105.2415,1597.10
T,40.0111,-105.2415,1597.10
T,40.0111,-105.2415,1597.10
T,40.0111,-105.2415,1597.20
T,40.0111,-105.2415,1597.20
T,40.0111,-105.2415,1597.20
T,40.0111,-105.2415,1597.20
T,40.0111,-105.2415,1597.20
T,40.0111,-105.2415,1597.20
T,40.0111,-105.2415,1597.20
T,40.0111,-105.2415,1597.20
T,40.0111,-105.2415,1597.20
T,40.0111,-105.2415,1597.20
T,40.0111,-105.2415,1597.20
T,40.0111,-105.2415,1597.20
T,40.0111,-105.2415,1597.20
T,40.0111,-105.2415,1597.20
T,40.0111,-105.2415,1597.20
T,40.0111,-105.2415,1597.20
T,40.0111,-105.2415,1597.20
T,40.0111,-105.2415,1597.20
T,40.0111,-105.2415,1597.20
T,40.0111,-105.2415,1597.20
T,40.0111,-105.2415,1597.30
T,40.0111,-105.2415,1597.30
T,40.0111,-105.2415,1597.30
T,40.0111,-105.2415,1597.30
T,40.0111,-105.2415,1597.30
T,40.0111,-105.2415,1597.30
T,40.0111,-105.2415,1597.30
T,40.0111,-105.2415,1597.30
T,40.0111,-105.2415,1597.30
T,40.0111,-105.2415,1597.30
T,40.0111,-105.2415,1597.30
T,40.0111,-105.2415,1597.30
T,40.0111,-105.2415,1597.30
T,40.0111,-105.2415,1597.30
T,40.0111,-105.2415,1597.30
T,40.0111,-105.2415,1597.30
T,40.0111,-105.2415,1597.30
T,40.0111,-105.2415,1597.30
T,40.0111,-105.2415,1597.30
T,40.0111,-105.2415,1597.30
T,40.0111,-105.2415,1597.30
T,40.0111,-105.2415,1597.30
T,40.0111,-105.2415,1597.30
T,40.0111,-105.2415,1597.30
T,40.0111,-105.2415,1597.30
T,40.0111,-105.2415,1597.30
T,40.0111,-105.2415,1597.30
T,40.0111,-105.2415,1597.30
T,40.0111,-105.2415,1597.40
T,40.0111,-105.2415,1597.40
T,40.0111,-105.2415,1597.40
T,40.0111,-105.2415,1597.40
T,40.0111,-105.2415,1597.40
T,40.0111,-105.2415,1597.40
T,40.0110,-105.2415,1597.40
T,40.0110,-105.2415,1597.50
T,40.0110,-105.2415,1597.20
T,40.0110,-105.2415,1596.70
T,40.0110,-105.2415,1596.40
T,40.0110,-105.2415,1596.20
T,40.0110,-105.2415,1596.20
T,40.0110,-105.2415,1596.30
T,40.0110,-105.2415,1596.00
T,40.0110,-105.2415,1595.60
T,40.0110,-105.2415,1595.30
T,40.0110,-105.2415,1595.00
T,40.0110,-105.2415,1594.80
T,40.0110,-105.2415,1594.70
T,40.0109,-105.2416,1594.50
T,40.0109,-105.2416,1594.30
T,40.0109,-105.2416,1594.10
T,40.0109,-105.2416,1593.90
T,40.0109,-105.2416,1593.80
T,40.0109,-105.2416,1593.70
T,40.0109,-105.2416,1593.70
T,40.0109,-105.2417,1593.60
T,40.0109,-105.2417,1593.20
T,40.0109,-105.2417,1593.10
T,40.0109,-105.2417,1593.00
T,40.0109,-105.2417,1593.10
T,40.0109,-105.2417,1593.30
T,40.0109,-105.2417,1593.50
T,40.0109,-105.2417,1593.60
T,40.0109,-105.2417,1593.60
T,40.0109,-105.2418,1593.60
T,40.0109,-105.2418,1593.60
T,40.0109,-105.2418,1593.80
T,40.0109,-105.2418,1594.00
T,40.0109,-105.2418,1594.10
T,40.0109,-105.2418,1594.00
T,40.0109,-105.2418,1594.00
T,40.0109,-105.2419,1594.00
T,40.0109,-105.2419,1594.10
T,40.0109,-105.2419,1594.30
T,40.0109,-105.2419,1594.20
T,40.0109,-105.2419,1594.20
T,40.0109,-105.2419,1594.10
T,40.0109,-105.2419,1593.90
T,40.0109,-105.2419,1593.90
T,40.0109,-105.2420,1593.80
T,40.0108,-105.2420,1593.70
T,40.0108,-105.2420,1593.70
T,40.0108,-105.2420,1593.70
T,40.0108,-105.2420,1593.70
T,40.0108,-105.2420,1593.60
T,40.0108,-105.2420,1593.50
T,40.0108,-105.2420,1593.50
T,40.0108,-105.2420,1593.40
T,40.0108,-105.2420,1593.40
T,40.0108,-105.2421,1593.40
T,40.0108,-105.2421,1593.50
T,40.0108,-105.2421,1593.30
T,40.0108,-105.2421,1593.20
T,40.0108,-105.2421,1593.10
T,40.0108,-105.2421,1593.00
T,40.0108,-105.2421,1592.90
T,40.0108,-105.2421,1592.80
T,40.0108,-105.2422,1592.80
T,40.0108,-105.2422,1592.80
T,40.0108,-105.2422,1592.80
T,40.0108,-105.2422,1592.60
T,40.0108,-105.2422,1592.50
T,40.0108,-105.2422,1592.40
T,40.0108,-105.2422,1592.30
T,40.0108,-105.2423,1592.20
T,40.0108,-105.2423,1592.10
T,40.0108,-105.2423,1592.00
T,40.0108,-105.2423,1592.10
T,40.0108,-105.2423,1592.10
T,40.0108,-105.2424,1592.20
T,40.0108,-105.2424,1592.20
T,40.0107,-105.2424,1592.20
T,40.0107,-105.2424,1592.10
T,40.0107,-105.2424,1592.10
T,40.0107,-105.2424,1592.00
T,40.0107,-105.2425,1592.00
T,40.0107,-105.2425,1591.90
T,40.0107,-105.2425,1591.90
T,40.0107,-105.2425,1591.80
T,40.0107,-105.2425,1591.70
T,40.0107,-105.2425,1591.80
T,40.0107,-105.2425,1591.90
T,40.0107,-105.2426,1592.00
T,40.0107,-105.2426,1592.20
T,40.0107,-105.2426,1592.50
T,40.0107,-105.2426,1592.80
T,40.0107,-105.2426,1593.20
T,40.0107,-105.2426,1593.40
T,40.0107,-105.2427,1593.60
T,40.0107,-105.2427,1593.90
T,40.0107,-105.2427,1594.10
T,40.0107,-105.2427,1594.30
T,40.0107,-105.2427,1594.40
T,40.0107,-105.2427,1594.50
T,40.0107,-105.2428,1594.60
T,40.0107,-105.2428,1594.80
T,40.0107,-105.2428,1595.10
T,40.0107,-105.2428,1595.30
T,40.0107,-105.2428,1595.50
T,40.0107,-105.2428,1595.80
T,40.0107,-105.2429,1596.00
T,40.0107,-105.2429,1596.20
T,40.0107,-105.2429,1596.40
T,40.0107,-105.2429,1596.40
T,40.0107,-105.2429,1596.50
T,40.0107,-105.2429,1596.60
T,40.0107,-105.2430,1596.80
T,40.0107,-105.2430,1596.80
T,40.0107,-105.2430,1596.90
T,40.0107,-105.2430,1597.00
T,40.0106,-105.2430,1596.90
T,40.0106,-105.2430,1596.80
T,40.0106,-105.2430,1596.90
T,40.0106,-105.2431,1597.00
T,40.0106,-105.2431,1597.00
T,40.0106,-105.2431,1597.00
T,40.0106,-105.2431,1597.10
T,40.0106,-105.2431,1597.00
T,40.0106,-105.2431,1597.00
T,40.0106,-105.2431,1597.00
T,40.0106,-105.2431,1596.90
T,40.0106,-105.2431,1597.00
T,40.0106,-105.2432,1597.00
T,40.0106,-105.2432,1597.10
T,40.0106,-105.2432,1597.30
T,40.0106,-105.2432,1597.50
T,40.0106,-105.2432,1597.60
T,40.0106,-105.2432,1597.50
T,40.0106,-105.2432,1597.60
T,40.0106,-105.2432,1597.60
T,40.0106,-105.2432,1597.60
T,40.0106,-105.2432,1597.60
T,40.0106,-105.2432,1597.60
T,40.0106,-105.2432,1597.60
T,40.0106,-105.2432,1597.60
T,40.0106,-105.2433,1597.80
T,40.0106,-105.2433,1598.00
T,40.0106,-105.2433,1598.00
T,40.0106,-105.2433,1598.20
T,40.0106,-105.2433,1598.20
T,40.0106,-105.2433,1598.20
T,40.0106,-105.2433,1598.20
T,40.0106,-105.2434,1598.20
T,40.0106,-105.2434,1598.30
T,40.0106,-105.2434,1598.40
T,40.0106,-105.2433,1598.40
T,40.0106,-105.2433,1598.40
T,40.0106,-105.2433,1598.40
T,40.0106,-105.2433,1598.40
T,40.0106,-105.2433,1598.30
T,40.0106,-105.2433,1598.30
T,40.0106,-105.2434,1598.20
T,40.0106,-105.2434,1598.20
T,40.0106,-105.2434,1598.10
T,40.0106,-105.2434,1598.00
T,40.0106,-105.2434,1598.00
T,40.0106,-105.2434,1597.90
T,40.0106,-105.2434,1597.80
T,40.0106,-105.2434,1597.70
T,40.0106,-105.2435,1597.60
T,40.0106,-105.2435,1597.60
T,40.0106,-105.2435,1597.50
T,40.0106,-105.2435,1597.40
T,40.0106,-105.2435,1597.30
T,40.0106,-105.2435,1597.10
T,40.0106,-105.2435,1597.00
T,40.0106,-105.2435,1596.90
T,40.0106,-105.2435,1596.80
T,40.0106,-105.2436,1596.70
T,40.0106,-105.2436,1596.40
T,40.0107,-105.2436,1595.90
T,40.0106,-105.2436,1595.50
T,40.0106,-105.2436,1595.00
T,40.0106,-105.2436,1594.70
T,40.0106,-105.2436,1594.50
T,40.0106,-105.2436,1594.30
T,40.0106,-105.2436,1594.20
T,40.0106,-105.2436,1594.40
T,40.0106,-105.2436,1594.90
T,40.0106,-105.2437,1595.20
T,40.0106,-105.2437,1595.20
T,40.0106,-105.2437,1595.30
T,40.0106,-105.2437,1595.20
T,40.0106,-105.2437,1595.10
T,40.0106,-105.2437,1595.10
T,40.0106,-105.2437,1595.00
T,40.0105,-105.2437,1595.00
T,40.0105,-105.2437,1594.90
T,40.0105,-105.2437,1594.80
T,40.0105,-105.2437,1594.60
T,40.0105,-105.2437,1594.50
T,40.0105,-105.2436,1594.40
T,40.0105,-105.2437,1594.30
T,40.0105,-105.2436,1594.20
T,40.0105,-105.2436,1594.10
T,40.0105,-105.2436,1594.00
T,40.0105,-105.2436,1593.90
T,40.0105,-105.2436,1593.70
T,40.0104,-105.2436,1593.60
T,40.0104,-105.2436,1593.50
T,40.0104,-105.2436,1593.30
T,40.0104,-105.2436,1593.20
T,40.0104,-105.2436,1593.00
T,40.0104,-105.2436,1592.90
T,40.0104,-105.2437,1592.80
T,40.0104,-105.2437,1592.60
T,40.0104,-105.2437,1592.50
T,40.0103,-105.2437,1592.50
T,40.0103,-105.2437,1592.40
T,40.0103,-105.2437,1592.30
T,40.0103,-105.2437,1592.30
T,40.0103,-105.2437,1592.30
T,40.0103,-105.2437,1592.40
T,40.0103,-105.2437,1592.50
T,40.0103,-105.2437,1592.50
T,40.0103,-105.2437,1592.50
T,40.0103,-105.2437,1592.40
T,40.0103,-105.2437,1592.30
T,40.0103,-105.2437,1592.30
T,40.0103,-105.2437,1592.20
T,40.0103,-105.2437,1592.10
T,40.0103,-105.2437,1592.10
T,40.0103,-105.2437,1592.00
T,40.0102,-105.2437,1592.00
T,40.0102,-105.2437,1591.90
T,40.0102,-105.2437,1591.90
T,40.0102,-105.2437,1591.80
T,40.0102,-105.2437,1591.80
T,40.0102,-105.2437,1591.70
T,40.0102,-105.2437,1591.70
T,40.0102,-105.2437,1591.60
T,40.0102,-105.2437,1591.60
T,40.0102,-105.2437,1591.50
T,40.0102,-105.2437,1591.00
T,40.0102,-105.2437,1591.00
T,40.0102,-105.2437,1591.00
