(MAVEN.ElapsedDays) vs (MAVEN.Mars.ECC)
MAVEN.ElapsedDays   MAVEN.Mars.ECC
MAVEN.Mars.ECC
0, 0.454539999999819
0.000694444443070097, 0.4545399999997
0.00304577534188866, 0.454540000000488
0.00771636603167281, 0.454539999999924
0.0126272141533263, 0.454539999999546
0.0173825746605871, 0.454539999999782
0.0219088857411407, 0.45453999999991
0.0261793216377555, 0.45454000000007
0.0301779316396278, 0.454540000001236
0.0338955694242031, 0.454539999998958
0.0373297798760177, 0.454540000000057
0.0404851115090423, 0.45454000000165
0.0433732427591167, 0.454540000001736
0.0460122144286288, 0.454540000002157
0.0484247744097956, 0.454540000003406
0.050635995441553, 0.454540000003807
0.0526573244060273, 0.454540000000253
0.0545072097083903, 0.454539999999747
0.0562119022579282, 0.454539999999929
0.0577991681020649, 0.454540000000672
0.0592949378697085, 0.454540000001283
0.0607227461550792, 0.454540000002577
0.0621046047526761, 0.454540000001981
0.0634512137949059, 0.454540000000751
0.0647475271398434, 0.454540000000214
0.0659995073219761, 0.454540000002946
0.06721671786363, 0.454539999997594
0.068409938030527, 0.454539999998961
0.0695904729618633, 0.454540000002303
0.0707698152618832, 0.454539999998254
0.0719595836853841, 0.454539999996169
0.0731714637004188, 0.45453999999672
0.0744169333520404, 0.454540000003586
0.0757064282151987, 0.454540000000983
0.0770477614132687, 0.454540000003738
0.0784446046927769, 0.454540000000933
0.0798696986967116, 0.454539999999972
0.0813776453614992, 0.454540000000904
0.0829533670803357, 0.454540000001177
0.0846045268735907, 0.4545400000005
0.0863434712809976, 0.454540000000763
0.0881842427952506, 0.454540000001643
0.0901421056405525, 0.45453999999971
0.0922332951595308, 0.45454000000008
0.0944749420705193, 0.454540000000323
0.0968849626369774, 0.454539999999036
0.0994814432269777, 0.454540000002306
0.102282048406778, 0.454540000000025
0.105303066804481, 0.454540000001266
0.108558186118898, 0.454540000000724
0.112057045451365, 0.454540000001027
0.115804688168282, 0.45454000000152
0.119801128712425, 0.45454000000149
0.124041615119495, 0.454540000000833
0.128516998764098, 0.454540000000743
0.133213965822506, 0.454540000000685
0.138115071214997, 0.454540000000604
0.143198575155111, 0.454540000000875
0.148438198513759, 0.454540000000902
0.153802616943722, 0.454540000000968
0.159255998249137, 0.454540000000596
0.164758253911714, 0.454540000000654
0.170266509088833, 0.454540000000578
0.175737089444738, 0.4545400000011
0.181127385036234, 0.454540000001421
0.186397558205499, 0.454540000000958
0.191511255172372, 0.45454000000027
0.196435933958128, 0.454540000000936
0.201143080339534, 0.454540000000909
0.205608392476279, 0.45454000000107
0.209812569759379, 0.454540000001674
0.213741934494465, 0.454540000001115
0.217389065026509, 0.454540000000769
0.220753237481404, 0.454540000001824
0.223840786904475, 0.454540000000385
0.226665068941657, 0.454540000002375
0.229245509563043, 0.454540000003502
0.231605637920438, 0.454540000000982
0.233768721071101, 0.454540000004829
0.23574536371234, 0.454540000000259
0.237556588079315, 0.454540000000811
0.239229526487179, 0.454540000001083
0.240791741613066, 0.454540000000563
0.242268505182437, 0.454540000001251
0.243682874122896, 0.454540000002818
0.245056689003832, 0.45454000000172
0.246390264783258, 0.454540000001429
0.247674760685186, 0.454540000003644
0.248917163098668, 0.45454000000336
0.250127405612147, 0.454540000006288
0.25131641673579, 0.454540000001789
0.252495569297025, 0.454540000003962
0.253676411506603, 0.454539999997758
0.254870564982411, 0.454539999998704
0.256089707901992, 0.454540000004896
0.257345180551056, 0.454540000001192
0.258646938975289, 0.454540000001737
0.260001832441048, 0.454540000003337
0.26141258440839, 0.454540000001503
0.262842479682149, 0.454540000002333
0.264364457860211, 0.4545400000027
0.265957155912474, 0.454540000001447
0.267628238998441, 0.454540000001866
0.269390391775232, 0.45454000000248
0.27125794280073, 0.454540000002254
0.273246419386851, 0.454540000003524
0.275372271422384, 0.454539999999878
0.277652843818942, 0.454540000001327
0.280106076250377, 0.454540000001552
0.282750146267063, 0.454540000002304
0.285602445750555, 0.454540000001352
0.288678795488522, 0.454540000003073
0.291991930331278, 0.454540000000964
0.295550463833933, 0.454540000000763
0.299358222491719, 0.454540000001445
0.303414040110511, 0.454540000001192
0.307712100984645, 0.454540000001617
0.312242225827504, 0.4545400000021
0.31699009269505, 0.454540000001615
0.321937226588489, 0.454540000001996
0.327060892042937, 0.454540000001577
0.332333542257402, 0.454540000001208
0.337722921929526, 0.454540000001822
0.34319188120935, 0.454540000001063
0.348699569643941, 0.454540000001374
0.354202706876094, 0.454540000001877
0.35965771849078, 0.454540000002099
0.365022613714245, 0.454540000001264
0.370258292474318, 0.454540000002041
0.375329315407726, 0.454540000002222
0.38020405950374, 0.454540000001485
0.384854982159595, 0.454540000002241
0.389258923623856, 0.454540000001939
0.39339791504608, 0.454540000002782
0.397259731958911, 0.454540000002237
0.400838513320195, 0.454540000001916
0.404135199420125, 0.45454000000272
0.407157859201106, 0.454540000002519
0.409921432506962, 0.454540000002079
0.41244655031187, 0.454540000003748
0.41475737986184, 0.454540000002535
0.416874014706991, 0.454540000004347
0.418808548096422, 0.454540000002899
0.420583935170725, 0.454540000004117
0.422227790095349, 0.454540000000906
0.423767224889161, 0.454540000004849
0.42522694586296, 0.45454000000121
0.426629580961162, 0.454540000002257
0.42799692819608, 0.454540000003693
0.429318349466485, 0.45454000000166
0.430591852116777, 0.454540000003921
0.431825516512617, 0.454540000006407
0.433029594441905, 0.454540000007438
0.434215168959781, 0.45454000000609
0.435393668136385, 0.454540000008127
0.43657665757928, 0.454540000002857
0.437775787024293, 0.454540000001165
0.439002710212662, 0.454540000004505
0.44026854427284, 0.454540000005259
0.441582678067789, 0.454540000003722
0.44295097142458, 0.454540000003501
0.444371338769997, 0.45454000000139
0.445806857667776, 0.454540000003041
0.447342911211308, 0.454540000003338
0.448952672861196, 0.454540000001233
0.450643721771485, 0.454540000002975
0.452429087414203, 0.454540000004105
0.454323393616505, 0.454540000000847
0.456342351229978, 0.454540000003433
0.458502653429605, 0.454540000003069
0.460821831737121, 0.45454000000354
0.463317913057836, 0.454540000002752
0.466008957264421, 0.454540000002562
0.468912153060955, 0.454540000002435
0.472042654524557, 0.454540000003788
0.475412331183179, 0.45454000000248
0.479028745376127, 0.454540000002483
0.482894570155622, 0.454540000002917
0.487007527015521, 0.454540000002598
0.491360740539676, 0.454540000002623
0.495943047222681, 0.454540000002836
0.500739146133128, 0.454540000002746
0.505729666409025, 0.45454000000255
0.51089073026742, 0.454540000002305
0.516193663363083, 0.454540000002746
0.52160507415465, 0.454540000003043
0.52708682134471, 0.454540000002593
0.532597442110273, 0.454540000002606
0.538093272814876, 0.45454000000255
0.54353096457271, 0.45454000000252
0.548869106201892, 0.454540000003342
0.554069421963504, 0.454540000002724
0.559097356439452, 0.454540000002793
0.563922241599357, 0.454540000002865
0.568517458894348, 0.454540000002824
0.572861079370341, 0.45454000000289
0.576936339992244, 0.454540000003202
0.580732474572869, 0.454540000003129
0.584245169753558, 0.454540000003389
0.587477016106277, 0.454540000002777
0.590437724396907, 0.454540000003278
0.593143720099761, 0.454540000003261
0.595616654798505, 0.454540000003077
0.597881193298235, 0.454540000002706
0.599953738859767, 0.454540000003718
0.601848834859993, 0.45454000000282
0.603591065908404, 0.45454000000348
0.60520824606283, 0.454540000002928
0.606726985588466, 0.454540000004325
0.608171436721022, 0.454540000003519
0.609563879923371, 0.454540000005669
0.610925682882225, 0.454540000002854
0.612235764590878, 0.454540000001952
0.61349908858756, 0.454540000005109
0.61472482226236, 0.454540000004465
0.615923530825967, 0.454540000003799
0.617106406061794, 0.45454000000778
0.618284932850656, 0.454540000006608
0.619470670775627, 0.454540000002512
0.620675297293928, 0.454540000005877
0.621910421956272, 0.454540000006578
0.623186891101795, 0.454540000004037
0.624513424867473, 0.454540000005388
0.625894854892977, 0.454540000002795
0.627316513575352, 0.454540000004546
0.628757726848562, 0.4545400000027
0.630307633015036, 0.454540000003659
0.631934231063497, 0.454540000003155
0.633645047048049, 0.454540000003116
0.635453308816068, 0.454540000002882
0.637373918452795, 0.454540000004396
0.639422806129005, 0.454540000001812
0.641616893990431, 0.454540000001866
0.643973838887177, 0.454540000004146
0.646511746301258, 0.454540000003551
0.649248524026916, 0.454540000003103
0.652201035496546, 0.454540000002676
0.655383830624487, 0.454540000002569
0.658807880776294, 0.454540000004413
0.662479690447071, 0.454540000002616
0.666400817430258, 0.454540000003311
0.670567915083666, 0.454540000003209
0.67497310161707, 0.454540000004035
0.679604375040071, 0.454540000004043
0.684445515329571, 0.454540000003543
0.689476210223802, 0.454540000003913
0.694671419383667, 0.454540000004031
0.700001555578638, 0.454540000003079
0.70543199664462, 0.454540000003471
0.710923855807778, 0.454540000003149
0.716434923720954, 0.454540000003858
0.721921493415721, 0.454540000003947
0.727340570592787, 0.454540000003957
0.732651269547205, 0.454540000002916
0.737816165368713, 0.454540000004029
0.742801503536612, 0.454540000003947
0.747577507972892, 0.454540000003798
0.752118559052178, 0.454540000003619
0.756403779891116, 0.454540000003294
0.760417715348012, 0.454540000004226
0.764150991282804, 0.454540000004523
0.767600796116312, 0.454540000003581
0.77077129029567, 0.454540000004368
0.773673751322349, 0.454540000006776
0.776325927665312, 0.454540000006485
0.77875036084879, 0.454540000004035
0.780972040705819, 0.454540000004286
0.783003444907081, 0.454540000003649
0.784862199070631, 0.454540000006046
0.786574198435119, 0.454540000005942
0.788167257112946, 0.45454000000343
0.789667469427513, 0.454540000004596
0.791098441448412, 0.454540000005648
0.792482289103646, 0.454540000004713
0.793831883318489, 0.45454000000423
0.795130892693123, 0.454540000008042
0.796385066158109, 0.45454000000122
0.797603914510546, 0.454540000004702
0.798798162217281, 0.4545400000059
0.799979094939772, 0.454540000006141
0.80115820064384, 0.454540000004206
0.802347092547279, 0.454540000002542
0.80355744314511, 0.454540000007284
0.804800782454549, 0.45454000000393
0.806087633023708, 0.45454000000553
0.807425981733104, 0.454540000002747
0.808819743873755, 0.454540000003186
0.81024396333305, 0.454540000002299
0.811691858940321, 0.454540000005288
0.813255401448259, 0.454540000003622
0.814898422591796, 0.454540000004276
0.816628451295401, 0.454540000004304
0.818458978010312, 0.45454000000515
0.820405099031632, 0.45454000000425
0.822482928189856, 0.454540000005477
0.8247095968145, 0.454540000006287
0.827102856052079, 0.454540000004317
0.829680921688123, 0.454540000003848
0.832461524292739, 0.454540000003803
0.835461116981605, 0.454540000004414
0.83869363876147, 0.454540000005172
0.842169181352801, 0.454540000004064
0.845893224501197, 0.454540000003862
0.849866289339843, 0.454540000004831
0.854084047339711, 0.454540000004211
0.858537739411986, 0.4545400000047
0.863214443463221, 0.454540000004421
0.868097167196538, 0.454540000004989
0.873164485426969, 0.454540000004714
0.878390552916244, 0.454540000004704
0.883744602931984, 0.454540000003993
0.889191224239767, 0.454540000004094
0.894690696131875, 0.454540000003924
0.900200192994816, 0.454540000005379
0.90567610699145, 0.454540000005409
0.911075737447391, 0.454540000004253
0.916358885762747, 0.454540000004802
0.921488821793901, 0.454540000005005
0.926432677228149, 0.454540000004496
0.931161470100051, 0.45454000000441
0.935650530213024, 0.454540000005292
0.939880058485869, 0.454540000005195
0.943835822890833, 0.45454000000492
0.947509771340265, 0.454540000005191
0.950900540748989, 0.454540000005404
0.954013774691703, 0.454540000007033
0.956862206243386, 0.454540000004352
0.95946474646189, 0.454540000007573
0.961844637491595, 0.4545400000064
0.964026142992225, 0.454540000004873
0.966019629708171, 0.454540000004921
0.967845357230544, 0.45454000000468
0.969530157381087, 0.454540000006637
0.971101687773626, 0.454540000004866
0.97258550161132, 0.454540000006217
0.974004818373942, 0.454540000005467
0.975381528802245, 0.454540000005086
0.976719997419423, 0.454540000007974
0.978008925641916, 0.454540000008595
0.979254906756978, 0.454540000001311
0.980467723071342, 0.454540000009893
0.981658259988762, 0.454540000007641
0.982837852734519, 0.454540000011517
0.984018029306753, 0.454540000003626
0.98521042657012, 0.454540000004671
0.986426718754956, 0.454540000005108
0.987678303183202, 0.454540000002897
0.988975350501278, 0.454540000003582
0.990325073202257, 0.454540000003748
0.991730531535723, 0.454540000005123
0.993158432233031, 0.454540000006567
0.99467499630191, 0.45454000000511
0.996261130927451, 0.454540000005566
0.997924556002545, 0.454540000004179
0.999677748608519, 0.454540000005138
1.00153499161388, 0.454540000004752
1.00351167142435, 0.454540000006145
1.00562416168032, 0.454540000005996
1.00788975309115, 0.454540000006341
1.0103263553101, 0.454540000006006
1.01295210532408, 0.45454000000403
1.01578460464589, 0.45454000000586
1.01883977558464, 0.454540000006467
1.02213066070908, 0.4545400000061
1.02566638530334, 0.454540000006131
1.02945119214564, 0.454540000005429
1.03348441586786, 0.45454000000563
1.03776059697702, 0.454540000005772
1.04226992336407, 0.454540000006164
1.04699845512005, 0.454540000005533
1.05192823299149, 0.454540000005529
1.05703673784956, 0.45454000000575
1.0622970241202, 0.454540000005925
1.06767717679759, 0.454540000005872
1.0731404972139, 0.454540000005335
1.07864640495245, 0.454540000005859
1.08415181632154, 0.454540000004994
1.08961300596275, 0.454540000006155
1.09498784271273, 0.454540000005014
1.10023691263996, 0.45454000000486
1.10532444922501, 0.454540000005337
1.1102184418487, 0.454540000005351
1.11489094809076, 0.454540000005569
1.11931846906373, 0.45454000000606
1.12348241718792, 0.45454000000654
1.12737004670998, 0.454540000006234
1.13097489724896, 0.454540000006363
1.13429728161645, 0.454540000006002
1.13734458773251, 0.454540000005143
1.14013117484137, 0.454540000008163
1.14267722747536, 0.454540000009205
1.14500668102846, 0.454540000006736
1.14714091619317, 0.454540000008144
1.14909135230482, 0.454540000006392
1.1508802266253, 0.454540000007631
1.15253500209656, 0.454540000006056
1.15408295425004, 0.454540000008484
1.15554902168151, 0.454540000007046
1.15695596944715, 0.454540000007794
1.15832562998185, 0.454540000006259
1.1596516468453, 0.454540000003827
1.16092929176375, 0.454540000009448
1.16216623655055, 0.454540000005105
1.16337259833381, 0.454540000010197
1.16455941582535, 0.454540000005315
1.16573808951944, 0.454540000005063
1.1669201725781, 0.454540000011859
1.16811731388952, 0.454540000004561
1.16934117513301, 0.454540000007938
1.17060296324416, 0.454540000006454
1.17191230711978, 0.454540000006105
1.17327543976353, 0.454540000004984
1.1746945802588, 0.454540000007296
1.17612809381171, 0.454540000005592
1.17765882655658, 0.454540000006426
1.17926211808663, 0.454540000006574
1.18094561808175, 0.454540000005848
1.18272218119819, 0.454540000005373
1.1846063154735, 0.454540000006569
1.18661373855866, 0.454540000005216
1.18876097948669, 0.454540000005255
1.19106553858001, 0.454540000006555
1.1935454677805, 0.454540000006262
1.19621879974147, 0.454540000007129
1.19910281220655, 0.454540000006347
1.20221291952839, 0.454540000006138
1.2055613094999, 0.454540000006939
1.20915601800152, 0.454540000005899
1.2130000920115, 0.454540000006731
1.21709162771731, 0.454540000005745
1.22142425429411, 0.454540000006491
1.22598710722013, 0.454540000006409
1.23076530932303, 0.454540000006856
1.23573974616738, 0.454540000006534
1.24088696904437, 0.454540000006749
1.24617882894381, 0.454540000006156
1.25158219920559, 0.45454000000637
1.25705940632179, 0.454540000006201
1.26256920294327, 0.454540000006935
1.26806801414205, 0.454540000006708
1.27351244869715, 0.45454000000615
1.27886088253945, 0.454540000006409
1.28407470127422, 0.454540000006693
1.28911900737512, 0.454540000006709
1.29396278415879, 0.454540000006317
1.29857904752498, 0.454540000006503
1.30294539943498, 0.454540000006531
1.30704462281938, 0.454540000006326
1.31086541733021, 0.454540000006684
1.31440288354133, 0.454540000007157
1.3176589865252, 0.454540000007735
1.32064282005376, 0.454540000007074
1.32337027398171, 0.454540000009077
1.32586261380857, 0.454540000009729
1.32814434437023, 0.454540000009172
1.33023329087155, 0.454540000009535
1.332143038293, 0.454540000007767
1.33389753527081, 0.454540000007592
1.33552455206518, 0.454540000008126
1.33705090760486, 0.454540000007608
1.33850095649905, 0.454540000007288
1.33989708568697, 0.454540000007022
1.34126116068728, 0.454540000005405
1.34257546878507, 0.454540000009585
1.34384255540135, 0.454540000008783
1.34507119489717, 0.454540000010474
1.34627183918928, 0.454540000007357
1.34745565348203, 0.45454000000504
1.34863408706224, 0.454540000004927
1.34981871835043, 0.454540000005352
1.35102121366799, 0.454540000007879
1.3522531765484, 0.454540000010683
1.35352560018509, 0.454540000006961
1.35484744452697, 0.454540000007894
1.35622392535879, 0.454540000008987
1.35764493681563, 0.45454000000599
1.35908383435162, 0.454540000007873
1.3606284411544, 0.454540000007105
1.36224862028394, 0.454540000007554
1.36395195660225, 0.454540000007899
1.36575154188904, 0.454540000007453
1.36766217251352, 0.454540000006798
1.36969970923747, 0.454540000006352
1.37188098190018, 0.454540000005969
1.37422359815901, 0.454540000008707
1.37674572328979, 0.454540000006731
1.37946523350547, 0.454540000008072
1.38239911863639, 0.454540000006861
1.38556215543213, 0.454540000007826
1.38896570484576, 0.454540000007271
1.39261667461687, 0.454540000008184
1.39651701193725, 0.454540000007976
1.40066385303362, 0.454540000007951
1.40504965748551, 0.454540000007385
1.40966262912843, 0.454540000007671
1.41448698055319, 0.454540000007515
1.41950267570428, 0.454540000007666
1.42468517793895, 0.454540000007345
1.43000530089557, 0.4545400000077
1.435428809109, 0.454540000007877
1.44091713240778, 0.454540000007334
1.44642824457696, 0.454540000007742
1.45191858844191, 0.45454000000687
1.45734487858135, 0.454540000008203
1.462666100153, 0.454540000007499
1.46784450289124, 0.454540000007435
1.47284602703076, 0.454540000007398
1.47764055578227, 0.454540000007246
1.48220209150168, 0.454540000007322
1.48650934556645, 0.454540000007649
1.49054639311726, 0.454540000008239
1.49430332037809, 0.454540000007698
1.49777674692814, 0.454540000007748
1.50097024267961, 0.454540000007667
1.50389450290459, 0.454540000009236
1.50656678536689, 0.454540000009782
1.5090093019935, 0.454540000009521
1.51124694398823, 0.454540000010328
1.51329370007443, 0.454540000009083
1.51516597883528, 0.454540000008816
1.51688917426873, 0.454540000009423
1.51849114439028, 0.454540000008744
1.51999819386037, 0.454540000006571
1.52143412603255, 0.454540000007508
1.52282105266568, 0.454540000006606
1.52417518468428, 0.454540000010469
1.52547831662741, 0.454540000008762
1.52673588934704, 0.454540000012469
1.52795727386183, 0.45454000000911
1.52915314412894, 0.454540000005824
1.53033474257609, 0.45454000000457
1.53151356011585, 0.454540000005758
1.53270119243825, 0.454540000009353
1.53390931942704, 0.454540000005131
1.53514949729652, 0.454540000011475
1.53643238408768, 0.454540000008133
1.53776625488172, 0.454540000006651
1.53915535774286, 0.454540000008651
1.54057850559911, 0.454540000010613
1.54202371362044, 0.454540000007028
1.54358204011078, 0.454540000008211
1.54521881599067, 0.454540000008086
1.54694153858873, 0.454540000009224
1.54876357983812, 0.454540000008328
1.55069995852318, 0.45454000000907
1.55276682254043, 0.454540000009588
1.55498106498635, 0.454540000008688
1.55736054308727, 0.454540000007952
1.55992332593814, 0.45454000000751
1.5626872826324, 0.454540000007152
1.56566906651642, 0.454540000007834
1.56888278553743, 0.454540000008325
1.57233885485402, 0.454540000007384
1.57604316907964, 0.454540000009259
1.57999663365263, 0.454540000007615
1.58419525095815, 0.454540000008954
1.58863068463324, 0.454540000008328
1.59329035748669, 0.454540000008448
1.59815748989786, 0.4545400000082
1.60321108480275, 0.454540000008986
1.60842568559019, 0.454540000008645
1.61377094506315, 0.454540000008385
1.6192116910679, 0.454540000008841
1.62470851747639, 0.454540000007723
1.63021884422778, 0.454540000007823
1.63569903208918, 0.454540000008828
1.64110620366409, 0.454540000007852
1.64639993769379, 0.45454000000868
1.65154327375785, 0.454540000009005
1.65650292752252, 0.454540000008302
1.66124969004522, 0.454540000008604
1.66575849518995, 0.45454000000902
1.6700091185412, 0.45454000000929
1.67398687950481, 0.454540000008384
1.67768323596101, 0.454540000007837
1.68109626013393, 0.454540000010171
1.68423104215981, 0.45454000000986
1.68709977102844, 0.454540000008991
1.6897209261806, 0.454540000009273
1.69211749066017, 0.454540000010175
1.69431449521653, 0.454540000009896
1.69632224913585, 0.454540000009068
1.69816028184505, 0.454540000010832
1.69985515012741, 0.454540000010667
1.70143463107888, 0.454540000011215
1.70292448625332, 0.454540000009504
1.70434807737911, 0.454540000010773
1.7057273607461, 0.454540000009295
1.70706998048627, 0.454540000006639
1.70836266562401, 0.454540000007923
1.7096116779685, 0.454540000011065
1.7108267097974, 0.454540000008286
1.71201859002758, 0.454540000011528
1.7131986292552, 0.454540000010913
1.71437834275639, 0.454540000011668
1.71556935981789, 0.454540000007399
1.71678335456818, 0.454540000009868
1.71803176803951, 0.454540000007529
1.71932492398992, 0.45454000000721
1.72067033816711, 0.454540000012104
1.72207138193698, 0.454540000009497
1.72349774981558, 0.454540000009711
1.72500987037711, 0.454540000010241
1.72659062158709, 0.454540000009572
1.72824773789034, 0.454540000007998
1.72999357229128, 0.454540000009806
1.73184233207212, 0.454540000009206
1.7338093065664, 0.454540000008281
1.73591084353029, 0.45454000000884
1.73816409901701, 0.454540000008143
1.74058698690351, 0.45454000000799
1.74319764715256, 0.454540000008335
1.74601373611949, 0.4545400000079
1.74905137613314, 0.454540000009316
1.75232389376106, 0.454540000009246
1.75584070278637, 0.45454000000944
1.75960642296559, 0.454540000010028
1.76362074473218, 0.454540000009874
1.76787864756989, 0.454540000009383
1.77237059161052, 0.45454000000914
1.77708299887308, 0.454540000009248
1.78199814333493, 0.454540000009646
1.78709393070676, 0.454540000009716
1.79234365927914, 0.454540000009514
1.79771584102127, 0.454540000009749
1.80317420616484, 0.454540000009992
1.80867836060497, 0.454540000009302
1.81418534243494, 0.454540000009097
1.81965147682422, 0.454540000009234
1.82503435408944, 0.454540000009771
1.82613340278112, 0.454540000010296

