(MAVEN.ElapsedDays) vs (MAVEN.Mars.HMAG)
MAVEN.ElapsedDays   MAVEN.Mars.HMAG
MAVEN.Mars.HMAG
0, 14820.1887203518
0.000694444443070097, 14820.1887203515
0.00304577534188866, 14820.1887203308
0.00771636603167281, 14820.188720347
0.0126272141533263, 14820.1887203599
0.0173825746605871, 14820.1887203575
0.0219088857411407, 14820.1887203684
0.0261793216377555, 14820.1887203605
0.0301779316396278, 14820.1887203548
0.0338955694242031, 14820.188720345
0.0373297798760177, 14820.1887203642
0.0404851115090423, 14820.188720368
0.0433732427591167, 14820.1887203587
0.0460122144286288, 14820.1887203597
0.0484247744097956, 14820.188720362
0.050635995441553, 14820.1887203539
0.0526573244060273, 14820.1887203454
0.0545072097083903, 14820.1887203381
0.0562119022579282, 14820.1887203671
0.0577991681020649, 14820.1887203772
0.0592949378697085, 14820.1887203933
0.0607227461550792, 14820.188720392
0.0621046047526761, 14820.1887203824
0.0634512137949059, 14820.1887203578
0.0647475271398434, 14820.1887203502
0.0659995073219761, 14820.1887203831
0.06721671786363, 14820.1887203242
0.068409938030527, 14820.1887203372
0.0695904729618633, 14820.1887203717
0.0707698152618832, 14820.1887203321
0.0719595836853841, 14820.1887203095
0.0731714637004188, 14820.1887203063
0.0744169333520404, 14820.1887203955
0.0757064282151987, 14820.1887203583
0.0770477614132687, 14820.188720409
0.0784446046927769, 14820.1887203766
0.0798696986967116, 14820.188720348
0.0813776453614992, 14820.1887203239
0.0829533670803357, 14820.188720361
0.0846045268735907, 14820.188720323
0.0863434712809976, 14820.1887203885
0.0881842427952506, 14820.1887203417
0.0901421056405525, 14820.1887203586
0.0922332951595308, 14820.1887203756
0.0944749420705193, 14820.1887203702
0.0968849626369774, 14820.1887203818
0.0994814432269777, 14820.1887203562
0.102282048406778, 14820.1887203604
0.105303066804481, 14820.1887203606
0.108558186118898, 14820.1887203528
0.112057045451365, 14820.1887203506
0.115804688168282, 14820.1887203548
0.119801128712425, 14820.1887203617
0.124041615119495, 14820.188720353
0.128516998764098, 14820.1887203641
0.133213965822506, 14820.188720362
0.138115071214997, 14820.1887203632
0.143198575155111, 14820.1887203576
0.148438198513759, 14820.1887203589
0.153802616943722, 14820.1887203543
0.159255998249137, 14820.1887203636
0.164758253911714, 14820.1887203626
0.170266509088833, 14820.1887203642
0.175737089444738, 14820.1887203479
0.181127385036234, 14820.1887203397
0.186397558205499, 14820.1887203627
0.191511255172372, 14820.1887203721
0.196435933958128, 14820.1887203544
0.201143080339534, 14820.1887203547
0.205608392476279, 14820.1887203572
0.209812569759379, 14820.1887203492
0.213741934494465, 14820.1887203677
0.217389065026509, 14820.1887203512
0.220753237481404, 14820.1887203593
0.223840786904475, 14820.1887203637
0.226665068941657, 14820.1887203734
0.229245509563043, 14820.1887203819
0.231605637920438, 14820.1887203466
0.233768721071101, 14820.1887203597
0.23574536371234, 14820.188720376
0.237556588079315, 14820.1887203595
0.239229526487179, 14820.188720364
0.240791741613066, 14820.1887203557
0.242268505182437, 14820.1887203449
0.243682874122896, 14820.1887203836
0.245056689003832, 14820.1887203738
0.246390264783258, 14820.1887203664
0.247674760685186, 14820.1887203924
0.248917163098668, 14820.1887203829
0.250127405612147, 14820.1887204122
0.25131641673579, 14820.1887203651
0.252495569297025, 14820.1887203869
0.253676411506603, 14820.1887203235
0.254870564982411, 14820.1887203308
0.256089707901992, 14820.1887203957
0.257345180551056, 14820.188720361
0.258646938975289, 14820.188720357
0.260001832441048, 14820.1887204035
0.26141258440839, 14820.1887203397
0.262842479682149, 14820.1887203958
0.264364457860211, 14820.1887203771
0.265957155912474, 14820.1887203871
0.267628238998441, 14820.1887203585
0.269390391775232, 14820.1887203504
0.27125794280073, 14820.1887203494
0.273246419386851, 14820.1887203448
0.275372271422384, 14820.1887203896
0.277652843818942, 14820.1887203752
0.280106076250377, 14820.1887203642
0.282750146267063, 14820.1887203592
0.285602445750555, 14820.1887203723
0.288678795488522, 14820.1887203623
0.291991930331278, 14820.1887203741
0.295550463833933, 14820.1887203667
0.299358222491719, 14820.1887203667
0.303414040110511, 14820.1887203658
0.307712100984645, 14820.1887203563
0.312242225827504, 14820.1887203552
0.31699009269505, 14820.1887203565
0.321937226588489, 14820.1887203655
0.327060892042937, 14820.1887203758
0.332333542257402, 14820.1887203816
0.337722921929526, 14820.1887203635
0.34319188120935, 14820.1887203854
0.348699569643941, 14820.1887203767
0.354202706876094, 14820.1887203633
0.35965771849078, 14820.1887203573
0.365022613714245, 14820.1887203798
0.370258292474318, 14820.1887203604
0.375329315407726, 14820.1887203567
0.38020405950374, 14820.1887203779
0.384854982159595, 14820.1887203683
0.389258923623856, 14820.1887203717
0.39339791504608, 14820.188720372
0.397259731958911, 14820.1887203776
0.400838513320195, 14820.1887203653
0.404135199420125, 14820.1887203669
0.407157859201106, 14820.18872036
0.409921432506962, 14820.1887203559
0.41244655031187, 14820.1887203895
0.41475737986184, 14820.1887203705
0.416874014706991, 14820.1887203836
0.418808548096422, 14820.1887203534
0.420583935170725, 14820.1887203584
0.422227790095349, 14820.1887203765
0.423767224889161, 14820.1887203756
0.42522694586296, 14820.1887203631
0.426629580961162, 14820.1887203669
0.42799692819608, 14820.1887203956
0.429318349466485, 14820.1887203588
0.430591852116777, 14820.1887203869
0.431825516512617, 14820.1887204164
0.433029594441905, 14820.1887204226
0.434215168959781, 14820.1887204078
0.435393668136385, 14820.1887204288
0.43657665757928, 14820.1887203702
0.437775787024293, 14820.1887203526
0.439002710212662, 14820.1887203998
0.44026854427284, 14820.1887204022
0.441582678067789, 14820.1887203812
0.44295097142458, 14820.1887203831
0.444371338769997, 14820.188720342
0.445806857667776, 14820.1887203604
0.447342911211308, 14820.1887203951
0.448952672861196, 14820.1887203748
0.450643721771485, 14820.188720393
0.452429087414203, 14820.1887203608
0.454323393616505, 14820.1887203972
0.456342351229978, 14820.1887203501
0.458502653429605, 14820.1887203629
0.460821831737121, 14820.1887203633
0.463317913057836, 14820.1887203733
0.466008957264421, 14820.1887203724
0.468912153060955, 14820.1887203804
0.472042654524557, 14820.1887203687
0.475412331183179, 14820.1887203675
0.479028745376127, 14820.1887203684
0.482894570155622, 14820.1887203784
0.487007527015521, 14820.1887203767
0.491360740539676, 14820.1887203672
0.495943047222681, 14820.1887203769
0.500739146133128, 14820.1887203761
0.505729666409025, 14820.1887203862
0.51089073026742, 14820.1887203917
0.516193663363083, 14820.1887203749
0.52160507415465, 14820.1887203657
0.52708682134471, 14820.1887203785
0.532597442110273, 14820.1887203789
0.538093272814876, 14820.1887203795
0.54353096457271, 14820.1887203826
0.548869106201892, 14820.188720356
0.554069421963504, 14820.1887203659
0.559097356439452, 14820.1887203727
0.563922241599357, 14820.1887203887
0.568517458894348, 14820.1887203804
0.572861079370341, 14820.1887203561
0.576936339992244, 14820.1887203792
0.580732474572869, 14820.1887203929
0.584245169753558, 14820.1887203719
0.587477016106277, 14820.1887203735
0.590437724396907, 14820.1887203912
0.593143720099761, 14820.1887203806
0.595616654798505, 14820.1887203643
0.597881193298235, 14820.1887203901
0.599953738859767, 14820.1887203769
0.601848834859993, 14820.1887203967
0.603591065908404, 14820.188720393
0.60520824606283, 14820.1887203857
0.606726985588466, 14820.1887203545
0.608171436721022, 14820.1887203551
0.609563879923371, 14820.1887203894
0.610925682882225, 14820.1887203763
0.612235764590878, 14820.1887203574
0.61349908858756, 14820.1887203943
0.61472482226236, 14820.1887203923
0.615923530825967, 14820.188720383
0.617106406061794, 14820.1887204238
0.618284932850656, 14820.1887204107
0.619470670775627, 14820.1887203688
0.620675297293928, 14820.1887204064
0.621910421956272, 14820.1887204097
0.623186891101795, 14820.1887203857
0.624513424867473, 14820.1887204027
0.625894854892977, 14820.1887203889
0.627316513575352, 14820.1887203955
0.628757726848562, 14820.1887203677
0.630307633015036, 14820.1887204205
0.631934231063497, 14820.1887204229
0.633645047048049, 14820.1887204072
0.635453308816068, 14820.1887204121
0.637373918452795, 14820.188720379
0.639422806129005, 14820.1887203895
0.641616893990431, 14820.1887204029
0.643973838887177, 14820.1887203842
0.646511746301258, 14820.1887203819
0.649248524026916, 14820.1887203803
0.652201035496546, 14820.1887203908
0.655383830624487, 14820.1887203972
0.658807880776294, 14820.1887203822
0.662479690447071, 14820.1887203814
0.666400817430258, 14820.1887203893
0.670567915083666, 14820.1887203895
0.67497310161707, 14820.1887203836
0.679604375040071, 14820.1887203803
0.684445515329571, 14820.1887203848
0.689476210223802, 14820.1887203748
0.694671419383667, 14820.1887203703
0.700001555578638, 14820.1887204018
0.70543199664462, 14820.1887203892
0.710923855807778, 14820.1887203979
0.716434923720954, 14820.1887203782
0.721921493415721, 14820.1887203787
0.727340570592787, 14820.1887203791
0.732651269547205, 14820.1887204072
0.737816165368713, 14820.1887203797
0.742801503536612, 14820.1887203778
0.747577507972892, 14820.1887203971
0.752118559052178, 14820.1887203973
0.756403779891116, 14820.1887203789
0.760417715348012, 14820.188720395
0.764150991282804, 14820.1887203804
0.767600796116312, 14820.188720392
0.77077129029567, 14820.1887203764
0.773673751322349, 14820.1887203889
0.776325927665312, 14820.1887203781
0.77875036084879, 14820.1887203941
0.780972040705819, 14820.1887203712
0.783003444907081, 14820.1887203848
0.784862199070631, 14820.188720381
0.786574198435119, 14820.1887203834
0.788167257112946, 14820.1887203879
0.789667469427513, 14820.1887203897
0.791098441448412, 14820.1887204093
0.792482289103646, 14820.1887203853
0.793831883318489, 14820.1887203776
0.795130892693123, 14820.1887204351
0.796385066158109, 14820.1887203481
0.797603914510546, 14820.1887203908
0.798798162217281, 14820.1887204041
0.799979094939772, 14820.1887204049
0.80115820064384, 14820.1887203879
0.802347092547279, 14820.1887203683
0.80355744314511, 14820.1887204124
0.804800782454549, 14820.1887203839
0.806087633023708, 14820.1887203947
0.807425981733104, 14820.1887203758
0.808819743873755, 14820.1887203727
0.81024396333305, 14820.1887203583
0.811691858940321, 14820.1887204134
0.813255401448259, 14820.1887203663
0.814898422591796, 14820.1887203944
0.816628451295401, 14820.1887203694
0.818458978010312, 14820.1887204036
0.820405099031632, 14820.1887203625
0.822482928189856, 14820.1887203849
0.8247095968145, 14820.1887203855
0.827102856052079, 14820.1887203853
0.829680921688123, 14820.1887203997
0.832461524292739, 14820.1887203846
0.835461116981605, 14820.1887204056
0.83869363876147, 14820.1887203901
0.842169181352801, 14820.1887204011
0.845893224501197, 14820.1887203824
0.849866289339843, 14820.1887203872
0.854084047339711, 14820.1887203875
0.858537739411986, 14820.1887203835
0.863214443463221, 14820.1887203935
0.868097167196538, 14820.1887203899
0.873164485426969, 14820.1887203869
0.878390552916244, 14820.1887203884
0.883744602931984, 14820.188720411
0.889191224239767, 14820.1887204079
0.894690696131875, 14820.1887204113
0.900200192994816, 14820.1887203743
0.90567610699145, 14820.1887203731
0.911075737447391, 14820.1887204016
0.916358885762747, 14820.1887203883
0.921488821793901, 14820.1887203923
0.926432677228149, 14820.1887203927
0.931161470100051, 14820.1887204007
0.935650530213024, 14820.1887203806
0.939880058485869, 14820.1887203882
0.943835822890833, 14820.1887203945
0.947509771340265, 14820.1887204059
0.950900540748989, 14820.1887203887
0.954013774691703, 14820.1887204075
0.956862206243386, 14820.1887203874
0.95946474646189, 14820.1887204097
0.961844637491595, 14820.1887203866
0.964026142992225, 14820.1887203929
0.966019629708171, 14820.1887204161
0.967845357230544, 14820.1887203973
0.969530157381087, 14820.1887203985
0.971101687773626, 14820.1887204189
0.97258550161132, 14820.1887204044
0.974004818373942, 14820.1887204188
0.975381528802245, 14820.1887203925
0.976719997419423, 14820.1887204377
0.978008925641916, 14820.1887204423
0.979254906756978, 14820.1887203545
0.980467723071342, 14820.1887204462
0.981658259988762, 14820.1887204198
0.982837852734519, 14820.1887204587
0.984018029306753, 14820.1887203808
0.98521042657012, 14820.1887203855
0.986426718754956, 14820.188720389
0.987678303183202, 14820.1887203667
0.988975350501278, 14820.1887203743
0.990325073202257, 14820.1887203855
0.991730531535723, 14820.1887203904
0.993158432233031, 14820.1887204011
0.99467499630191, 14820.1887204168
0.996261130927451, 14820.1887203764
0.997924556002545, 14820.188720427
0.999677748608519, 14820.1887203768
1.00153499161388, 14820.1887203964
1.00351167142435, 14820.1887203871
1.00562416168032, 14820.188720379
1.00788975309115, 14820.1887203728
1.0103263553101, 14820.1887203803
1.01295210532408, 14820.1887204037
1.01578460464589, 14820.1887203951
1.01883977558464, 14820.1887203942
1.02213066070908, 14820.188720391
1.02566638530334, 14820.1887203931
1.02945119214564, 14820.1887204049
1.03348441586786, 14820.1887203989
1.03776059697702, 14820.1887203968
1.04226992336407, 14820.1887203948
1.04699845512005, 14820.1887203977
1.05192823299149, 14820.1887204013
1.05703673784956, 14820.188720394
1.0622970241202, 14820.188720392
1.06767717679759, 14820.1887203948
1.0731404972139, 14820.1887204086
1.07864640495245, 14820.1887203954
1.08415181632154, 14820.1887204188
1.08961300596275, 14820.1887203888
1.09498784271273, 14820.1887204176
1.10023691263996, 14820.1887204256
1.10532444922501, 14820.1887204142
1.1102184418487, 14820.1887204157
1.11489094809076, 14820.1887204055
1.11931846906373, 14820.1887203914
1.12348241718792, 14820.1887204032
1.12737004670998, 14820.1887204006
1.13097489724896, 14820.1887204075
1.13429728161645, 14820.1887204142
1.13734458773251, 14820.1887203941
1.14013117484137, 14820.1887203979
1.14267722747536, 14820.1887204091
1.14500668102846, 14820.1887204151
1.14714091619317, 14820.18872042
1.14909135230482, 14820.1887203914
1.1508802266253, 14820.1887204144
1.15253500209656, 14820.1887204274
1.15408295425004, 14820.1887204055
1.15554902168151, 14820.1887204266
1.15695596944715, 14820.1887204094
1.15832562998185, 14820.188720412
1.1596516468453, 14820.1887203744
1.16092929176375, 14820.1887204399
1.16216623655055, 14820.1887203901
1.16337259833381, 14820.188720446
1.16455941582535, 14820.1887203946
1.16573808951944, 14820.1887203905
1.1669201725781, 14820.1887204642
1.16811731388952, 14820.1887203836
1.16934117513301, 14820.1887204202
1.17060296324416, 14820.1887204078
1.17191230711978, 14820.1887203895
1.17327543976353, 14820.1887203733
1.1746945802588, 14820.1887204263
1.17612809381171, 14820.1887204188
1.17765882655658, 14820.1887203979
1.17926211808663, 14820.1887204351
1.18094561808175, 14820.1887203894
1.18272218119819, 14820.1887204331
1.1846063154735, 14820.1887204036
1.18661373855866, 14820.1887204282
1.18876097948669, 14820.1887204227
1.19106553858001, 14820.1887203869
1.1935454677805, 14820.1887203994
1.19621879974147, 14820.1887204029
1.19910281220655, 14820.1887204122
1.20221291952839, 14820.188720411
1.2055613094999, 14820.1887204173
1.20915601800152, 14820.1887204083
1.2130000920115, 14820.1887204019
1.21709162771731, 14820.1887204201
1.22142425429411, 14820.1887204156
1.22598710722013, 14820.1887204104
1.23076530932303, 14820.1887204127
1.23573974616738, 14820.1887204132
1.24088696904437, 14820.1887204002
1.24617882894381, 14820.1887204234
1.25158219920559, 14820.1887204149
1.25705940632179, 14820.1887204195
1.26256920294327, 14820.1887204004
1.26806801414205, 14820.1887204072
1.27351244869715, 14820.1887204198
1.27886088253945, 14820.1887204114
1.28407470127422, 14820.1887204
1.28911900737512, 14820.1887204093
1.29396278415879, 14820.1887204063
1.29857904752498, 14820.1887204232
1.30294539943498, 14820.1887204209
1.30704462281938, 14820.1887204162
1.31086541733021, 14820.1887204075
1.31440288354133, 14820.1887204005
1.3176589865252, 14820.1887204196
1.32064282005376, 14820.1887204035
1.32337027398171, 14820.188720428
1.32586261380857, 14820.1887204089
1.32814434437023, 14820.1887204109
1.33023329087155, 14820.1887204116
1.332143038293, 14820.1887204304
1.33389753527081, 14820.1887203919
1.33552455206518, 14820.1887204313
1.33705090760486, 14820.1887204177
1.33850095649905, 14820.1887204165
1.33989708568697, 14820.1887204117
1.34126116068728, 14820.1887203913
1.34257546878507, 14820.188720447
1.34384255540135, 14820.1887204332
1.34507119489717, 14820.1887204491
1.34627183918928, 14820.1887204144
1.34745565348203, 14820.1887203907
1.34863408706224, 14820.1887203913
1.34981871835043, 14820.1887203926
1.35102121366799, 14820.1887204145
1.3522531765484, 14820.1887204451
1.35352560018509, 14820.188720401
1.35484744452697, 14820.1887204225
1.35622392535879, 14820.1887204483
1.35764493681563, 14820.1887203826
1.35908383435162, 14820.1887204372
1.3606284411544, 14820.1887204337
1.36224862028394, 14820.1887204184
1.36395195660225, 14820.1887204272
1.36575154188904, 14820.1887204092
1.36766217251352, 14820.188720424
1.36969970923747, 14820.1887204153
1.37188098190018, 14820.1887204356
1.37422359815901, 14820.1887204147
1.37674572328979, 14820.1887204253
1.37946523350547, 14820.188720416
1.38239911863639, 14820.1887204358
1.38556215543213, 14820.1887204188
1.38896570484576, 14820.188720417
1.39261667461687, 14820.1887204156
1.39651701193725, 14820.1887204182
1.40066385303362, 14820.1887204239
1.40504965748551, 14820.1887204244
1.40966262912843, 14820.1887204084
1.41448698055319, 14820.1887204139
1.41950267570428, 14820.1887204182
1.42468517793895, 14820.1887204187
1.43000530089557, 14820.1887204104
1.435428809109, 14820.188720409
1.44091713240778, 14820.1887204236
1.44642824457696, 14820.1887204122
1.45191858844191, 14820.1887204353
1.45734487858135, 14820.1887204028
1.462666100153, 14820.1887204241
1.46784450289124, 14820.1887204201
1.47284602703076, 14820.1887204281
1.47764055578227, 14820.1887204428
1.48220209150168, 14820.1887204286
1.48650934556645, 14820.1887204103
1.49054639311726, 14820.1887204214
1.49430332037809, 14820.1887204175
1.49777674692814, 14820.1887204138
1.50097024267961, 14820.1887204223
1.50389450290459, 14820.1887204299
1.50656678536689, 14820.188720423
1.5090093019935, 14820.1887204235
1.51124694398823, 14820.1887204123
1.51329370007443, 14820.1887204201
1.51516597883528, 14820.188720436
1.51688917426873, 14820.1887204231
1.51849114439028, 14820.1887204495
1.51999819386037, 14820.1887204218
1.52143412603255, 14820.1887204377
1.52282105266568, 14820.1887204119
1.52417518468428, 14820.188720458
1.52547831662741, 14820.1887204254
1.52673588934704, 14820.188720474
1.52795727386183, 14820.1887204329
1.52915314412894, 14820.1887203977
1.53033474257609, 14820.1887203844
1.53151356011585, 14820.1887203953
1.53270119243825, 14820.1887204279
1.53390931942704, 14820.1887203906
1.53514949729652, 14820.1887204638
1.53643238408768, 14820.1887204121
1.53776625488172, 14820.1887204065
1.53915535774286, 14820.1887204203
1.54057850559911, 14820.1887204552
1.54202371362044, 14820.1887203989
1.54358204011078, 14820.1887204656
1.54521881599067, 14820.1887204115
1.54694153858873, 14820.1887204351
1.54876357983812, 14820.188720399
1.55069995852318, 14820.1887204017
1.55276682254043, 14820.188720405
1.55498106498635, 14820.1887204177
1.55736054308727, 14820.1887204298
1.55992332593814, 14820.1887204244
1.5626872826324, 14820.1887204247
1.56566906651642, 14820.1887204328
1.56888278553743, 14820.1887204264
1.57233885485402, 14820.1887204321
1.57604316907964, 14820.1887204281
1.57999663365263, 14820.1887204328
1.58419525095815, 14820.1887204314
1.58863068463324, 14820.1887204267
1.59329035748669, 14820.1887204358
1.59815748989786, 14820.1887204358
1.60321108480275, 14820.1887204091
1.60842568559019, 14820.1887204199
1.61377094506315, 14820.1887204306
1.6192116910679, 14820.188720418
1.62470851747639, 14820.1887204476
1.63021884422778, 14820.1887204437
1.63569903208918, 14820.1887204184
1.64110620366409, 14820.1887204466
1.64639993769379, 14820.1887204209
1.65154327375785, 14820.1887204067
1.65650292752252, 14820.1887204399
1.66124969004522, 14820.1887204402
1.66575849518995, 14820.1887204171
1.6700091185412, 14820.1887204344
1.67398687950481, 14820.1887204324
1.67768323596101, 14820.188720424
1.68109626013393, 14820.1887204376
1.68423104215981, 14820.188720431
1.68709977102844, 14820.1887204361
1.6897209261806, 14820.1887204469
1.69211749066017, 14820.1887204303
1.69431449521653, 14820.1887204435
1.69632224913585, 14820.1887204432
1.69816028184505, 14820.1887204358
1.69985515012741, 14820.1887204224
1.70143463107888, 14820.1887204467
1.70292448625332, 14820.1887204441
1.70434807737911, 14820.1887204319
1.7057273607461, 14820.188720413
1.70706998048627, 14820.1887203922
1.70836266562401, 14820.1887204066
1.7096116779685, 14820.1887204526
1.7108267097974, 14820.1887204204
1.71201859002758, 14820.1887204544
1.7131986292552, 14820.1887204479
1.71437834275639, 14820.1887204537
1.71556935981789, 14820.1887204126
1.71678335456818, 14820.1887204353
1.71803176803951, 14820.1887204105
1.71932492398992, 14820.1887204103
1.72067033816711, 14820.1887204693
1.72207138193698, 14820.1887204282
1.72349774981558, 14820.1887204346
1.72500987037711, 14820.1887204522
1.72659062158709, 14820.1887204399
1.72824773789034, 14820.1887204033
1.72999357229128, 14820.18872046
1.73184233207212, 14820.188720415
1.7338093065664, 14820.1887204552
1.73591084353029, 14820.1887204358
1.73816409901701, 14820.1887204464
1.74058698690351, 14820.188720444
1.74319764715256, 14820.188720436
1.74601373611949, 14820.1887204392
1.74905137613314, 14820.188720436
1.75232389376106, 14820.1887204392
1.75584070278637, 14820.1887204428
1.75960642296559, 14820.1887204347
1.76362074473218, 14820.1887204304
1.76787864756989, 14820.1887204367
1.77237059161052, 14820.1887204279
1.77708299887308, 14820.1887204411
1.78199814333493, 14820.1887204311
1.78709393070676, 14820.1887204262
1.79234365927914, 14820.1887204324
1.79771584102127, 14820.1887204277
1.80317420616484, 14820.1887204212
1.80867836060497, 14820.1887204394
1.81418534243494, 14820.1887204462
1.81965147682422, 14820.188720443
1.82503435408944, 14820.1887204325
1.82613340278112, 14820.1887204186

