0
680
1345
2345
3022
2955
2169
1184
628
842
1663
2629
3095
2771
1845
940
608
1042
1989
2849
3073
2520
1534
744
673
1304
2300
3015
2977
2224
1230
639
813
1616
2586
3097
2799
1899
972
608
1001
1936
2829
3084
2547
1578
772
660
1274
2265
2997
2996
2263
1272
648
779
1565
2551
3082
2832
1948
1018
613
980
1887
2800
3098
2599
1613
803
641
1217
2210
2973
3014
2316
1315
674
760
1526
2513
3076
2856
1988
1048
607
951
1847
2761
3092
2628
1667
832
638
1182
2173
2951
3036
2352
1355
686
736
1473
2461
3069
2879
2038
1081
612
922
1794
2728
3107
2667
1712
853
631
1149
2120
2930
3044
2398
1393
695
722
1431
2426
3053
2911
2089
1115
617
887
1744
2699
3108
2710
1765
880
616
1102
2079
2902
3059
2434
1447
724
699
1385
2383
3043
2933
2134
1154
625
867
1708
2663
3107
2742
1811
913
611
1069
2026
2880
3079
2475
1498
729
682
1343
2345
3026
2953
2181
1194
631
828
1660
2618
3098
2771
1853
942
612
1034
1981
2851
3074
2518
1532
750
670
1303
2306
3015
2974
2220
1235
639
809
1614
2588
3095
2800
1898
971
620
1000
1934
2823
3088
2554
1584
778
662
1264
2256
2989
3004
2274
1280
651
782
1568
2547
3086
2831
1943
1010
610
981
1888
2788
3097
2598
1626
805
639
1222
2216
2973
3012
2311
1318
668
762
1516
2505
3076
2865
2000
1052
613
954
1839
2757
3099
2637
1675
833
631
1182
2169
2957
3037
2350
1367
676
739
1471
2467
3068
2882
2034
1081
612
923
1797
2721
3106
2668
1712
866
616
1147
2111
2920
3044
2407
1401
703
719
1422
2417
3057
2912
2097
1111
619
887
1742
2700
3103
2706
1767
879
623
1102
2069
2904
3054
2440
1439
722
702
1380
2384
3046
2932
2138
1154
616
858
1696
2657
3094
2738
1817
921
610
1070
2016
2882
3081
2476
1483
731
679
1348
2344
3026
2962
2178
1192
627
829
1658
2615
3096
2770
1856
956
609
1035
1976
2854
3086
2527
1546
769
667
1301
2296
3012
2986
2235
1242
642
808
1614
2584
3095
2801
1911
982
615
991
1905
2799
3094
2576
1605
794
652
1230
2222
2985
3015
2295
1302
660
771
1533
2526
3086
2852
1977
1032
614
963
1854
2781
3094
2628
1656
823
639
1207
2181
2963
3027
2331
1347
678
748
1497
2490
3075
2873
2017
1071
610
931
1813
2738
3093
2659
1694
844
634
1156
2127
2932
3046
2384
1379
689
722
1447
2435
3056
2904
2068
1105
621
899
1764
2711
3108
2691
1748
875
620
1126
2093
2913
3056
2425
1433
712
708
1401
2391
3044
2930
2121
1143
621
873
1717
2665
3108
2725
1795
901
611
1084
2040
2893
3070
2464
1475
725
694
1364
2352
3039
2954
2172
1189
633
845
1667
2636
3094
2762
1847
930
609
1046
1996
2859
3077
2504
1527
754
671
1312
2315
3016
2971
2210
1221
642
820
1627
2599
3095
2789
1888
964
611
1015
1946
2828
3086
2549
1568
770
659
1270
2271
3004
2995
2251
1262
652
792
1574
2555
3083
2822
1939
1004
608
996
1898
2801
3099
2585
1616
789
649
1232
2221
2980
3011
2297
1306
661
772
1535
2511
3087
2850
1981
1036
614
962
1856
2768
3097
2626
1659
824
641
1193
2174
2956
3034
2341
1349
683
741
1486
2476
3068
2875
2019
1067
611
931
1803
2745
3100
2660
1694
843
629
1156
2134
2931
3045
2382
1383
691
725
1440
2434
3055
2898
2081
1111
621
901
1753
2700
3106
2699
1757
883
620
1111
2078
2912
3054
2426
1434
711
715
1404
2391
3045
2931
2117
1139
618
872
1714
2668
3104
2732
1797
906
607
1078
2040
2883
3063
2478
1481
726
692
1355
2351
3033
2951
2172
1192
628
842
1677
2637
3097
2763
1842
933
610
1042
1998
2860
3077
2505
1525
748
677
1313
2313
3016
2977
2210
1222
640
811
1615
2597
3097
2801
1891
972
605
1002
1941
2829
3083
2554
1574
773
660
1272
2264
3004
2993
2250
1263
654
787
1575
2553
3087
2818
1937
1001
608
993
1897
2803
3098
2583
1616
803
648
1229
2224
2973
3016
2301
1304
663
759
1525
2518
3078
2854
1980
1033
609
966
1857
2770
3097
2626
1659
818
643
1191
2170
2956
3034
2345
1346
684
739
1482
2473
3073
2884
2028
1071
609
921
1806
2743
3103
2661
1706
855
627
1157
2128
2944
3041
2386
1379
694
724
1442
2436
3055
2902
2077
1112
623
890
1758
2699
3109
2702
1759
887
622
1110
2080
2910
3058
2434
1432
710
704
1389
2395
3047
2933
2128
1151
617
872
1717
2667
3111
2736
1796
903
609
1083
2035
2882
3067
2477
1482
733
693
1356
2352
3035
2951
2172
1189
631
840
1667
2627
3093
2769
1847
937
613
1043
1990
2849
3073
2516
1534
752
674
1311
2313
3015
2975
2208
1218
642
810
1616
2587
3093
2800
1895
967
611
1002
1937
2822
3084
2556
1570
770
658
1260
2262
2995
2994
2262
1274
652
780
1567
2548
3083
2820
1939
1003
607
991
1898
2801
3095
2588
1615
797
650
1231
2210
2973
3016
2303
1316
674
758
1524
2516
3075
2864
1988
1041
609
949
1845
2765
3099
2640
1671
834
632
1184
2169
2951
3035
2348
1349
680
739
1485
2479
3066
2882
2031
1075
608
919
1802
2730
3110
2667
1708
853
630
1156
2121
2933
3045
2396
1394
691
724
1436
2416
3058
2911
2087
1110
616
899
1758
2698
3105
2697
1759
886
620
1115
2076
2911
3053
2436
1444
709
699
1392
2395
3047
2934
2130
1157
623
864
1708
2659
3107
2729
1804
912
613
1071
2030
2885
3078
2477
1487
732
696
1353
2353
3037
2955
2173
1194
633
843
1668
2631
3095
2773
1845
938
611
1044
1989
2851
3075
2515
1535
752
669
1308
2302
3014
2973
2225
1233
645
811
1618
2586
3094
2787
1888
976
611
1008
1945
2834
3085
2558
1577
772
664
1271
2259
2992
2994
2264
1273
650
777
1566
2556
3086
2828
1951
1004
613
985
1886
2800
3095
2600
1628
799
639
1224
2211
2975
3016
2308
1304
670
764
1525
2515
3074
2862
1988
1043
612
954
1846
2760
3096
2637
1667
833
631
1187
2172
2949
3033
2349
1353
678
740
1476
2462
3063
2880
2038
1080
614
921
1805
2732
3107
2667
1715
849
628
1140
2117
2934
3046
2390
1405
701
720
1430
2424
3055
2914
2093
1111
621
892
1746
2697
3106
2708
1764
880
624
1106
2067
2900
3055
2447
1454
712
704
1390
2392
3046
2936
2129
1153
619
864
1707
2656
3103
2738
1810
911
608
1070
2030
2883
3074
2478
1482
725
684
1333
2339
3023
2950
2180
1192
635
831
1656
2619
3099
2773
1850
943
615
1048
1989
2849
3073
2516
1534
751
671
1306
2305
3014
2977
2225
1232
640
808
1616
2586
3094
2801
1896
974
614
1000
1921
2821
3084
2559
1588
782
657
1264
2252
2994
2994
2262
1275
652
780
1567
2548
3087
2830
1950
1013
612
985
1888
2793
3098
2599
1623
798
638
1220
2213
2974
3014
2316
1310
669
759
1517
2504
3078
2860
1999
1049
612
954
1850
2761
3100
2630
1665
833
632
1176
2168
2951
3034
2356
1357
686
739
1473
2465
3068
2885
2041
1085
610
919
1796
2729
3108
2666
1714
865
625
1138
2108
2922
3042
2405
1400
703
720
1429
2424
3052
2910
2086
1112
622
887
1746
2699
3103
2707
1765
885
617
1106
2066
2903
3056
2447
1444
721
700
1383
2385
3046
2942
2141
1167
623
861
1695
2658
3098
2733
1810
913
612
1067
2025
2879
3079
2485
1496
740
683
1340
2348
3023
2963
2182
1193
628
831
1659
2618
3095
2771
1855
944
607
1032
1976
2850
3082
2527
1535
763
670
1300
2293
3011
2977
2219
1232
638
811
1616
2590
3093
2805
1894
975
609
1005
1940
2827
3083
2559
1575
782
658
1263
2259
2997
2991
2272
1274
652
778
1565
2547
3087
2829
1949
1013
610
997
1897
2800
3096
2598
1627
801
642
1225
2213
2972
3016
2312
1315
669
757
1513
2507
3072
2858
2001
1053
610
955
1837
2759
3094
2636
1676
831
629
1185
2160
2953
3033
2366
1364
684
741
1476
2467
3062
2879
2040
1078
611
918
1796
2729
3109
2667
1717
864
627
1133
2123
2934
3046
2408
1400
703
724
1425
2421
3054
2913
2090
1122
618
890
1746
2690
3106
2698
1756
883
622
1114
2083
2904
3057
2437
1447
715
701
1378
2384
3044
2934
2133
1150
617
864
1701
2658
3103
2738
1807
909
610
1070
2030
2868
3077
2487
1499
738
677
1345
2335
3035
2949
2168
1192
629
838
1658
2626
3094
2771
1858
940
608
1035
1978
2848
3088
2512
1529
759
675
1300
2295
3011
2983
2220
1230
643
804
1607
2577
3096
2801
1907
979
613
1005
1937
2821
3086
2556
1571
781
664
1264
2251
2995
3003
2272
1285
650
776
1567
2547
3087
2832
1947
1016
612
983
1883
2790
3095
2598
1627
808
638
1213
2199
2976
3024
2332
1325
669
757
1524
2504
3077
2858
2000
1050
608
950
1839
2757
3095
2638
1677
833
631
1181
2165
2956
3035
2369
1366
683
736
1467
2462
3068
2892
2047
1080
606
912
1790
2721
3104
2668
1712
859
624
1143
2117
2920
3048
2406
1402
704
729
1421
2409
3053
2912
2088
1123
617
885
1745
2685
3106
2711
1769
889
624
1105
2070
2901
3068
2443
1453
729
702
1376
2373
3048
2935
2131
1156
622
861
1697
2657
3099
2740
1818
919
612
1067
2016
2873
3076
2486
1496
736
683
1346
2333
3026
2967
2180
1206
629
828
1647
2617
3097
2781
1859
952
610
1037
1975
2853
3085
2527
1538
747
669
1304
2290
3013
2987
2233
1231
638
804
1601
2577
3092
2802
1907
984
612
996
1906
2802
3096
2584
1606
787
651
1229
2223
2988
3015
2302
1303
661
767
1545
2526
3087
2851
1978
1034
608
966
1856
2770
3094
2615
1658
819
636
1190
2183
2968
3023
2332
1347
683
745
1493
2485
3076
2873
2026
1072
610
932
1809
2737
3108
2648
1696
839
632
1162
2138
2943
3047
2385
1383
690
731
1444
2447
3067
2904
2067
1104
615
900
1764
2707
3105
2690
1743
874
619
1119
2087
2915
3052
2425
1436
714
713
1402
2393
3043
2921
2110
1143
617
874
1727
2681
3103
2720
1787
902
624
1080
2048
2888
3063
2464
1472
726
692
1364
2353
3036
2951
2169
1179
630
836
1677
2641
3099
2757
1836
931
611
1046
2001
2863
3078
2509
1514
746
686
1322
2310
3013
2975
2211
1221
638
812
1622
2601
3097
2789
1887
974
614
1011
1946
2832
3081
2548
1567
768
657
1268
2263
2994
2999
2262
1262
650
789
1582
2555
3087
2821
1929
1006
606
989
1905
2802
3093
2586
1614
789
648
1229
2218
2982
3016
2302
1303
662
760
1531
2518
3076
2848
1989
1033
609
967
1856
2769
3096
2617
1657
819
639
1190
2181
2957
3026
2340
1344
684
748
1495
2481
3077
2881
2029
1071
611
930
1807
2742
3106
2658
1707
848
630
1155
2130
2935
3044
2383
1390
690
722
1443
2433
3069
2900
2069
1106
617
905
1768
2707
3105
2698
1749
870
620
1124
2089
2914
3054
2427
1439
714
703
1400
2400
3046
2933
2117
1146
619
870
1716
2670
3103
2727
1798
914
609
1074
2040
2879
3065
2463
1474
730
693
1355
2355
3036
2951
2168
1182
629
839
1665
2630
3089
2761
1849
934
611
1041
1986
2860
3073
2506
1527
747
672
1310
2303
3016
2972
2214
1232
641
820
1626
2600
3096
2790
1883
973
608
1015
1951
2830
3083
2549
1561
774
664
1274
2259
2990
2991
2264
1266
653
795
1576
2558
3085
2821
1938
1006
607
995
1892
2805
3090
2585
1608
793
651
1231
2222
2969
3013
2301
1301
659
761
1531
2514
3074
2853
1984
1042
608
956
1844
2772
3096
2630
1669
817
638
1195
2170
2955
3035
2343
1351
678
740
1483
2477
3076
2880
2031
1071
608
929
1806
2739
3109
2656
1707
853
632
1156
2127
2932
3043
2381
1394
694
722
1443
2437
3054
2903
2083
1111
617
890
1759
2699
3103
2701
1757
884
624
1112
2078
2911
3045
2435
1434
715
700
1393
2390
3041
2929
2132
1150
618
863
1701
2658
3105
2729
1806
914
611
1070
2031
2880
3066
2475
1484
729
683
1349
2341
3023
2951
21
2090
2914
3056
2425
1438
711
706
1405
2392
3045
2930
2124
1142
620
869
1718
2666
31099
1759
881
625
1123
2090
2914
3056
2425
1438
711
706
1405
2392
3045
2930
2124
1142
620
869
1718
2666
3109
2729
1795
908
609
1071
2038
2878
3066
2477
1488
727
691
1353
2353
3038
2955
2172
1188
627
839
1669
2636
3095
2755
1845
933
612
1046
2001
2862
3076
2508
1527
748
673
1311
2315
3011
2972
2211
1220
638
813
1626
2601
3093
2801
1885
976
611
1004
1940
2830
3088
2551
1567
770
658
1274
2272
3005
2994
2251
1262
653
791
1575
2558
3085
2824
1938
1000
606
994
1892
2800
3095
2589
1619
804
650
1232
2222
2976
3015
2307
1302
662
756
1526
2526
3087
2854
1979
1036
606
960
1855
2770
3097
2625
1659
819
643
1198
2172
2955
3035
2345
1348
679
739
1485
2477
3072
2883
2033
1072
608
918
1804
2729
3109
2661
1704
855
632
1152
2133
2942
3043
2381
1381
694
723
1443
2434
3055
2905
2074
1098
618
900
1763
2697
3108
2701
1743
880
621
1113
2090
2916
3057
2436
1432
709
699
1392
2394
3043
2932
2129
1145
618
871
1711
2669
3108
2730
1795
896
607
1084
2039
2880
3066
2476
1488
725
693
1356
2352
3036
2951
2174
1193
629
840
1667
2628
3096
2774
1845
942
612
1041
1984
2852
3076
2502
1528
747
670
1312
2314
3013
2977
2210
1220
642
811
1613
2585
3092
2799
1898
975
612
1003
1938
2827
3087
2557
1573
769
658
1270
2263
2995
2997
2259
1274
651
778
1567
2554
3089
2823
1937
1005
611
991
1899
2802
3093
2587
1612
803
654
1234
2221
2973
3013
2305
1305
668
759
1522
2514
3076
2852
1989
1046
608
950
1846
2763
3097
2628
1668
831
628
1197
2169
2953
3033
2339
1354
682
742
1485
2478
3066
2885
2038
1071
610
920
1794
2732
3105
2666
1712
849
628
1151
2119
2934
3045
2395
1396
703
721
1431
2426
3056
2908
2089
1117
625
890
1754
2700
3110
2698
1755
885
621
1116
2078
2904
3058
2434
1443
717
703
1392
2395
3047
2934
2128
1156
620
863
1709
2658
3108
2731
1807
913
614
1073
2031
2886
3074
2477
1484
730
691
1359
2357
3037
2954
2167
1192
630
839
1668
2626
3100
2772
1851
943
612
1047
1989
2850
3077
2519
1536
750
674
1303
2308
3013
2977
2224
1234
644
806
1611
2594
3098
2801
1898
975
610
1007
1939
2821
3084
2558
1574
775
665
1260
2254
2992
2995
2264
1274
652
777
1566
2547
3084
2833
1951
1015
610
981
1883
2793
3096
2616
1624
798
641
1233
2211
2977
3016
2301
1323
672
758
1522
2506
3076
2861
1990
1046
609
957
1846
2757
3106
2640
1671
835
632
1186
2170
2950
3036
2356
1365
685
737
1473
2465
3068
2880
2039
1068
614
920
1799
2733
3104
2671
1714
855
629
1143
2119
2940
3044
2397
1396
701
724
1429
2423
3053
2915
2091
1114
621
890
1747
2695
3105
2708
1766
885
617
1105
2070
2901
3069
2433
1446
716
703
1395
2386
3047
2934
2133
1152
618
859
1705
2661
3100
2741
1804
912
606
1071
2029
2874
3076
2482
1497
742
686
1340
2332
3022
2966
2184
1208
627
832
1647
2629
3097
2771
1857
943
613
1037
1978
2852
3088
2519
1533
760
671
1305
2295
3014
2987
2220
1230
642
809
1608
2585
3098
2804
1910
981
613
991
1907
2802
3097
2585
1607
790
652
1241
2231
2984
3005
2293
1292
661
769
1544
2528
3084
2850
1977
1031
612
958
1851
2768
3097
2618
1659
823
639
1207
2181
2965
3024
2331
1345
682
749
1499
2488
3077
2875
2028
1060
610
935
1818
2743
3091
2652
1693
839
634
1162
2139
2944
3044
2383
1381
692
729
1443
2445
3066
2902
2068
1103
620
900
1768
2711
3108
2687
1746
874
624
1131
2091
2914
3059
2411
1424
712
712
1392
2405
3044
2921
2111
1139
620
877
1715
2680
3109
2724
1788
899
622
1083
2051
2893
3064
2466
1474
725
685
1363
2354
3037
2955
2160
1187
631
838
1665
2639
3093
2757
1840
929
606
1052
1997
2859
3074
2508
1513
751
680
1325
2317
3017
2976
2206
1225
642
825
1623
2596
3097
2791
1883
960
612
1017
1945
2829
3083
2545
1562
774
659
1286
2273
3000
2995
2255
1260
651
792
1584
2556
3083
2822
1929
1001
611
989
1907
2803
3098
2587
1606
789
653
1230
2218
2985
3014
2290
1306
660
767
1531
2516
3092
2851
1981
1032
610
962
1851
2773
3095
2619
1654
817
641
1196
2178
2964
3025
2335
1347
683
750
1492
2486
3075
2871
2019
1074
609
933
1805
2740
3104
2661
1694
855
633
1156
2130
2933
3048
2384
1381
692
730
1452
2446
3069
2905
2069
1105
619
904
1765
2706
3109
2687
1748
874
621
1123
2087
2911
3055
2424
1430
712
712
1402
2390
3045
2933
2124
1145
617
869
1718
2679
3103
2723
1786
903
620
1084
2038
2880
3068
2461
1475
730
697
1369
2357
3036
2957
2170
1185
633
841
1666
2640
3095
2762
1845
934
609
1045
1998
2863
3078
2511
1527
750
669
1326
2310
3012
2976
2210
1223
641
821
1623
2595
3096
2791
1886
962
607
1013
1944
2829
3087
2547
1566
768
663
1275
2260
2990
2994
2250
1265
649
792
1576
2556
3089
2825
1938
1002
609
992
1909
2796
3098
2590
1606
792
655
1234
2220
2974
3016
2306
1303
660
761
1537
2512
3074
2852
1989
1045
612
959
1851
2774
3100
2627
1667
823
639
1197
2174
2954
3035
2334
1344
681
752
1482
2487
3075
2884
2026
1069
613
933
1804
2740
3111
2661
1713
854
633
1148
2130
2937
3046
2396
1395
688
725
1442
2438
3056
2915
2082
1111
621
896
1754
2709
3110
2715
1747
875
619
1117
2092
2913
3056
2423
1435
709
705
1394
2394
3045
2934
2121
1154
618
863
1707
2667
3105
2731
1799
910
613
1071
2030
2884
3066
2477
1488
727
695
1370
2355
3037
2951
2173
1181
632
846
1670
2628
3094
2763
1849
944
609
1043
1989
2863
3073
2518
1527
752
672
1317
2304
3008
2975
2212
1232
643
808
1615
2588
3096
2799
1895
974
612
1013
1951
2830
3087
2551
1575
768
659
1275
2263
2995
2992
2262
1261
652
792
1577
2560
3084
2827
1934
1002
613
994
1896
2804
3096
2588
1614
801
648
1232
2211
2973
3016
2291
1307
662
760
1534
2518
3074
2852
1988
1032
608
962
1854
2769
3095
2627
1658
822
643
1192
2172
2956
3034
2340
1353
683
738
1485
2477
3064
2885
2039
1072
611
921
1798
2742
3107
2663
1702
852
634
1149
2127
2933
3047
2386
1394
691
725
1443
2435
3053
2916
2081
1112
620
888
1753
2695
3107
2701
1759
884
617
1117
2075
2904
3052
2434
1445
712
703
1395
2393
3047
2931
2120
1152
625
863
1705
2668
3103
2730
1808
915
612
1070
2030
2882
3068
2475
1489
728
690
1354
2341
3035
2957
2171
1197
632
839
1655
2630
3094
2769
1855
935
610
1048
1993
2860
3076
2508
1527
754
674
1313
2303
3015
2974
2210
1221
638
809
1613
2585
3093
2801
1894
975
613
1004
1936
2822
3081
2559
1578
782
659
1265
2252
2995
2991
2258
1262
655
787
1570
2559
3085
2823
1940
1004
612
990
1894
2800
3093
2596
1618
798
653
1227
2212
2975
3009
2304
1315
674
761
1526
2515
3074
2857
1987
1048
611
951
1844
2768
3095
2625
1666
821
642
1193
2174
2954
3037
2345
1356
685
741
1486
2476
3065
2884
2037
1073
612
918
1797
2731
3105
2670
1719
850
633
1142
2124
2934
3040
2390
1401
702
719
1442
2436
3056
2910
2078
1111
617
890
1765
2698
3104
2697
1755
880
624
1115
2078
2899
3056
2438
1441
713
700
1397
2396
3043
2933
2127
1150
620
864
1705
2663
3108
2741
1806
908
609
1071
2038
2885
3066
2477
1481
731
696
1354
2346
3032
2954
2176
1196
637
837
1655
2631
3099
2773
1859
941
609
1032
1978
2853
3077
2514
1537
763
674
1304
2301
3014
2985
2213
1223
643
814
1613
2587
3097
2804
1894
971
609
1006
1936
2824
3088
2560
1574
780
659
1259
2250
2995
2995
2260
1273
653
778
1566
2547
3084
2833
1954
1018
612
979
1886
2805
3099
2589
1617
800
647
1232
2215
2977
3016
2303
1314
669
760
1528
2518
3076
2863
1991
1042
610
954
1851
2757
3097
2638
1668
834
629
1184
2170
2958
3037
2352
1358
682
736
1486
2474
3065
2884
2039
1075
611
919
1797
2731
3108
2665
1719
855
634
1146
2117
2934
3047
2397
1395
705
722
1433
2427
3052
2915
2090
1111
623
895
1745
2697
3109
2710
1763
888
622
1113
2078
2901
3058
2436
1448
717
700
1391
2384
3046
2936
2133
1152
617
864
1704
2661
3108
2742
1806
910
613
1072
2031
2882
3077
2475
1490
729
681
1343
2344
3024
2958
2175
1192
629
838
1666
2625
3096
2768
1846
942
610
1035
1989
2849
3078
2515
1536
748
668
1300
2305
3019
2976
2222
1232
641
813
1615
2590
3095
2802
1896
981
611
1001
1929
2821
3083
2559
1576
769
659
1265
2251
2992
2996
2265
1270
651
780
1563
2546
3084
2829
1949
1011
608
983
1888
2791
3094
2602
1627
800
637
1218
2209
2975
3011
2313
1314
672
761
1526
2512
3074
2863
1987
1048
607
956
1847
2763
3098
2638
1676
834
633
1183
2171
2951
3036
2356
1365
685
738
1474
2462
3064
2895
2049
1083
614
919
1786
2719
3104
2680
1728
854
634
1146
2121
2939
3044
2397
1402
700
727
1437
2428
3054
2916
2089
1126
617
894
1744
2688
3106
2707
1769
880
622
1102
2067
2902
3065
2444
1448
721
703
1381
2376
3047
2943
2135
1153
621
859
1704
2657
3100
2740
1806
923
610
1073
2018
2871
3076
2488
1497
743
685
1346
2332
3028
2964
2182
1204
635
833
1657
2621
3097
2775
1860
955
612
1034
1977
2852
3074
2513
1535
763
669
1301
2306
3014
2984
2220
1233
639
812
1606
2590
3099
2803
1911
986
607
1002
1929
2823
3083
2559
1585
783
661
1261
2255
2992
3004
2276
1280
658
778
1568
2546
3088
2832
1950
1012
608
981
1888
2800
3094
2596
1625
802
639
1223
2200
2975
3016
2318
1323
674
760
1517
2508
3073
2860
1998
1048
614
951
1835
2761
3097
2640
1678
834
634
1186
2168
2955
3037
2350
1367
686
740
1471
2463
3062
2892
2050
1080
612
923
1784
2723
3106
2674
1724
859
624
1147
2109
2924
3047
2403
1405
702
729
1424
2413
3056
2910
2093
1125
619
892
1747
2688
3104
2711
1769
886
619
1104
2069
2903
3067
2448
1453
719
706
1383
2382
3047
2943
2140
1162
617
860
1698
2662
3094
2742
1818
925
610
1061
2020
2881
3077
2479
1495
729
681
1343
2342
3025
2964
2185
1198
631
830
1660
2618
3097
2771
1854
949
610
1033
1978
2856
3088
2529
1544
764
670
1300
2290
3001
2983
2231
1242
642
803
1603
2587
3101
2799
1909
986
612
996
1905
2798
3095
2588
1609
789
650
1229
2219
2987
3014
2296
1307
659
774
1537
2515
3090
2850
1981
1036
608
964
1858
2771
3097
2631
1656
820
643
1203
2181
2963
3024
2337
1347
684
749
1497
2487
3075
2869
2012
1075
611
928
1806
2744
3098
2659
1693
845
633
1152
2130
2937
3047
2380
1380
695
715
1437
2439
3059
2904
2070
1100
621
904
1765
2706
3109
2689
1744
877
623
1125
2088
2910
3054
2427
1435
709
711
1401
2396
3044
2936
2117
1142
622
874
1716
2668
3104
2728
1799
900
606
1081
2037
2893
3063
2468
1476
727
693
1366
2352
3032
2955
2158
1182
632
840
1664
2636
3096
2762
1849
932
612
1045
1996
2864
3077
2508
1528
740
669
1311
2314
3014
2976
2214
1226
642
812
1625
2600
3097
2796
1886
962
614
1015
1948
2831
3088
2542
1567
767
659
1273
2277
3003
2993
2250
1262
650
788
1578
2555
3089
2823
1937
1004
611
995
1891
2800
3095
2583
1617
791
648
1233
2221
2984
3012
2291
1303
665
761
1537
2514
3077
2849
1989
1036
607
959
1863
2769
3097
2631
1661
820
637
1195
2164
2954
3038
2338
1353
683
741
1484
2475
3066
2882
2021
1068
610
932
1806
2740
3107
2660
1701
851
635
1152
2129
2935
3044
2387
1391
691
720
1447
2437
3055
2903
2077
1112
623
892
1757
2701
3106
2699
1759
883
621
1111
2081
2911
3057
2424
1444
713
714
1405
2392
3046
2934
2121
1142
617
871
1714
2671
3106
2728
1800
902
610
1085
2038
2882
3069
2473
1477
732
691
1359
2355
3033
2953
2171
1183
629
849
1676
2642
3095
2756
1841
931
610
1045
1999
2862
3076
2506
1530
741
674
1313
2317
3013
2974
2213
1224
638
808
1616
2593
3098
2803
1895
971
611
1007
1940
2832
3082
2555
1575
769
660
1275
2265
2994
2995
2257
1268
649
791
1572
2560
3088
2825
1935
1000
609
994
1897
2802
3099
2587
1615
802
652
1230
2216
2974
3014
2309
1303
669
757
1529
2519
3074
2862
1977
1030
613
965
1855
2769
3099
2630
1656
827
642
1193
2168
2952
3035
2345
1350
680
743
1486
2479
3066
2880
2026
1072
605
920
1809
2734
3108
2668
1703
854
629
1149
2119
2930
3038
2386
1383
691
724
1445
2430
3055
2907
2081
1111
620
889
1756
2699
3108
2697
1756
879
617
1111
2081
2912
3057
2430
1432
716
705
1394
2390
3044
2934
2134
1152
622
860
1714
2668
3104
2732
1794
902
606
1082
2039
2879
3061
2477
1486
731
691
1355
2351
3036
2955
2174
1195
627
840
1665
2626
3093
2772
1850
942
610
1044
1989
2851
3076
2518
1536
752
673
1313
2314
3015
2974
2209
1222
640
815
1617
2588
3094
2805
1891
971
611
1000
1945
2836
3089
2559
1573
771
660
1273
2264
2991
2992
2264
1269
654
778
1562
2552
3085
2828
1936
1002
609
991
1899
2798
3095
2588
1616
798
655
1233
2218
2974
3012
2302
1316
671
756
1525
2514
3078
2849
1992
1042
609
953
1848
2763
3098
2627
1668
831
628
1185
2169
2959
3035
2345
1343
682
744
1486
2478
3065
2882
2040
1069
607
922
1799
2731
3105
2670
1706
850
633
1152
2121
2936
3044
2394
1395
690
724
1436
2438
3053
2912
2082
1115
618
891
1764
2699
3107
2698
1754
883
622
1118
2082
2912
3057
2434
1434
712
703
1390
2391
3047
2937
2134
1155
619
859
1705
2667
3097
2732
1810
914
612
1074
2026
2886
3070
2479
1486
734
693
1358
2356
3034
2954
2175
1185
631
839
1668
2630
3095
2771
1844
945
615
1040
1990
2851
3077
2519
1536
750
674
1299
2304
3010
2975
2225
1234
636
808
1614
2586
3096
2802
1886
973
607
1008
1943
2827
3095
2555
1574
772
658
1261
2266
2995
2997
2261
1276
651
782
1566
2549
3088
2831
1944
1001
610
982
1883
2798
3095
2597
1623
802
637
1221
2213
2975
3015
2307
1303
657
758
1525
2513
3075
2851
1988
1046
612
951
1849
2760
3095
2631
1665
829
629
1183
2176
2953
3036
2353
1356
681
736
1473
2462
3068
2879
2038
1080
614
928
1804
2729
3104
2662
1703
854
631
1155
2124
2935
3047
2398
1393
702
722
1432
2424
3058
2911
2092
1112
622
892
1758
2699
3107
2713
1766
885
618
1109
2082
2904
3057
2439
1445
711
701
1394
2397
3046
2935
2130
1158
624
859
1702
2658
3108
2729
1807
907
615
1072
2025
2881
3070
2477
1488
731
683
1346
2340
3026
2954
2180
1194
627
834
1659
2632
3095
2774
1848
943
613
1046
1994
2855
3074
2518
1532
751
673
1305
2307
3015
2978
2223
1232
644
805
1616
2587
3095
2805
1899
973
605
1002
1936
2820
3085
2557
1576
783
659
1259
2250
2993
2998
2264
1276
653
779
1566
2551
3088
2833
1950
1015
610
981
1885
2790
3096
2599
1623
804
640
1219
2207
2973
3016
2315
1312
675
760
1526
2506
3072
2863
1997
1050
611
954
1846
2769
3097
2631
1668
823
633
1183
2169
2956
3031
2353
1355
685
742
1476
2462
3064
2884
2040
1072
611
922
1790
2728
3107
2672
1713
850
629
1140
2120
2934
3046
2402
1395
694
719
1434
2424
3055
2914
2082
1113
619
892
1747
2697
3108
2710
1766
882
617
1104
2068
2904
3056
2433
1442
720
699
1380
2383
3044
2945
2142
1166
618
861
1693
2658
3096
2741
1809
914
608
1070
2027
2879
3075
2474
1494
735
680
1342
2341
3026
2966
2184
1197
627
828
1654
2620
3095
2769
1858
951
610
1038
1976
2851
3085
2527
1550
755
675
1302
2292
3012
2979
2219
1235
645
809
1619
2585
3098
2803
1905
979
613
1003
1930
2821
3085
2558
1587
783
663
1260
2250
2991
3003
2275
1281
654
782
1561
2547
3084
2833
1948
1012
613
986
1893
2800
3095
2595
1626
799
644
1223
2208
2979
3012
2311
1313
674
764
1529
2503
3076
2861
1998
1054
607
951
1835
2756
3098
2641
1675
834
632
1184
2159
2956
3032
2366
1364
684
736
1475
2468
3065
2880
2038
1085
608
922
1798
2729
3110
2671
1718
861
635
1142
2117
2938
3050
2404
1405
708
727
1428
2427
3055
2913
2087
1123
622
890
1746
2690
3110
2708
1758
883
625
1112
2083
2905
3060
2436
1444
725
703
1385
2382
3045
2933
2138
1162
623
863
1697
2654
3098
2738
1821
924
608
1072
2014
2876
3078
2488
1492
741
682
1344
2334
3027
2955
2181
1195
633
828
1655
2621
3095
2773
1855
940
614
1034
1981
2852
3088
2528
1532
756
670
1302
2289
3016
2985
2235
1236
642
804
1606
2579
3094
2802
1911
981
611
991
1909
2809
3100
2578
1606
791
651
1243
2232
2987
3018
2293
1306
659
779
1532
2530
3091
2852
1979
1033
606
961
1852
2772
3097
2620
1657
822
640
1194
2184
2957
3026
2344
1348
674
753
1500
2487
3076
2876
2020
1063
607
930
1821
2743
3095
2659
1696
843
628
1164
2141
2943
3048
2389
1375
694
731
1450
2449
3069
2901
2067
1103
615
901
1770
2710
3108
2691
1739
874
624
1121
2093
2916
3057
2426
1426
718
713
1405
2407
3049
2938
2123
1143
622
868
1712
2676
3107
2732
1801
900
620
1081
2040
2881
3065
2464
1473
726
695
1369
2352
3039
2956
2163
1172
628
842
1679
2638
3096
2762
1839
930
609
1052
1988
2863
3071
2511
1526
753
674
1314
2316
3016
2977
2215
1224
640
814
1624
2597
3097
2793
1887
976
613
1009
1957
2831
3086
2546
1567
768
663
1277
2271
3006
2996
2257
1267
649
794
1578
2554
3085
2820
1937
1002
608
990
1909
2801
3094
2589
1615
806
652
1230
2222
2975
3015
2307
1305
665
769
1536
2525
3087
2852
1981
1032
610
963
1856
2769
3089
2628
1659
823
639
1193
2172
2954
3037
2347
1342
685
738
1475
2473
3077
2879
2029
1074
606
924
1803
2735
3108
2660
1697
845
631
1156
2129
2941
3051
2385
1384
689
722
1441
2433
3056
2907
2081
1106
626
901
1756
2700
3104
2698
1756
881
619
1099
2089
2916
3058
2434
1432
715
699
1393
2397
3043
2932
2119
1146
623
871
1715
2670
3109
2723
1795
903
609
1083
2037
2883
3064
2476
1480
730
691
1351
2353
3038
2952
2173
1188
633
836
1663
2627
3097
2772
1844
943
606
1049
2000
2863
3076
2507
1526
746
671
1314
2312
3016
2973
2211
1224
641
809
1616
2589
3096
2802
1894
977
608
1002
1935
2830
3085
2554
1577
766
661
1263
2259
2996
2993
2261
1273
650
792
1573
2556
3084
2819
1935
1004
614
994
1897
2801
3093
2592
1611
802
650
1235
2217
2977
3012
2306
1303
661
762
1523
2517
3075
2854
1987
1042
612
955
1845
2761
3095
2633
1659
819
644
1197
2171
2955
3037
2342
1346
685
743
1483
2480
3079
2884
2027
1068
608
918
1807
2734
3105
2657
1707
851
629
1151
2134
2932
3044
2393
1393
696
723
1434
2431
3055
2907
2079
1110
618
902
1757
2699
3106
2701
1758
885
624
1115
2082
2912
3052
2439
1439
716
705
1396
2395
3045
2932
2131
1152
623
863
1706
2658
3108
2729
1807
910
608
1067
2042
2883
3067
2475
1484
733
692
1358
2342
3036
2956
2169
1191
633
841
1669
2630
3093
2775
1845
945
608
1044
1987
2852
3076
2518
1536
748
669
1304
2305
3011
2975
2217
1236
644
814
1619
2587
3097
2803
1895
970
607
1001
1936
2819
3085
2556
1578
771
664
1261
2261
2993
2995
2261
1272
646
783
1565
2547
3084
2830
1947
1017
618
984
1883
2789
3098
2600
1619
804
649
1231
2208
2970
3012
2303
1317
672
762
1525
2506
3078
2860
1997
1044
610
951
1845
2761
3098
2636
1672
834
634
1185
2175
2955
3035
2354
1364
685
739
1476
2469
3068
2882
2039
1072
610
925
1795
2729
3111
2670
1711
850
635
1148
2118
2935
3047
2392
1396
703
724
1430
2424
3059
2914
2089
1110
624
893
1746
2701
3108
2711
1768
882
621
1103
2081
2910
3059
2437
1439
713
701
1391
2391
3047
2932
2134
1158
623
860
1702
2656
3107
2729
1811
908
610
1072
2025
2879
3075
2477
1486
731
684
1346
2342
3026
2953
2178
1193
631
845
1668
2627
3098
2771
1848
938
612
1036
1986
2849
3078
2521
1534
758
674
1300
2305
3013
2974
2222
1230
641
812
1615
2590
3098
2804
1895
971
614
1003
1929
2823
3087
2562
1574
768
659
1272
2265
2995
2995
2267
1276
648
784
1563
2547
3084
2831
1948
1013
606
982
1886
2791
3095
2597
1620
802
641
1225
2211
2973
3015
2315
1317
674
761
1517
2508
3073
2855
1992
1046
612
949
1850
2760
3096
2631
1668
833
630
1185
2174
2955
3037
2353
1354
683
738
1474
2467
3067
2885
2036
1081
611
920
1797
2732
3107
2670
1715
864
617
1148
2121
2932
3046
2395
1391
704
725
1433
2425
3053
2913
2089
1113
624
891
1746
2698
3109
2711
1768
886
625
1103
2070
2904
3053
2436
1446
724
702
1380
2386
3049
2946
2144
1167
616
863
1703
2663
3107
2744
1808
911
612
1070
2029
2881
3080
2477
1495
732
684
1348
2345
3026
2957
2183
1197
632
833
1659
2621
3099
2770
1859
939
606
1034
1977
2854
3084
2527
1538
755
672
1304
2306
3013
2976
2222
1229
644
811
1616
2585
3099
2802
1900
982
613
1001
1929
2819
3087
2561
1585
778
657
1261
2251
2996
3008
2275
1282
658
783
1557
2551
3089
2830
1949
1018
611
987
1888
2790
3096
2599
1631
800
644
1223
2211
2974
3010
2315
1318
671
758
1514
2504
3077
2867
2001
1052
610
952
1840
2760
3098
2637
1679
832
630
1173
2170
2957
3038
2353
1355
678
740
1473
2468
3068
2883
2042
1079
609
924
1795
2729
3107
2670
1715
848
634
1147
2118
2937
3043
2404
1404
700
721
1434
2426
3055
2914
2085
1122
622
889
1756
2698
3105
2708
1767
881
620
1104
2066
2899
3057
2434
1441
724
706
1385
2381
3046
2943
2141
1162
619
865
1693
2662
3094
2740
1812
924
609
1069
2017
2874
3075
2490
1485
731
684
1348
2343
3025
2965
2185
1192
629
832
1659
2616
3095
2769
1856
951
607
1032
1975
2849
3088
2529
1546
763
670
1304
2289
3018
2983
2236
1230
643
797
1605
2576
3096
2800
1900
972
614
999
1910
2802
3095
2578
1604
788
653
1246
2233
2986
3015
2291
1301
656
771
1547
2528
3089
2848
1982
1030
608
963
1858
2769
3095
2621
1657
818
638
1197
2194
2964
3024
2335
1337
672
748
1494
2487
3079
2875
2022
1066
613
934
1820
2739
3098
2662
1691
845
633
1163
2138
2941
3049
2385
1380
689
728
1442
2443
3064
2905
2066
1100
618
903
1772
2709
3108
2686
1745
870
626
1121
2089
2912
3057
2424
1434
710
713
1402
2400
3050
2932
2118
1142
621
873
1713
2667
3105
2734
1796
905
616
1080
2039
2883
3064
2463
1466
725
690
1364
2361
3034
2954
2162
1179
633
845
1675
2635
3098
2758
1839
931
608
1048
2001
2864
3073
2505
1513
751
669
1321
2313
3016
2974
2210
1225
642
812
1624
2598
3097
2795
1877
964
611
1016
1955
2829
3087
2550
1563
773
661
1276
2271
3008
2994
2249
1259
649
792
1577
2559
3085
2821
1938
1006
607
991
1903
2806
3096
2587
1614
798
656
1231
2233
2982
3014
2295
1304
663
772
1530
2525
3086
2850
1976
1030
608
961
1857
2773
3095
2630
1659
819
642
1198
2170
2958
3035
2345
1346
684
742
1484
2478
3076
2883
2024
1074
612
936
1816
2739
3098
2661
1694
838
629
1156
2133
2935
3048
2386
1378
692
722
1440
2438
3057
2906
2068
1099
623
903
1764
2698
3103
2701
1752
886
621
1111
2080
2912
3053
2436
1420
712
712
1406
2396
3044
2929
2117
1145
619
876
1714
2670
3106
2732
1802
915
611
1086
2040
2883
3068
2476
1486
732
692
1359
2350
3037
2955
2170
1188
630
843
1669
2628
3098
2760
1838
932
612
1043
2003
2861
3076
2507
1526
748
673
1314
2311
3012
2973
2215
1222
643
806
1615
2601
3098
2799
1885
973
614
1015
1945
2829
3086
2558
1578
769
657
1276
2276
3007
2995
2256
1264
651
785
1573
2560
3084
2823
1939
1003
609
993
1899
2800
3093
2588
1616
803
654
1229
2219
2973
3013
2304
1306
664
759
1536
2518
3071
2849
1989
1045
609
958
1854
2772
3100
2633
1658
820
639
1195
2172
2951
3037
2345
1354
682
739
1483
2474
3064
2883
2027
1073
609
918
1810
2730
3105
2658
1704
855
633
1155
2130
2936
3044
2396
1381
693
725
1445
2435
3058
2903
2082
1114
619
892
1757
2700
3108
2702
1755
883
620
1110
2080
2914
3057
2436
1431
714
700
1392
2392
3047
2931
2128
1155
620
862
1706
2660
3106
2731
1797
901
607
1084
2036
2882
3067
2477
1475
727
692
1357
2349
3039
2955
2169
1182
632
838
1666
2626
3096
2772
1847
945
612
1042
1990
2851
3075
2515
1529
745
669
1304
2317
3015
2973
2214
1223
645
812
1624
2600
3097
2802
1887
973
614
1006
1951
2831
3086
2554
1573
770
665
1274
2261
2992
2990
2261
1272
651
792
1575
2559
3084
2833
1939
1000
609
995
1902
2801
3095
2590
1615
801
652
1231
2219
2975
3014
2303
1306
672
762
1529
2514
3073
2853
1984
1045
611
952
1845
2759
3095
2628
1663
831
630
1188
2175
2955
3036
2353
1344
685
742
1480
2476
3068
2883
2034
1070
608
918
1808
2731
3104
2664
1708
847
628
1151
2125
2931
3047
2390
1395
695
720
1434
2427
3056
2914
2076
1110
615
891
1756
2697
3109
2695
1759
886
620
1110
2080
2915
3056
2434
1447
713
699
1390
2394
3047
2933
2130
1157
617
860
1708
2650
3104
2735
1805
911
614
1070
2024
2882
3075
2475
1482
732
683
1345
2352
3033
2956
2173
1189
628
838
1668
2624
3093
2771
1850
942
612
1048
1989
2850
3074
2513
1533
750
671
1303
2303
3014
2972
2218
1229
643
808
1618
2591
3099
2803
1897
971
608
1017
1946
2833
3083
2550
1573
772
661
1276
2261
2994
2992
2262
1276
650
776
1568
2559
3088
2830
1949
1004
610
980
1883
2799
3092
2600
1618
799
640
1220
2210
2976
3013
2312
1307
664
761
1529
2515
3078
2859
1992
1045
614
954
1853
2762
3092
2640
1664
834
634
1187
2174
2950
3033
2352
1361
679
740
1472
2463
3065
2881
2040
1086
607
918
1795
2730
3104
2669
1707
856
634
1151
2118
2935
3044
2396
1392
703
720
1432
2423
3056
2909
2094
1112
618
887
1747
2701
3106
2709
1768
886
622
1101
2074
2904
3056
2431
1445
723
700
1385
2394
3048
2933
2127
1150
617
864
1706
2658
3108
2740
1807
909
609
1070
2030
2878
3073
2480
1484
731
683
1346
2345
3020
2961
2176
1197
628
828
1660
2621
3095
2775
1853
956
608
1042
1990
2850
3073
2517
1530
756
670
1304
2306
3012
2986
2224
1233
641
808
1614
2586
3097
2804
1905
986
610
1005
1926
2818
3085
2559
1584
781
663
1264
2252
2994
3001
2269
1276
650
782
1562
2548
3087
2831
1948
1013
609
985
1886
2792
3095
2597
1627
801
641
1221
2211
2976
3013
2316
1314
669
756
1512
2506
3078
2861
1994
1052
613
947
1840
2762
3097
2628
1669
826
632
1183
2172
2952
3033
2349
1354
681
740
1471
2468
3066
2881
2040
1077
610
922
1800
2729
3105
2671
1714
851
628
1140
2116
2936
3047
2402
1400
701
725
1424
2423
3053
2913
2093
1111
618
894
1745
2697
3106
2710
1768
881
617
1100
2070
2901
3052
2441
1442
724
703
1384
2385
3043
2936
2139
1151
622
865
1696
2659
3095
2740
1816
921
610
1068
2029
2882
3075
2474
1498
732
681
1342
2341
3026
2966
2179
1194
625
827
1654
2617
3095
2766
1856
942
606
1037
1980
2853
3087
2530
1533
760
670
1302
2290
3015
2986
2232
1232
643
807
1614
2585
3091
2805
1893
979
613
1003
1925
2822
3085
2558
1583
780
665
1264
2250
2994
3005
2269
1284
650
781
1567
2545
3086
2829
1946
1011
609
984
1875
2787
3095
2599
1623
795
638
1219
2207
2973
3018
2315
1317
669
757
1514
2506
3074
2863
1996
1049
613
953
1835
2760
3098
2637
1679
833
631
1184
2162
2952
3035
2362
1363
680
740
1461
2465
3064
2883
2035
1081
609
918
1799
2730
3108
2667
1717
863
616
1145
2114
2920
3047
2407
1405
699
724
1426
2425
3053
2910
2092
1121
618
879
1746
2686
3104
2708
1777
888
621
1100
2067
2902
3056
2436
1447
725
699
1378
2385
3043
2942
2141
1164
621
863
1695
2659
3097
2740
1814
923
607
1066
2014
2871
3073
2484
1494
737
679
1330
2331
3019
2965
2188
1196
631
833
1657
2617
3098
2772
1854
955
607
1032
1979
2849
3085
2528
1545
756
671
1303
2295
3008
2988
2229
1247
641
801
1603
2578
3095
2812
1904
984
612
988
1907
2800
3098
2577
1607
788
650
1240
2233
2987
3014
2292
1304
661
766
1531
2527
3087
2851
1979
1038
609
968
1852
2768
3099
2630
1655
818
640
1192
2184
2958
3026
2339
1350
684
738
1482
2485
3077
2872
2014
1064
613
929
1818
2739
3095
2661
1697
849
628
1150
2132
2941
3048
2382
1386
697
724
1444
2435
3055
2902
2070
1105
618
899
1770
2697
3107
2697
1745
883
617
1124
2092
2913
3056
2423
1432
710
716
1405
2396
3044
2935
2117
1146
617
871
1717
2671
3107
2727
1798
896
613
1081
2036
2885
3068
2463
1472
728
694
1357
2353
3031
2957
2171
1177
629
840
1678
2641
3097
2763
1840
932
612
1045
1996
2862
3071
2508
1525
748
672
1311
2315
3014
2973
2210
1221
645
811
1622
2596
3097
2791
1887
974
607
1013
1944
2832
3085
2545
1564
773
660
1284
2273
3006
2994
2254
1265
653
789
1573
2554
3085
2822
1937
1006
605
988
1899
2804
3096
2591
1616
801
654
1235
2221
2975
3011
2305
1304
661
764
1535
2524
3085
2852
1975
1031
608
966
1855
2773
3097
2628
1657
821
641
1195
2175
2955
3033
2343
1344
685
737
1482
2475
3073
2883
2027
1075
608
919
1807
2739
3104
2660
1704
851
633
1151
2128
2946
3049
2384
1384
690
732
1445
2433
3058
2903
2068
1098
619
899
1766
2704
3102
2701
1744
877
620
1109
2092
2911
3058
2424
1438
715
699
1393
2392
3044
2936
2130
1146
621
869
1717
2670
3107
2728
1798
902
607
1085
2039
2883
3067
2473
1473
728
694
1354
2355
3035
2949
2174
1179
627
840
1665
2631
3098
2771
1849
937
610
1042
1988
2851
3078
2503
1526
748
668
1315
2315
3017
2979
2211
1224
640
806
1617
2593
3096
2801
1891
976
608
999
1916
2814
3089
2567
1596
793
655
1246
2238
2987
3007
2284
1296
658
772
1547
2539
3086
2844
1962
1024
610
975
1879
2779
3095
2611
1635
810
639
1211
2193
2961
3027
2323
1334
672
749
1501
2494
3075
2875
2009
1060
608
932
1821
2753
3095
2646
1690
842
630
1175
2154
2941
3033
2376
1374
688
733
1456
2443
3064
2907
2059
1089
613
913
1775
2713
3105
2689
1735
877
620
1123
2097
2909
3055
2414
1426
706
714
1411
2406
3048
2921
2114
1131
621
886
1732
2680
3110
2719
1776
899
623
1092
2056
2890
3067
2458
1469
726
693
1369
2361
3036
2943
2154
1173
630
850
1688
2641
3093
2746
1829
923
608
1050
2012
2875
3080
2500
1507
741
679
1326
2321
3022
2968
2202
1213
637
819
1637
2608
3096
2791
1872
963
610
1011
1956
2842
3085
2538
1556
771
659
1286
2270
3004
2992
2253
1254
654
792
1583
2569
3086
2813
1927
994
614
986
1883
2791
3098
2590
1624
797
636
1218
2208
2979
3016
2316
1318
667
757
1516
2507
3077
2860
2002
1055
609
954
1838
2760
3099
2637
1675
831
629
1185
2172
2950
3035
2354
1356
683
743
1473
2465
3067
2884
2039
1080
609
921
1795
2723
3108
2668
1718
862
623
1140
2110
2923
3048
2406
1402
702
719
1421
2415
3057
2909
2088
1112
625
888
1743
2702
3108
2708
1769
887
618
1099
2071
2903
3057
2446
1443
725
702
1382
2383
3044
2944
2137
1163
621
864
1696
2660
3093
2741
1820
922
612
1062
2021
2871
3078
2481
1491
731
682
1348
2342
3024
2964
2183
1195
628
828
1657
2619
3100
2771
1855
951
611
1037
1978
2853
3085
2525
1543
759
670
1306
2291
3019
2986
2237
1240
640
802
1605
2589
3096
2802
1897
984
607
1003
1931
2825
3086
2560
1585
781
663
1262
2254
2995
3005
2273
1283
652
777
1567
2550
3091
2833
1951
1010
610
979
1878
2787
3096
2610
1638
813
641
1224
2213
2976
3011
2313
1316
671
757
1513
2505
3077
2865
1998
1051
608
944
1840
2762
3094
2638
1674
832
635
1177
2160
2957
3037
2364
1363
679
741
1466
2465
3066
2893
2049
1081
606
920
1793
2717
3108
2668
1725
867
624
1140
2109
2924
3047
2405
1400
703
719
1419
2418
3057
2917
2089
1127
622
884
1734
2686
3109
2713
1777
889
619
1103
2065
2906
3069
2445
1444
720
704
1383
2381
3043
2946
2144
1163
618
859
1692
2658
3094
2741
1818
922
610
1063
2016
2870
3075
2484
1500
741
683
1332
2334
3021
2966
2196
1202
631
834
1650
2620
3095
2771
1858
945
609
1034
1976
2849
3088
2529
1546
762
672
1303
2296
3013
2987
2232
1241
639
807
1603
2580
3095
2810
1909
985
609
990
1905
2802
3094
2587
1619
802
648
1244
2231
2990
3016
2292
1303
672
769
1536
2525
3082
2851
1976
1036
610
963
1857
2771
3096
2617
1661
820
643
1197
2177
2952
3023
2346
1346
681
748
1483
2487
3077
2883
2030
1059
612
931
1816
2741
3095
2662
1697
840
630
1155
2131
2946
3049
2383
1385
695
727
1444
2450
3055
2903
2069
1104
622
896
1769
2711
3107
2700
1751
883
618
1110
2093
2912
3060
2425
1419
712
710
1401
2407
3042
2933
2124
1147
632
873
1713
2670
3110
2731
1795
910
609
1079
2041
2884
3063
2465
1475
732
692
1365
2354
3034
2953
2173
1185
630
844
1665
2641
3097
2760
1842
932
607
1052
2000
2860
3073
2506
1528
747
668
1316
2314
3017
2972
2211
1222
642
810
1627
2597
3102
2789
1889
973
610
1022
1946
2828
3087
2545
1564
776
658
1282
2274
3001
2991
2252
1267
648
791
1585
2558
3084
2820
1924
1001
613
994
1906
2800
3096
2589
1608
787
651
1233
2222
2984
3015
2304
1305
663
760
1539
2518
3076
2851
1992
1030
612
961
1855
2771
3098
2624
1657
817
642
1196
2179
2951
3025
2343
1347
682
740
1487
2478
3076
2884
2030
1073
613
931
1810
2743
3106
2662
1704
855
632
1156
2132
2935
3044
2384
1381
694
731
1442
2445
3053
2904
2071
1099
621
904
1766
2699
3102
2703
1747
874
621
1116
2093
2911
3055
2424
1434
717
701
1402
2391
3041
2934
2118
1151
624
868
1714
2675
3109
2734
1787
902
623
1082
2039
2883
3069
2464
1477
732
694
1367
2356
3031
2952
2172
1187
627
840
1668
2640
3098
2763
1847
930
612
1046
1994
2863
3074
2506
1526
750
672
1325
2316
3012
2972
2214
1225
638
823
1626
2598
3095
2790
1890
970
608
1014
1947
2831
3081
2548
1566
773
661
1271
2262
2995
2995
2254
1262
655
791
1573
2554
3086
2823
1935
1003
610
994
1909
2798
3096
2589
1618
787
650
1230
2220
2983
3016
2304
1306
658
760
1536
2519
3088
2852
1981
1037
610
960
1852
2770
3097
2630
1661
821
641
1192
2170
2956
3033
2336
1342
681
752
1492
2485
3078
2877
2025
1069
613
929
1802
2737
3095
2661
1707
852
630
1149
2125
2932
3044
2387
1385
687
723
1441
2435
3053
2903
2082
1115
619
892
1759
2709
3106
2686
1743
874
621
1121
2092
2914
3056
2423
1433
715
705
1404
2394
3047
2933
2121
1157
618
871
1716
2668
3107
2727
1794
916
608
1074
2040
2878
3064
2478
1480
725
694
1364
2350
3031
2955
2162
1180
632
844
1663
2638
3095
2763
1848
930
613
1043
1987
2862
3077
2503
1526
748
670
1314
2317
3015
2974
2209
1221
641
812
1618
2589
3100
2802
1895
966
609
1015
1946
2833
3087
2545
1568
768
660
1273
2264
2992
2996
2257
1261
649
794
1574
2556
3084
2823
1937
1006
606
990
1894
2806
3099
2591
1616
803
652
1234
2208
2974
3017
2296
1305
663
764
1536
2517
3076
2850
1991
1045
609
965
1847
2774
3097
2628
1669
819
638
1197
2169
2955
3036
2345
1353
681
736
1487
2476
3066
2880
2041
1071
607
918
1798
2741
3107
2661
1703
852
632
1152
2133
2932
3043
2389
1393
694
723
1433
2438
3057
2908
2081
1115
621
892
1752
2697
3105
2696
1756
893
624
1111
2076
2905
3059
2436
1442
715
704
1405
2391
3045
2934
2119
1152
619
864
1703
2666
3108
2731
1793
915
610
1070
2027
2885
3065
2476
1483
728
693
1356
2343
3035
2953
2169
1195
634
833
1656
2627
3096
2769
1859
945
614
1042
1991
2860
3074
2518
1527
747
670
1306
2302
3018
2976
2225
1231
637
815
1615
2587
3096
2798
1895
973
612
1000
1939
2824
3087
2558
1572
783
661
1265
2250
2991
3004
2260
1270
648
788
1573
2560
3088
2833
1935
1003
608
995
1897
2800
3096
2596
1619
803
644
1223
2213
2976
3017
2310
1312
669
759
1525
2512
3074
2859
1998
1045
613
956
1847
2770
3097
2629
1666
816
642
1182
2167
2952
3032
2351
1353
683
740
1475
2471
3067
2882
2036
1074
609
921
1795
2730
3106
2671
1711
853
632
1143
2123
2934
3044
2396
1402
701
726
1437
2432
3054
2914
2078
1115
620
888
1755
2698
3107
2702
1768
883
618
1116
2077
2902
3057
2435
1446
714
700
1390
2380
3046
2933
2132
1150
617
861
1706
2659
3106
2736
1804
913
607
1070
2028
2880
3065
2476
1481
733
684
1355
2339
3034
2957
2171
1196
627
831
1658
2629
3095
2770
1857
944
612
1032
1977
2852
3089
2520
1536
761
672
1304
2292
3014
2986
2220
1235
643
810
1617
2587
3093
2800
1896
971
610
1001
1937
2824
3086
2557
1575
778
658
1258
2251
2995
2994
2271
1271
654
782
1559
2545
3088
2829
1947
1015
608
994
1886
2806
3097
2599
1616
802
639
1220
2207
2971
3013
2317
1315
669
762
1527
2508
3075
2862
1999
1050
612
955
1838
2759
3096
2641
1673
831
629
1185
2159
2953
3033
2350
1368
681
737
1476
2467
3065
2884
2036
1081
608
925
1793
2732
3107
2663
1715
853
634
1144
2123
2934
3050
2395
1403
701
724
1436
2428
3055
2913
2089
1120
618
894
1745
2691
3107
2709
1764
886
617
1112
2079
2901
3053
2437
1446
714
700
1381
2382
3047
2931
2129
1157
623
861
1696
2660
3095
2739
1812
918
608
1069
2018
2869
3075
2485
1491
739
679
1344
2332
3023
2963
2173
1195
634
830
1653
2629
3095
2769
1856
942
607
1034
1977
2853
3084
2529
1535
762
672
1307
2294
3015
2984
2231
1230
644
803
1606
2581
3093
2800
1908
981
610
997
1907
2812
3099
2580
1604
793
653
1245
2228
2982
3013
2291
1302
665
770
1544
2530
3082
2853
1978
1033
613
964
1852
2769
3095
2617
1654
823
640
1193
2178
2962
3024
2334
1351
680
745
1498
2487
3075
2875
2017
1062
611
930
1815
2742
3097
2659
1692
842
633
1164
2143
2943
3046
2387
1382
691
727
1442
2447
3063
2900
2069
1101
618
898
1766
2708
3106
2692
1745
871
618
1119
2091
2911
3055
2426
1424
714
711
1406
2408
3047
2932
2120
1142
621
875
1717
2669
3104
2732
1791
900
622
1079
2035
2885
3068
2470
1476
732
694
1369
2350
3032
2954
2164
1171
633
840
1674
2640
3098
2759
1836
933
608
1054
2001
2862
3074
2504
1514
750
679
1321
2316
3014
2976
2210
1220
641
819
1625
2597
3098
2790
1887
968
611
1012
1943
2834
3084
2547
1562
771
663
1279
2274
3002
2995
2252
1262
650
792
1577
2558
3086
2824
1938
1003
608
995
1895
2799
3094
2588
1619
799
648
1229
2222
2972
3015
2301
1301
663
757
1537
2526
3083
2854
1975
1037
611
961
1856
2770
3093
2628
1655
819
640
1196
2169
2951
3034
2344
1347
686
737
1487
2474
3073
2882
2029
1074
606
920
1810
2730
3106
2663
1707
841
632
1151
2129
2941
3047
2384
1380
693
729
1443
2434
3053
2899
2070
1106
618
902
1765
2710
3108
2700
1744
882
622
1113
2092
2911
3058
2427
1433
709
704
1388
2395
3045
2934
2119
1146
622
867
1714
2668
3102
2729
1800
898
610
1079
2040
2879
3068
2474
1472
734
691
1357
2356
3033
2954
2175
1183
630
843
1670
2628
3097
2759
1849
940
609
1043
1989
2859
3078
2505
1526
748
670
1310
2313
3014
2976
2214
1221
641
812
1625
2596
3093
2787
1886
972
612
1012
1946
2832
3087
2558
1579
768
658
1273
2262
2994
2991
2264
1275
653
780
1574
2557
3084
2821
1937
999
611
971
1876
2783
3098
2610
1633
812
637
1211
2185
2966
3022
2324
1342
669
748
1504
2496
3075
2870
2005
1056
608
944
1829
2747
3096
2651
1689
839
632
1176
2149
2941
3035
2362
1373
684
725
1463
2453
3067
2889
2054
1092
611
908
1777
2719
3107
2681
1735
859
619
1131
2101
2917
3055
2418
1408
703
710
1410
2401
3055
2922
2102
1124
622
883
1733
2689
3108
2716
1775
887
617
1093
2056
2895
3064
2459
1463
720
691
1371
2375
3034
2945
2148
1165
635
851
1685
2652
3099
2750
1826
924
615
1061
2006
2872
3076
2488
1503
742
684
1339
2334
3024
2965
2192
1202
627
833
1649
2604
3094
2781
1863
954
612
1024
1966
2843
3088
2536
1553
758
658
1290
2282
3003
2986
2242
1248
651
798
1602
2580
3096
2809
1917
994
615
990
1898
2800
3096
2588
1615
799
653
1228
2211
2978
3011
2307
1320
672
762
1521
2519
3076
2858
1990
1045
612
953
1847
2760
3093
2641
1670
820
636
1197
2174
2951
3036
2343
1359
677
739
1486
2475
3065
2883
2027
1070
607
923
1806
2730
3105
2661
1708
851
631
1153
2123
2934
3045
2398
1389
693
725
1430
2432
3056
2912
2083
1110
622
902
1756
2698
3108
2698
1759
881
622
1114
2077
2912
3053
2434
1434
712
698
1394
2395
3045
2934
2133
1151
618
863
1704
2658
3105
2729
1805
910
611
1071
2026
2879
3073
2476
1485
731
681
1346
2343
3025
2965
2181
1195
633
829
1658
2622
3095
2771
1856
943
609
1032
1980
2849
3085
2527
1534
758
677
1300
2292
3013
2984
2231
1235
640
798
1616
2590
3099
2803
1896
982
607
1003
1931
2824
3086
2556
1587
780
662
1262
2254
2990
3006
2273
1282
651
783
1553
2547
3082
2831
1957
1011
610
985
1878
2793
3097
2608
1638
799
641
1225
2215
2975
3012
2314
1323
667
762
1518
2506
3076
2864
1999
1053
609
951
1836