63
2872
623
2669
1864
1001
3100
864
2103
2488
668
2991
1346
1464
2936
639
2591
1980
918
3105
923
1998
2568
641
2943
1444
1362
2985
662
2500
2077
861
3094
996
1898
2648
618
2895
1545
1279
3027
707
2411
2172
798
3086
1066
1784
2726
607
2826
1643
1176
3051
741
2317
2280
751
3070
1156
1680
2808
614
2754
1756
1084
3086
806
2202
2393
706
3033
1251
1553
2883
623
2669
1872
1003
3099
859
2092
2494
661
2984
1353
1459
2941
639
2575
1987
922
3107
927
1985
2577
645
2941
1454
1356
2983
672
2495
2086
866
3093
1003
1864
2670
618
2886
1563
1250
3039
710
2393
2204
787
3088
1083
1759
2747
611
2808
1673
1151
3066
759
2280
2310
742
3054
1172
1649
2825
606
2726
1785
1070
3089
813
2185
2412
695
3022
1274
1534
2894
620
2653
1900
984
3098
870
2083
2505
658
2986
1364
1446
2947
641
2589
1998
915
3105
933
1976
2585
642
2937
1464
1341
2988
667
2482
2101
854
3099
1019
1858
2682
619
2875
1574
1240
3034
713
2385
2212
794
3077
1093
1742
2766
612
2798
1683
1158
3066
758
2276
2321
729
3058
1189
1634
2832
613
2728
1797
1065
3086
819
2170
2426
695
3013
1289
1526
2904
626
2639
1916
976
3100
879
2064
2514
662
2977
1382
1424
2953
655
2565
2012
900
3103
945
1954
2597
633
2934
1475
1333
2988
668
2478
2109
841
3095
1026
1845
2686
623
2876
1585
1229
3033
709
2375
2220
778
3073
1098
1734
2772
614
2804
1692
1143
3063
764
2263
2337
730
3052
1192
1629
2839
622
2720
1806
1045
3081
823
2158
2437
678
3010
1306
1524
2895
628
2622
1926
959
3097
892
2048
2527
648
2978
1379
1416
2955
651
2545
2015
899
3105
953
1948
2603
633
2926
1487
1321
3003
681
2467
2115
841
3095
1018
1840
2698
610
2866
1593
1224
3044
725
2368
2229
768
3070
1114
1722
2771
613
2791
1702
1130
3074
772
2251
2341
722
3045
1206
1614
2855
610
2706
1819
1045
3097
833
2148
2447
680
3013
1302
1509
2916
633
2615
1925
961
3095
886
2035
2529
656
2965
1395
1405
2964
654
2536
2030
893
3105
960
1939
2614
627
2919
1491
1311
3006
681
2454
2128
829
3096
1034
1830
2697
605
2856
1605
1216
3045
722
2347
2241
767
3074
1122
1716
2777
607
2776
1714
1112
3076
781
2245
2348
720
3056
1216
1608
2854
612
2696
1829
1030
3096
840
2133
2452
682
3003
1319
1496
2925
634
2605
1945
954
3109
900
2033
2545
647
2962
1413
1389
2965
647
2526
2048
885
3093
976
1929
2629
627
2912
1507
1302
3015
683
2459
2141
821
3097
1041
1815
2708
610
2853
1618
1205
3043
726
2332
2256
761
3075
1129
1699
2788
612
2772
1721
1114
3076
782
2235
2368
716
3035
1225
1592
2862
619
2693
1833
1029
3093
843
2123
2464
669
3003
1328
1486
2927
630
2607
1955
944
3109
913
2018
2557
643
2953
1426
1385
2974
659
2518
2055
868
3100
974
1915
2639
617
2903
1512
1290
3012
687
2437
2151
820
3082
1048
1804
2717
614
2840
1621
1198
3057
727
2325
2263
762
3068
1142
1692
2801
607
2767
1731
1101
3073
791
2225
2370
707
3034
1228
1585
2873
618
2686
1860
1016
3096
848
2111
2476
670
2992
1333
1471
2935
638
2599
1966
936
3104
922
2013
2556
637
2956
1435
1371
2973
658
2508
2072
874
3099
981
1905
2639
615
2906
1531
1287
3011
691
2425
2166
812
3082
1061
1788
2732
612
2831
1640
1189
3050
738
2319
2272
748
3068
1156
1690
2802
610
2761
1745
1088
3083
790
2208
2383
702
3037
1245
1577
2873
622
2676
1854
1014
3096
855
2101
2488
670
2994
1345
1462
2937
640
2591
1980
934
3111
922
1996
2568
647
2944
1437
1364
2982
661
2507
2080
860
3098
993
1897
2645
618
2894
1529
1276
3025
701
2412
2171
810
3089
1075
1774
2742
609
2818
1644
1171
3056
738
2301
2282
743
3063
1152
1676
2809
612
2748
1764
1085
3084
798
2196
2392
705
3038
1254
1563
2882
622
2672
1880
1000
3098
859
2089
2500
665
2984
1366
1441
2944
641
2571
1990
927
3109
928
1994
2581
644
2946
1458
1355
2983
670
2490
2087
856
3097
1005
1876
2677
623
2880
1556
1251
3033
705
2396
2202
792
3084
1088
1759
2748
620
2813
1680
1158
3070
763
2281
2315
734
3059
1187
1641
2831
610
2726
1784
1064
3086
807
2166
2415
691
3027
1275
1531
2895
616
2648
1896
985
3094
874
2081
2508
657
2987
1372
1433
2950
639
2572
2011
914
3108
942
1978
2585
633
2931
1465
1342
2995
674
2488
2097
853
3097
1012
1856
2676
617
2872
1574
1241
3032
713
2387
2213
795
3076
1103
1745
2759
613
2802
1685
1143
3065
758
2268
2326
732
3056
1192
1638
2830
609
2718
1801
1054
3080
824
2158
2423
691
3013
1296
1528
2901
629
2636
1904
979
3094
881
2073
2518
660
2979
1381
1425
2957
657
2557
2019
900
3108
942
1956
2594
634
2935
1470
1334
2995
684
2474
2109
839
3104
1020
1844
2691
619
2865
1583
1228
3033
716
2375
2218
777
3074
1112
1739
2769
612
2792
1696
1131
3070
766
2264
2334
728
3046
1207
1619
2838
612
2716
1804
1055
3089
827
2154
2436
683
3013
1304
1515
2905
630
2628
1927
964
3095
886
2051
2526
653
2975
1390
1410
2960
652
2550
2025
894
3109
952
1953
2603
632
2923
1484
1324
3002
681
2455
2125
834
3097
1024
1834
2701
611
2865
1596
1223
3045
725
2352
2234
773
3077
1117
1713
2783
613
2792
1706
1125
3071
766
2250
2346
725
3045
1212
1616
2851
610
2710
1815
1044
3098
832
2153
2446
680
3015
1302
1505
2913
627
2617
1930
963
3109
887
2038
2532
651
2961
1402
1407
2967
648
2540
2038
890
3104
960
1937
2620
634
2913
1498
1314
3004
684
2453
2137
834
3098
1037
1827
2707
609
2851
1602
1215
3048
725
2344
2240
773
3077
1124
1707
2788
610
2780
1716
1105
3078
781
2248
2350
718
3046
1223
1590
2864
610
2696
1833
1034
3097
840
2136
2454
683
3002
1327
1496
2919
633
2609
1948
956
3108
898
2022
2548
648
2961
1412
1387
2974
662
2524
2047
879
3094
970
1927
2630
627
2912
1501
1299
3010
694
2436
2147
824
3099
1047
1820
2707
608
2843
1613
1204
3047
731
2335
2248
758
3064
1134
1697
2791
612
2772
1737
1100
3075
778
2231
2365
709
3037
1234
1583
2864
618
2690
1850
1024
3100
840
2119
2465
668
3002
1332
1471
2921
627
2596
1960
942
3105
908
2017
2556
639
2951
1421
1384
2974
663
2516
2057
868
3098
978
1913
2639
620
2901
1524
1293
3011
691
2427
2163
812
3085
1050
1801
2722
612
2835
1634
1194
3055
739
2327
2271
762
3065
1140
1692
2804
609
2761
1745
1096
3079
790
2216
2373
713
3039
1244
1577
2873
622
2679
1855
1014
3097
853
2098
2474
667
2993
1346
1468
2931
637
2587
1970
933
3109
923
2007
2563
642
2943
1435
1371
2981
662
2506
2081
864
3097
992
1892
2651
626
2890
1532
1279
3029
692
2411
2170
810
3090
1060
1783
2726
612
2830
1643
1186
3051
735
2317
2280
746
3067
1157
1678
2813
611
2751
1754
1084
3083
804
2198
2395
706
3037
1249
1565
2883
621
2670
1866
1007
3094
858
2093
2486
659
2986
1356
1450
2945
645
2575
1983
921
3106
924
1998
2576
639
2943
1452
1354
2986
670
2497
2094
859
3100
991
1886
2658
609
2894
1543
1261
3020
701
2405
2183
804
3085
1073
1779
2741
611
2823
1658
1173
3056
751
2302
2291
751
3054
1162
1666
2821
614
2738
1769
1070
3083
799
2189
2402
705
3025
1267
1551
2880
623
2664
1879
992
3098
861
2101
2486
670
2990
1355
1455
2943
639
2577
1979
918
3104
917
1993
2576
642
2939
1456
1353
2987
670
2497
2092
864
3093
993
1883
2660
623
2888
1548
1262
3028
706
2402
2179
800
3084
1071
1778
2743
607
2824
1657
1173
3053
751
2304
2291
746
3068
1161
1672
2814
616
2753
1766
1080
3088
797
2193
2390
703
3036
1250
1553
2881
618
2667
1873
994
3098
859
2099
2485
673
2996
1347
1468
2933
641
2587
1978
920
3108
922
2001
2571
641
2944
1445
1367
2983
664
2499
2080
862
3098
988
1895
2652
621
2896
1535
1273
3021
700
2409
2179
798
3082
1077
1786
2729
614
2820
1650
1176
3055
743
2319
2286
746
3065
1162
1665
2811
613
2746
1767
1080
3088
800
2198
2390
703
3033
1249
1555
2884
616
2668
1873
1009
3097
864
2092
2497
660
2989
1370
1453
2945
639
2577
1990
919
3106
927
1989
2576
643
2942
1456
1357
2983
673
2486
2086
849
3097
1007
1860
2669
621
2883
1569
1254
3032
712
2396
2203
792
3085
1085
1755
2753
606
2815
1681
1151
3069
756
2285
2313
735
3054
1179
1649
2831
607
2729
1791
1059
3088
815
2168
2413
692
3023
1273
1530
2894
620
2648
1897
980
3098
870
2077
2502
663
2990
1362
1439
2945
642
2572
2005
915
3107
927
1990
2584
634
2933
1467
1341
2993
668
2489
2100
855
3094
1015
1857
2682
620
2870
1575
1244
3032
713
2384
2213
789
3075
1091
1743
2759
613
2805
1686
1155
3070
758
2271
2320
733
3053
1197
1635
2829
613
2719
1796
1051
3085
819
2157
2425
690
3008
1281
1530
2905
630
2637
1906
974
3091
884
2075
2518
658
2978
1369
1422
2958
647
2561
2013
898
3106
940
1968
2599
628
2931
1478
1336
2993
678
2475
2108
841
3095
1015
1851
2688
622
2873
1582
1229
3035
710
2375
2221
780
3077
1099
1737
2773
609
2800
1695
1146
3064
762
2260
2324
727
3056
1204
1623
2842
612
2716
1803
1053
3081
830
2152
2435
677
3012
1291
1515
2902
628
2636
1914
964
3092
880
2056
2512
647
2973
1383
1413
2956
650
2544
2017
904
3107
954
1960
2608
632
2926
1487
1329
3005
683
2469
2122
838
3094
1024
1841
2697
609
2865
1591
1224
3044
727
2360
2234
769
3078
1107
1724
2771
610
2790
1707
1136
3076
768
2257
2332
723
3047
1212
1616
2852
614
2712
1818
1040
3096
828
2141
2445
679
3012
1307
1505
2910
630
2616
1931
963
3098
891
2038
2534
650
2962
1388
1400
2966
650
2535
2028
896
3106
965
1934
2618
633
2913
1491
1309
3009
685
2459
2132
828
3097
1037
1826
2701
604
2852
1606
1211
3043
726
2343
2245
764
3076
1126
1716
2779
608
2775
1714
1120
3074
779
2241
2357
724
3041
1220
1596
2864
616
2703
1837
1033
3095
841
2132
2455
684
3007
1310
1497
2922
632
2611
1950
949
3106
905
2030
2548
652
2967
1414
1394
2976
661
2528
2051
884
3099
976
1926
2633
635
2914
1513
1308
3017
697
2440
2149
820
3095
1042
1820
2710
609
2839
1618
1204
3044
725
2330
2255
761
3075
1134
1695
2791
608
2766
1726
1118
3076
778
2234
2360
710
3037
1234
1585
2859
619
2687
1843
1025
3095
838
2121
2467
675
3000
1330
1482
2919
631
2611
1955
937
3107
907
2014
2548
648
2952
1424
1383
2972
659
2528
2053
882
3094
973
1918
2638
623
2899
1514
1290
3017
694
2436
2161
817
3087
1054
1804
2712
610
2840
1624
1199
3057
726
2321
2261
756
3063
1147
1691
2805
609
2772
1734
1105
3073
788
2224
2370
710
3033
1235
1571
2867
625
2681
1853
1011
3095
853
2107
2475
667
2992
1338
1470
2938
639
2599
1972
935
3109
912
2004
2555
641
2950
1429
1370
2974
658
2508
2072
872
3093
979
1905
2643
618
2894
1535
1280
3027
689
2413
2172
813
3084
1058
1784
2732
614
2826
1638
1184
3050
737
2315
2271
754
3068
1153
1687
2799
607
2762
1742
1092
3085
788
2214
2383
698
3035
1239
1564
2873
620
2670
1867
1001
3093
863
2106
2486
667
2998
1353
1469
2936
639
2587
1979
924
3107
917
1999
2567
638
2943
1447
1364
2983
659
2497
2076
866
3092
994
1895
2651
619
2893
1542
1273
3024
700
2402
2176
803
3088
1068
1774
2739
613
2827
1650
1175
3056
746
2299
2293
747
3062
1167
1670
2809
608
2753
1764
1081
3086
797
2198
2392
703
3035
1251
1556
2879
623
2666
1876
995
3065
2988
658
2502
2077
857
3096
992
1892
2646
622
2895
1527
12
1978
932
3105
921
1999
2569
638
2945
1429
1365
2988
658
2502
2077
857
3096
992
1892
2646
622
2895
1527
1272
3026
698
2412
2171
804
3088
1072
1790
2728
614
2830
1643
1172
3055
736
2314
2285
749
3063
1152
1679
2813
605
2753
1750
1079
3085
801
2196
2396
699
3032
1252
1567
2880
621
2665
1879
999
3098
856
2097
2484
666
2993
1340
1462
2933
638
2591
1981
934
3111
920
2000
2564
641
2956
1430
1368
2981
657
2505
2080
859
3094
989
1902
2654
624
2894
1532
1275
3020
699
2415
2172
814
3088
1058
1785
2730
606
2832
1647
1186
3054
740
2311
2280
752
3069
1155
1674
2815
607
2750
1758
1084
3082
799
2201
2385
700
3037
1250
1564
2882
617
2669
1864
1006
3097
867
2092
2482
659
2987
1356
1451
2946
639
2574
1985
920
3103
920
1986
2576
638
2941
1442
1368
2986
674
2497
2091
859
3094
995
1885
2645
619
2895
1540
1266
3020
698
2400
2174
797
3086
1074
1778
2740
611
2825
1659
1173
3060
757
2303
2295
752
3069
1160
1666
2811
611
2742
1765
1071
3082
803
2188
2396
699
3025
1262
1559
2883
625
2656
1884
993
3097
861
2086
2485
664
2994
1355
1450
2942
638
2579
1993
920
3102
925
1992
2577
637
2944
1441
1367
2983
672
2500
2091
862
3101
989
1889
2646
621
2889
1542
1266
3025
697
2408
2180
799
3087
1072
1776
2741
613
2825
1659
1171
3050
743
2304
2291
747
3068
1161
1665
2813
607
2738
1765
1068
3083
797
2193
2395
702
3023
1264
1558
2884
622
2658
1890
994
3095
867
2091
2485
671
2995
1357
1452
2945
639
2576
1978
924
3104
920
2001
2570
638
2940
1442
1368
2983
670
2498
2082
860
3098
993
1894
2649
617
2897
1542
1273
3024
704
2400
2182
799
3085
1075
1776
2742
606
2822
1654
1170
3055
746
2305
2297
749
3068
1166
1669
2807
607
2750
1771
1077
3082
796
2191
2397
701
3035
1251
1556
2882
621
2664
1874
990
3099
864
2085
2483
672
2989
1355
1457
2945
637
2584
1981
919
3103
922
1997
2570
640
2942
1444
1363
2982
667
2498
2076
860
3094
993
1900
2647
620
2892
1545
1262
3024
698
2402
2180
801
3087
1071
1775
2737
609
2822
1651
1169
3055
748
2303
2295
755
3062
1160
1671
2810
613
2751
1764
1079
3087
798
2188
2394
703
3034
1256
1558
2885
618
2661
1874
995
3098
863
2094
2485
664
2993
1357
1456
2946
637
2590
1980
919
3110
918
1998
2568
645
2942
1441
1366
2982
670
2493
2077
863
3094
997
1894
2650
623
2889
1541
1270
3025
703
2403
2178
804
3084
1069
1770
2737
611
2818
1653
1173
3055
749
2302
2293
747
3065
1160
1669
2813
606
2752
1765
1084
3086
800
2189
2395
698
3038
1252
1554
2879
623
2661
1875
996
3097
865
2088
2488
675
2994
1358
1458
2945
637
2585
1979
917
3106
920
1996
2565
637
2943
1447
1367
2981
664
2499
2076
856
3096
994
1894
2647
623
2898
1543
1272
3021
699
2404
2178
805
3085
1076
1774
2742
606
2820
1655
1175
3048
754
2303
2296
752
3064
1163
1664
2814
613
2750
1766
1081
3082
799
2188
2396
706
3037
1255
1558
2884
624
2659
1871
992
3099
860
2087
2488
670
2992
1354
1462
2943
646
2589
1965
923
3106
924
2001
2565
638
2941
1448
1367
2981
662
2496
2078
863
3100
991
1893
2651
624
2894
1545
1275
3022
703
2404
2183
801
3085
1073
1771
2740
610
2820
1649
1178
3053
741
2300
2290
750
3068
1156
1664
2813
611
2751
1768
1085
3082
802
2201
2393
705
3038
1253
1558
2879
623
2662
1871
992
3095
859
2096
2483
671
2991
1347
1462
2931
642
2589
1975
922
3102
922
2001
2572
643
2942
1442
1363
2983
658
2510
2083
865
3093
996
1897
2649
626
2889
1531
1269
3023
700
2408
2182
801
3083
1068
1778
2739
614
2820
1639
1176
3052
738
2302
2278
745
3067
1154
1671
2812
606
2749
1761
1083
3084
797
2212
2394
698
3033
1252
1561
2886
616
2657
1876
995
3094
859
2113
2484
675
2996
1341
1465
2933
641
2590
1980
921
3109
923
1997
2564
641
2947
1447
1366
2986
664
2504
2078
864
3101
993
1897
2653
620
2897
1537
1278
3024
699
2404
2182
800
3090
1074
1778
2744
606
2825
1647
1176
3054
741
2315
2281
754
3067
1155
1680
2809
609
2756
1757
1082
3090
804
2200
2396
702
3034
1255
1564
2883
624
2670
1877
1004
3099
859
2089
2493
663
2988
1358
1457
2944
642
2578
1991
922
3109
935
1986
2575
639
2940
1451
1356
2984
669
2493
2092
858
3098
990
1885
2659
620
2894
1549
1260
3023
706
2406
2192
804
3085
1069
1781
2743
610
2818
1659
1164
3069
754
2294
2295
740
3055
1168
1670
2823
616
2739
1775
1068
3084
802
2188
2405
701
3026
1265
1540
2880
618
2660
1882
998
3101
865
2092
2498
662
2986
1353
1452
2943
643
2582
1994
925
3109
928
1991
2574
646
2945
1448
1352
2986
666
2493
2089
857
3094
1003
1877
2670
616
2882
1552
1248
3037
711
2391
2204
787
3083
1082
1767
2750
608
2811
1669
1150
3065
749
2284
2315
734
3052
1169
1648
2825
611
2738
1775
1074
3085
811
2185
2404
688
3010
1270
1549
2894
624
2651
1894
979
3097
869
2081
2498
658
2987
1362
1448
2946
636
2566
2001
911
3108
933
1977
2587
645
2935
1461
1344
2991
672
2490
2099
851
3098
1002
1868
2675
624
2871
1563
1237
3036
709
2382
2207
789
3075
1091
1744
2761
611
2801
1684
1151
3062
757
2274
2326
725
3053
1181
1637
2827
613
2727
1794
1065
3085
819
2173
2415
691
3023
1281
1529
2903
629
2641
1903
973
3100
881
2073
2522
661
2976
1372
1434
2953
646
2555
2008
902
3110
942
1967
2596
626
2931
1474
1335
2996
670
2475
2112
839
3100
1014
1857
2681
623
2872
1578
1235
3035
714
2376
2223
780
3072
1105
1736
2769
606
2802
1693
1145
3067
757
2264
2324
726
3057
1191
1627
2842
615
2722
1804
1051
3087
822
2162
2435
681
3011
1292
1515
2901
627
2631
1929
964
3095
888
2052
2523
654
2975
1386
1414
2950
648
2546
2016
903
3109
951
1945
2605
627
2921
1486
1327
3005
685
2467
2124
844
3095
1025
1838
2691
610
2863
1594
1223
3046
725
2352
2231
769
3076
1116
1722
2774
609
2790
1702
1132
3076
765
2257
2344
718
3047
1209
1617
2850
613
2710
1813
1040
3097
835
2141
2445
678
3014
1307
1501
2917
625
2618
1937
955
3110
890
2037
2538
653
2966
1404
1408
2962
655
2536
2028
895
3107
965
1938
2616
632
2922
1497
1317
2999
678
2451
2133
830
3093
1030
1830
2696
607
2848
1604
1214
3047
729
2342
2241
768
3079
1123
1717
2778
609
2779
1715
1120
3078
779
2239
2354
726
3042
1210
1611
2848
612
2701
1829
1030
3098
837
2128
2452
679
3005
1312
1493
2911
634
2605
1943
947
3105
902
2025
2545
655
2968
1412
1392
2965
647
2526
2051
880
3093
969
1926
2625
632
2912
1502
1305
3011
684
2448
2142
824
3091
1041
1814
2713
606
2850
1618
1201
3045
725
2333
2254
759
3076
1132
1695
2789
613
2770
1726
1117
3075
782
2236
2366
709
3032
1219
1593
2861
617
2691
1851
1024
3093
841
2122
2465
668
3001
1321
1486
2920
629
2597
1957
943
3108
912
2015
2555
644
2955
1422
1381
2971
663
2517
2063
869
3096
977
1914
2641
615
2905
1517
1292
3016
694
2435
2151
816
3083
1049
1809
2718
612
2840
1627
1199
3057
737
2321
2262
763
3067
1138
1692
2799
605
2771
1740
1101
3073
785
2224
2374
709
3032
1232
1583
2871
620
2686
1850
1014
3096
853
2109
2471
669
2989
1336
1474
2935
639
2597
1967
931
3103
923
2010
2556
638
2951
1428
1369
2979
658
2508
2064
874
3095
979
1909
2635
621
2902
1527
1286
3015
693
2421
2171
808
3088
1064
1800
2728
611
2827
1626
1182
3057
740
2312
2285
754
3065
1149
1667
2799
612
2765
1758
1096
3086
790
2215
2383
702
3031
1240
1564
2870
619
2670
1861
999
3095
850
2113
2476
670
2995
1331
1476
2931
640
2600
1970
928
3103
921
2011
2560
644
2954
1430
1371
2977
656
2503
2071
870
3100
984
1906
2638
614
2900
1522
1285
3024
689
2428
2169
810
3086
1061
1793
2731
613
2826
1634
1189
3057
740
2311
2282
749
3063
1157
1678
2801
605
2757
1758
1094
3082
787
2209
2384
704
3033
1245
1567
2871
623
2667
1861
1001
3094
859
2096
2487
670
2990
1352
1468
2929
638
2580
1975
924
3106
925
1999
2569
643
2942
1446
1363
2984
671
2495
2077
857
3093
994
1897
2649
619
2892
1540
1268
3025
704
2398
2177
799
3085
1073
1778
2741
607
2821
1640
1172
3057
753
2304
2289
749
3067
1162
1670
2812
614
2748
1763
1079
3085
800
2193
2397
698
3032
1253
1557
2882
623
2671
1874
989
3094
859
2097
2484
669
2989
1345
1465
2931
641
2587
1978
922
3104
925
2003
2569
641
2945
1441
1367
2981
663
2497
2083
863
3093
991
1895
2646
616
2890
1536
1273
3028
703
2402
2180
802
3085
1069
1792
2725
611
2827
1644
1176
3056
745
2305
2292
754
3064
1163
1665
2814
613
2750
1769
1085
3088
803
2202
2390
698
3039
1254
1547
2884
616
2666
1873
1005
3093
860
2090
2498
663
2984
1353
1452
2945
637
2564
1998
923
3110
934
1988
2575
638
2944
1453
1357
2986
674
2484
2085
848
3092
1006
1864
2667
618
2881
1563
1249
3033
711
2386
2203
793
3085
1078
1759
2752
608
2815
1678
1157
3062
762
2278
2314
742
3053
1184
1644
2830
606
2727
1784
1060
3082
808
2172
2412
686
3024
1270
1534
2896
622
2646
1898
986
3093
872
2079
2504
659
2982
1362
1445
2956
641
2564
2008
915
3104
939
1969
2585
628
2929
1461
1345
2993
675
2479
2102
852
3090
1015
1855
2679
618
2869
1580
1247
3037
710
2382
2209
783
3076
1091
1745
2760
612
2800
1692
1144
3063
757
2276
2322
732
3056
1198
1627
2843
606
2717
1798
1049
3085
825
2162
2427
690
3013
1290
1527
2902
628
2639
1919
975
3094
878
2062
2520
664
2971
1379
1423
2951
652
2561
2019
899
3105
956
1958
2586
629
2925
1469
1334
3001
680
2466
2111
838
3096
1021
1847
2687
618
2860
1581
1230
3034
724
2363
2223
783
3071
1103
1737
2768
613
2793
1690
1131
3071
769
2264
2330
725
3048
1209
1616
2841
612
2723
1817
1042
3091
824
2148
2434
681
3012
1302
1517
2914
634
2628
1924
960
3094
891
2045
2527
651
2975
1396
1411
2956
649
2547
2030
888
3110
954
1945
2605
633
2920
1484
1326
3005
679
2456
2129
833
3098
1032
1839
2696
608
2863
1596
1222
3046
724
2356
2233
773
3073
1109
1723
2781
611
2794
1703
1121
3078
770
2252
2341
722
3045
1207
1604
2853
609
2712
1827
1045
3098
828
2139
2445
681
3005
1313
1503
2916
631
2618
1939
952
3107
887
2042
2540
651
2962
1404
1402
2968
650
2534
2039
893
3108
964
1936
2618
627
2911
1495
1316
3002
681
2446
2139
828
3095
1029
1822
2707
611
2851
1601
1209
3042
731
2343
2241
772
3075
1121
1712
2789
611
2783
1716
1113
3076
777
2233
2353
722
3044
1223
1594
2861
619
2701
1841
1024
3094
843
2134
2457
680
3003
1320
1487
2925
632
2607
1942
944
3105
898
2029
2543
648
2963
1416
1393
2973
666
2524
2046
883
3091
971
1931
2631
632
2912
1518
1302
3011
693
2436
2149
819
3085
1040
1809
2720
610
2838
1625
1204
3044
731
2334
2262
758
3065
1131
1699
2788
607
2772
1727
1106
3077
782
2227
2362
709
3038
1234
1582
2864
622
2690
1851
1019
3093
855
2116
2469
673
2991
1331
1477
2924
631
2595
1953
941
3107
916
2019
2554
641
2958
1425
1379
2974
662
2518
2070
868
3098
983
1915
2639
618
2905
1527
1289
3013
688
2424
2156
809
3090
1046
1799
2720
606
2830
1638
1197
3057
744
2321
2269
761
3065
1145
1686
2798
611
2762
1745
1094
3071
789
2211
2380
716
3039
1243
1573
2870
624
2679
1853
1016
3096
848
2099
2472
666
2993
1347
1469
2934
639
2586
1964
934
3106
923
2007
2563
640
2956
1431
1368
2986
661
2506
2077
862
3098
995
1894
2645
624
2893
1530
1282
3025
694
2413
2170
805
3084
1062
1788
2729
607
2829
1643
1185
3050
737
2308
2278
747
3063
1150
1680
2811
606
2752
1757
1081
3090
798
2196
2394
697
3033
1257
1566
2872
617
2684
1869
1002
3093
863
2090
2489
666
2984
1349
1454
2942
641
2579
1987
918
3102
932
1987
2580
643
2940
1447
1365
2983
671
2495
2090
864
3094
989
1888
2660
626
2893
1547
1262
3028
706
2407
2178
802
3088
1067
1774
2738
609
2822
1654
1171
3051
751
2305
2292
751
3061
1165
1668
2816
609
2748
1767
1071
3082
800
2194
2402
705
3025
1264
1558
2879
623
2662
1878
990
3099
859
2087
2486
674
2993
1350
1457
2940
643
2587
1981
924
3108
919
2002
2566
642
2947
1447
1362
2981
667
2496
2090
860
3098
995
1887
2660
619
2894
1544
1274
3024
699
2407
2182
799
3086
1072
1781
2742
610
2820
1660
1178
3056
744
2299
2290
753
3067
1162
1669
2811
605
2749
1765
1068
3089
800
2189
2397
703
3023
1261
1555
2879
615
2665
1879
989
3096
859
2090
2485
669
2987
1352
1451
2943
642
2589
1974
921
3105
924
1997
2563
639
2948
1445
1364
2985
669
2500
2090
861
3094
996
1881
2647
622
2896
1545
1270
3023
700
2406
2177
800
3086
1075
1777
2740
609
2824
1659
1176
3053
746
2302
2293
752
3070
1160
1666
2813
607
2750
1769
1082
3087
801
2188
2390
707
3024
1259
1553
2881
616
2661
1878
989
3092
859
2089
2488
673
2995
1353
1460
2942
638
2588
1979
923
3109
917
1996
2567
644
2945
1443
1365
2986
667
2497
2088
861
3100
996
1885
2646
623
2894
1543
1273
3026
703
2404
2176
798
3086
1074
1774
2740
607
2818
1658
1174
3059
747
2304
2289
746
3068
1160
1663
2814
612
2749
1761
1078
3086
802
2188
2396
703
3028
1261
1554
2886
623
2655
1875
992
3092
863
2087
2487
672
2993
1354
1455
2943
641
2586
1975
922
3105
921
1997
2565
642
2944
1445
1363
2984
661
2498
2086
864
3095
996
1897
2646
625
2896
1545
1273
3029
704
2403
2178
799
3088
1076
1775
2741
616
2822
1649
1177
3051
735
2306
2282
746
3065
1155
1678
2809
611
2754
1765
1084
3085
799
2195
2397
698
3031
1253
1555
2886
621
2669
1873
986
3093
862
2099
2489
672
2990
1343
1467
2932
641
2572
1974
922
3104
924
1998
2565
638
2943
1446
1361
2980
662
2497
2084
860
3095
989
1898
2653
618
2895
1535
1274
3025
703
2418
2178
799
3089
1074
1784
2726
614
2828
1643
1175
3053
739
2314
2286
747
3063
1156
1678
2812
607
2751
1755
1085
3082
803
2202
2393
704
3036
1251
1553
2882
624
2666
1873
1000
3096
867
2089
2500
666
2983
1350
1451
2944
643
2574
1986
923
3104
935
1990
2573
637
2947
1457
1352
2987
666
2490
2086
850
3098
1005
1878
2672
616
2884
1562
1249
3033
703
2395
2202
790
3087
1080
1769
2751
607
2809
1670
1156
3062
756
2283
2315
741
3059
1173
1647
2820
606
2728
1776
1049
3088
812
2167
2415
693
3025
1269
1531
2897
621
2646
1896
984
3098
873
2079
2504
658
2983
1366
1446
2951
636
2566
1997
912
3104
945
1978
2588
636
2932
1463
1347
2996
672
2479
2096
851
3094
1009
1853
2681
623
2869
1573
1244
3038
710
2383
2212
778
3071
1089
1742
2759
608
2802
1690
1146
3064
755
2269
2322
726
3051
1191
1633
2828
609
2721
1793
1054
3084
821
2163
2427
688
3018
1292
1520
2901
631
2640
1920
974
3093
879
2061
2517
664
2976
1377
1420
2954
648
2559
2012
903
3104
932
1961
2594
627
2933
1479
1331
2994
664
2462
2117
847
3093
1027
1851
2688
621
2862
1588
1233
3032
722
2366
2218
782
3078
1104
1735
2773
610
2800
1696
1143
3067
764
2261
2334
726
3041
1197
1624
2842
613
2721
1804
1045
3097
832
2151
2433
685
3014
1299
1510
2913
627
2627
1931
960
3094
889
2051
2525
654
2978
1395
1410
2954
653
2547
2024
903
3107
945
1944
2609
631
2923
1486
1321
3001
678
2459
2132
835
3093
1030
1838
2700
605
2859
1597
1219
3042
719
2351
2228
772
3079
1111
1722
2778
606
2789
1706
1128
3074
767
2253
2343
725
3049
1208
1618
2849
610
2712
1817
1044
3095
827
2145
2445
679
3003
1302
1507
2916
630
2616
1934
950
3110
887
2036
2537
647
2967
1397
1401
2967
647
2537
2040
889
3109
962
1938
2617
627
2914
1494
1315
3004
702
2447
2141
829
3100
1017
1827
2712
605
2854
1603
1208
3044
726
2346
2241
768
3073
1126
1714
2787
612
2778
1714
1114
3075
782
2244
2357
718
3048
1219
1602
2858
613
2696
1827
1024
3094
838
2134
2453
677
3005
1323
1490
2925
633
2609
1948
940
3113
896
2028
2545
652
2961
1412
1394
2971
659
2525
2046
883
3099
973
1929
2625
620
2917
1504
1304
3016
695
2436
2146
822
3084
1050
1807
2724
609
2838
1627
1206
3042
732
2337
2262
763
3063
1134
1693
2786
610
2780
1731
1105
3072
782
2232
2360
713
3016
1228
1583
2859
617
2687
1845
1026
3100
847
2106
2468
674
2995
1336
1474
2930
627
2597
1953
943
3107
907
2012
2554
638
2950
1419
1381
2972
662
2517
2055
872
3094
980
1920
2642
622
2906
1514
1289
3009
691
2430
2158
806
3088
1045
1796
2722
607
2830
1632
1193
3054
743
2324
2271
758
3065
1142
1685
2797
609
2761
1747
1100
3074
789
2223
2376
715
3037
1240
1569
2868
620
2678
1854
1016
3096
852
2100
2471
674
2995
1348
1466
2931
636
2583
1969
930
3105
916
2006
2558
635
2956
1434
1374
2981
666
2503
2068
872
3097
980
1904
2638
621
2903
1521
1280
3018
693
2417
2174
806
3083
1063
1788
2727
604
2831
1645
1182
3057
740
2310
2284
752
3065
1151
1673
2810
606
2748
1752
1090
3083
804
2203
2386
704
3035
1250
1568
2867
615
2666
1866
1002
3095
865
2087
2486
662
2984
1360
1451
2946
644
2578
1991
917
3108
924
1986
2576
639
2939
1443
1361
2983
672
2493
2085
866
3095
989
1884
2650
621
2892
1540
1276
3028
703
2406
2180
798
3086
1070
1773
2739
611
2820
1651
1175
3058
750
2304
2297
747
3063
1164
1668
2812
612
2747
1766
1087
3088
795
2189
2394
699
3028
1266
1552
2886
626
2658
1880
989
3099
864
2089
2483
667
2991
1352
1450
2946
641
2582
1977
925
3104
923
1998
2570
637
2940
1444
1368
2985
671
2495
2081
858
3098
992
1897
2644
618
2889
1541
1275
3021
699
2408
2182
806
3089
1073
1774
2742
615
2819
1654
1177
3055
744
2301
2294
754
3067
1161
1666
2813
607
2748
1760
1087
3086
805
2191
2396
700
3033
1264
1553
2879
621
2660
1878
997
3098
860
2087
2485
670
2994
1359
1455
2943
645
2590
1977
920
3109
924
2000
2567
640
2944
1446
1367
2984
666
2492
2075
864
3093
993
1899
2646
617
2896
1542
1276
3024
702
2404
2178
802
3087
1072
1776
2741
608
2823
1656
1180
3053
751
2308
2292
748
3071
1166
1669
2813
606
2749
1767
1079
3089
796
2186
2394
698
3039
1257
1553
2878
622
2671
1879
995
3100
857
2090
2489
668
2995
1352
1451
2943
644
2589
1973
922
3104
922
2001
2565
643
2945
1441
1370
2986
676
2491
2077
862
3093
988
1894
2652
621
2896
1539
1270
3025
698
2407
2183
803
3083
1068
1779
2742
606
2820
1658
1173
3058
746
2300
2295
745
3063
1160
1665
2810
609
2747
1769
1084
3085
802
2189
2391
699
3032
1257
1558
2881
621
2670
1872
993
3099
862
2090
2483
671
2990
1348
1452
2947
643
2585
1978
922
3101
924
2000
2562
637
2947
1446
1363
2980
670
2498
2078
866
3098
993
1894
2650
617
2897
1546
1276
3023
707
2407
2183
797
3082
1067
1779
2739
606
2817
1652
1172
3053
746
2301
2291
746
3064
1167
1664
2813
617
2752
1764
1081
3085
800
2191
2392
703
3032
1266
1555
2883
624
2657
1872
994
3091
857
2091
2487
673
2990
1352
1449
2946
642
2590
1980
926
3109
922
2002
2569
644
2943
1444
1367
2987
670
2494
2082
859
3097
991
1898
2652
616
2889
1540
1271
3022
700
2400
2185
799
3084
1068
1778
2740
613
2826
1657
1170
3053
745
2300
2293
751
3062
1161
1668
2807
612
2754
1765
1079
3090
799
2203
2391
706
3034
1254
1550
2879
621
2667
1874
1005
3092
857
2086
2493
661
2987
1362
1448
2942
638
2579
1987
918
3106
929
1987
2573
638
2940
1456
1354
2987
665
2482
2086
849
3096
1009
1872
2669
617
2886
1556
1257
3033
702
2386
2202
788
3088
1080
1755
2748
608
2814
1674
1155
3064
756
2284
2309
741
3058
1186
1646
2834
610
2728
1789
1056
3083
807
2174
2419
690
3019
1273
1532
2887
620
2651
1900
979
3096
872
2073
2507
664
2982
1371
1437
2954
643
2567
1996
911
3106
938
1981
2584
632
2931
1468
1341
2997
667
2484
2098
850
3093
1011
1855
2679
617
2870
1577
1243
3030
708
2371
2215
776
3075
1088
1747
2761
607
2811
1687
1140
3067
761
2270
2320
727
3055
1184
1635
2829
607
2722
1796
1063
3086
825
2168
2426
688
3015
1282
1526
2901
619
2635
1907
977
3095
886
2059
2519
660
2970
1384
1424
2951
647
2556
2008
897
3105
939
1961
2598
628
2933
1472
1331
2998
662
2473
2113
843
3095
1017
1847
2689
623
2870
1581
1233
3033
715
2361
2223
783
3078
1100
1734
2769
607
2799
1691
1140
3066
756
2261
2334
730
3054
1195
1627
2841
611
2717
1809
1048
3085
828
2147
2436
677
3012
1291
1516
2905
629
2638
1907
966
3099
891
2050
2528
646
2976
1392
1408
2949
646
2544
2019
903
3106
948
1951
2608
628
2921
1486
1324
3006
686
2468
2120
846
3098
1027
1841
2698
605
2861
1599
1222
3045
727
2355
2239
772
3078
1110
1721
2780
607
2790
1701
1132
3075
765
2252
2342
722
3041
1213
1613
2855
610
2707
1820
1040
3093
826
2144
2441
684
3010
1305
1507
2914
629
2628
1928
951
3102
888
2040
2537
653
2966
1400
1400
2965
647
2533
2039
888
3104
964
1934
2618
632
2912
1493
1314
3005
683
2444
2141
831
3095
1033
1828
2707
610
2855
1602
1213
3043
719
2343
2256
757
3074
1127
1704
2791
615
2780
1712
1111
3072
778
2240
2353
720
3042
1223
1595
2870
621
2700
1835
1037
3097
839
2130
2456
685
3006
1322
1492
2925
628
2609
1950
942
3108
895
2024
2545
650
2965
1410
1396
2975
657
2524
2046
878
3097
971
1933
2628
633
2909
1500
1301
3012
691
2435
2148
816
3093
1041
1821
2716
614
2841
1617
1201
3047
726
2336
2259
762
3068
1128
1695
2793
609
2768
1737
1105
3079
785
2231
2359
708
3032
1236
1588
2860
617
2691
1851
1028
3097
844
2123
2466
669
3005
1322
1482
2925
630
2605
1959
936
3103
911
2007
2558
641
2951
1418
1384
2977
657
2517
2058
876
3097
981
1915
2635
619
2904
1529
1292
3015
688
2422
2163
808
3082
1049
1810
2719
607
2842
1629
1193
3055
730
2326
2271
757
3067
1146
1683
2801
607
2759
1744
1103
3078
788
2218
2372
708
3033
1232
1573
2874
623
2676
1857
1015
3092
851
2100
2476
671
2993
1345
1467
2929
641
2598
1962
934
3099
923
2003
2563
639
2953
1437
1374
2984
663
2506
2071
875
3102
995
1908
2648
618
2889
1539
1283
3024
694
2414
2173
806
3086
1063
1791
2729
609
2832
1649
1181
3058
737
2315
2280
748
3063
1155
1675
2810
608
2749
1756
1079
3084
803
2202
2387
699
3032
1254
1562
2871
621
2666
1867
1002
3093
859
2087
2487
669
2995
1353
1455
2941
639
2586
1973
923
3106
919
1987
2577
638
2945
1439
1362
2984
667
2495
2091
858
3093
990
1891
2646
621
2893
1543
1275
3026
705
2404
2177
804
3085
1069
1780
2736
603
2826
1654
1174
3056
753
2306
2293
754
3067
1165
1669
2813
615
2750
1762
1082
3085
804
2189
2394
706
3026
1266
1554
2885
616
2659
1875
994
3095
863
2091
2483
674
2992
1353
1457
2941
641
2589
1983
924
3105
924
1996
2564
630
2943
1441
1369
2986
658
2512
2076
865
3093
994
1900
2648
616
2897
1531
1269
3027
698
2411
2168
806
3086
1072
1784
2730
610
2830
1642
1180
3056
741
2306
2290
746
3065
1154
1668
2812
614
2750
1765
1086
3088
801
2200
2397
704
3035
1249
1556
2884
624
2667
1875
1003
3091
861
2095
2487
658
2982
1357
1452
2944
636
2576
1988
923
3105
933
1988
2581
637
2942
1452
1356
2983
674
2484
2088
849
3094
1002
1876
2665
623
2886
1553
1250
3031
697
2395
2199
792
3085
1081
1763
2748
607
2815
1665
1165
3066
749
2282
2314
744
3058
1186
1644
2828
607
2729
1789
1068
3089
812
2176
2417
692
3024
1276
1533
2895
618
2652
1900
977
3096
872
2077
2491
664
2983
1367
1448
2942
638
2568
1996
908
3108
942
1982
2587
635
2928
1459
1348
2992
668
2488
2098
849
3099
1017
1852
2676
618
2876
1568
1240
3035
713
2384
2215
791
3079
1088
1743
2759
609
2802
1689
1158
3071
759
2275
2326
726
3055
1199
1637
2827
612
2721
1796
1048
3086
824
2170
2422
691
3017
1284
1526
2904
630
2637
1909
972
3098
887
2071
2516
658
2974
1376
1435
2950
647
2559
2009
898
3110
942
1954
2598
634
2931
1474
1338
2988
667
2478
2110
840
3099
1007
1846
2685
623
2877
1589
1231
3033
714
2375
2222
778
3073
1099
1731
2772
609
2799
1692
1144
3069
756
2262
2336
730
3045
1202
1623
2841
614
2723
1805
1054
3089
833
2154
2438
687
3016
1293
1513
2904
628
2637
1921
961
3098
883
2058
2515
650
2978
1384
1424
2954
647
2545
2016
899
3105
950
1951
2606
630
2922
1486
1325
2999
677
2468
2122
842
3099
1021
1840
2701
613
2864
1594
1220
3045
726
2364
2234
767
3074
1112
1723
2771
614
2793
1705
1134
3070
765
2254
2339
727
3047
1210
1616
2856
607
2710
1817
1047
3099
829
2141
2445
678
3018
1306
1504
2911
627
2619
1931
966
3098
893
2033
2534
649
2965
1396
1400
2959
652
2539
2024
887
3106
962
1935
2620
632
2912
1494
1315
3009
681
2454
2130
835
3097
1035
1826
2699
613
2851
1604
1211
3048
724
2344
2244
769
3077
1121
1715
2782
606
2779
1716
1125
3073
770
2243
2353
724
3044
1220
1606
2856
607
2702
1828
1031
3097
844
2133
2451
682
3007
1315
1494
2921
628
2617
1950
955
3105
899
2027
2533
652
2962
1398
1397
2966
652
2531
2037
887
3092
973
1927
2629
629
2912
1508
1302
3015
681
2443
2149
820
3095
1051
1818
2713
609
2838
1615
1206
3042
733
2334
2254
758
3080
1130
1707
2790
607
2769
1723
1111
3076
780
2230
2366
709
3031
1232
1584
2862
622
2691
1850
1027
3095
841
2116
2468
673
3008
1325
1482
2925
631
2607
1956
941
3104
907
2017
2550
640
2951
1422
1385
2978
658
2522
2062
885
3093
983
1919
2639
624
2904
1512
1292
3016
696
2434
2160
818
3085
1053
1805
2717
609
2839
1626
1196
3056
725
2323
2263
761
3064
1141
1694
2804
610
2770
1735
1105
3076
790
2221
2372
716
3039
1231
1577
2871
617
2682
1855
1011
3093
851
2108
2479
674
2992
1332
1472
2933
643
2600
1967
927
3104
911
2010
2556
642
2953
1432
1372
2978
658
2505
2071
872
3097
983
1905
2636
623
2902
1528
1286
3023
688
2415
2168
813
3089
1060
1796
2728
611
2835
1636
1186
3051
741
2312
2275
754
3066
1154
1690
2803
608
2764
1753
1091
3085
792
2200
2384
703
3036
1241
1563
2870
624
2666
1864
1005
3096
859
2097
2486
672
2992
1347
1465
2931
637
2585
1981
918
3105
921
1994
2569
635
2943
1447
1369
2985
659
2493
2079
863
3098
991
1897
2650
621
2891
1545
1276
3022
703
2405
2178
799
3084
1070
1776
2741
612
2820
1647
1175
3055
741
2306
2294
747
3067
1165
1666
2816
608
2747
1764
1084
3085
805
2190
2394
704
3033
1251
1551
2883
623
2670
1875
991
3096
861
2101
2487
674
2993
1347
1462
2937
642
2586
1980
920
3106
923
1996
2565
639
2946
1443
1367
2983
660
2509
2080
859
3094
989
1898
2648
622
2895
1544
1276
3025
700
2402
2180
802
3088
1072
1788
2737
606
2822
1647
1177
3058
741
2302
2283
749
3062
1152
1676
2811
611
2747
1765
1083
3085
804
2188
2393
703
3035
1254
1553
2882
622
2665
1872
990
3094
860
2100
2486
672
2993
1343
1463
2935
643
2586
1978
920
3108
919
1996
2567
639
2944
1443
1365
2985
656
2503
2077
862
3097
995
1893
2647
622
2889
1533
1272
3021
697
2407
2183
801
3083
1072
1786
2730
610
2824
1645
1173
3056
738
2304
2284
745
3062
1152
1680
2815
609
2749
1753
1079
3088
804
2189
2397
704
3032
1254
1552
2880
618
2666
1878
1001
3095
864
2085
2491
662
2983
1363
1452
2942
644
2578
1991
921
3103
931
1990
2580
643
2943
1450
1354
2984
669
2487
2091
863
3094
1001
1864
2670
620
2879
1566
1255
3034
710
2393
2197
786
3085
1079
1756
2748
610
2811
1673
1152
3068
761
2281
2312
738
3055
1185
1646
2822
607
2729
1788
1068
3085
813
2170
2411
694
3022
1272
1532
2893
619
2651
1894
984
3098
873
2081
2503
662
2985
1365
1430
2957
642
2564
2001
909
3105
944
1977
2586
632
2930
1465
1347
2993
670
2489
2100
852
3097
1013
1851
2679
617
2869
1574
1244
3035
707
2373
2214
782
3072
1089
1745
2756
606
2799
1685
1140
3066
762
2270
2324
725
3055
1195
1635
2830
607
2719
1798
1049
3082
823
2162
2426
682
3013
1290
1524
2901
634
2640
1916
976
3097
883
2059
2520
661
2972
1384
1422
2953
649
2556
2006
902
3104
939
1962
2598
634
2936
1472
1334
2991
678
2475
2109
843
3092
1022
1850
2691
612
2860
1586
1228
3037
726
2363
2231
783
3075
1100
1739
2769
607
2793
1697
1135
3068
773
2261
2330
733
3043
1199
1612
2842
610
2717
1809
1052
3085
828
2151
2445
683
3016
1303
1517
2916
632
2631
1927
961
3098
891
2045
2524
648
2973
1391
1413
2942
653
2544
2026
900
3110
953
1949
2606
632
2925
1482
1325
3006
680
2467
2121
847
3092
1036
1834
2701
607
2863
1597
1223
3046
718
2352
2232
767
3075
1111
1725
2779
610
2787
1705
1129
3073
767
2251
2347
723
3044
1208
1613
2851
610
2711
1814
1043
3095
830
2143
2443
680
3004
1311
1496
2908
636
2619
1934
948
3111
888
2038
2539
651
2966
1403
1400
2963
651
2538
2037
890
3107
961
1934
2623
630
2914
1495
1315
3003
681
2452
2140
830
3094
1040
1827
2707
610
2853
1613
1209
3042
728
2339
2250
772
3076
1125
1703
2788
610
2780
1711
1114
3073
778
2239
2352
718
3044
1218
1595
2859
620
2701
1839
1037
3095
844
2118
2466
684
3007
1326
1484
2921
627
2604
1944
940
3102
897
2027
2545
647
2967
1409
1391
2973
661
2525
2046
882
3094
972
1926
2625
633
2909
1502
1302
3018
682
2445
2149
818
3084
1041
1809
2715
609
2841
1613
1203
3043
724
2332
2260
758
3062
1134
1694
2789
614
2771
1723
1102
3079
782
2234
2360
715
3035
1234
1584
2861
620
2686
1850
1021
3095
837
2111
2468
672
2994
1332
1477
2921
630
2596
1956
940
3106
911
2015
2556
639
2956
1424
1382
2970
664
2519
2060
872
3093
979
1916
2638
619
2903
1516
1295
3013
691
2435
2158
822
3082
1054
1796
2716
607
2835
1639
1190
3053
741
2320
2271
759
3066
1146
1684
2801
610
2758
1743
1096
3074
791
2212
2376
709
3035
1241
1571
2870
617
2679
1854
1014
3097
852
2097
2486
671
2996
1344
1460
2933
642
2588
1976
929
3108
918
2008
2567
639
2953
1430
1375
2985
660
2508
2068
874
3095
991
1897
2649
618
2892
1537
1283
3025
690
2416
2174
810
3089
1061
1785
2725
612
2832
1643
1183
3053
736
2316
2277
753
3065
1155
1676
2809
606
2752
1753
1092
3085
801
2198
2382
700
3033
1238
1560
2875
622
2667
1862
1000
3092
857
2091
2483
657
2985
1353
1451
2945
642
2579
1976
922
3105
919
1989
2578
643
2943
1443
1367
2981
670
2495
2090
860
3095
993
1883
2648
621
2892
1546
1273
3025
701
2403
2182
799
3088
1071
1776
2740
611
2823
1659
1170
3052
746
2301
2291
752
3063
1166
1664
2811
613
2753
1764
1081
3084
798
2191
2390
700
3022
1262
1557
2880
620
2659
1877
996
3094
858
2088
2483
669
2989
1350
1455
2941
636
2584
1973
923
3106
920
2003
2569
641
2947
1446
1363
2984
670
2494
2077
861
3096
990
1895
2650
615
2890
1545
1275
3025
698
2404
2183
800
3083
1074
1773
2743
610
2824
1654
1174
3058
748
2304
2295
745
3066
1165
1668
2807
605
2747
1764
1083
3089
801
2192
2392
700
3033
1268
1551
2880
619
2661
1875
993
3095
860
2089
2489
669
2989
1356
1452
2943
644
2588
1979
919
3108
923
1999
2566
637
2942
1444
1367
2985
674
2498
2079
862
3092
991
1898
2652
621
2893
1542
1276
3020
703
2405
2179
799
3089
1070
1775
2739
609
2820
1657
1174
3057
750
2299
2290
751
3062
1163
1669
2807
608
2747
1764
1078
3081
800
2187
2393
701
3034
1259
1552
2884
617
2660
1874
993
3099
861
2093
2490
670
2991
1357
1453
2943
639
2574
1978
918
3101
921
2002
2564
644
2946
1440
1365
2983
673
2493
2077
863
3094
994
1897
2649
622
2893
1544
1271
3024
698
2401
2179
804
3086
1071
1773
2738
607
2822
1656
1176
3054
750
2307
2294
749
3065
1166
1670
2812
611
2753
1764
1081
3084
803
2195
2396
701
3036
1252
1557
2884
620
2665
1879
995
3097
863
2098
2488
672
2993
1344
1467
2935
639
2589
1977
919
3109
922
2000
2567
643
2943
1446
1365
2984
664
2501
2081
863
3096
995
1897
2649
624
2894
1530
1272
3023
693
2416
2172
814
3093
1073
1787
2740
606
2824
1643
1171
3051
736
2312
2278
748
3066
1153
1677
2809
608
2749
1761
1081
3077
799
2202
2395
704
3037
1250
1567
2881
619
2666
1867
1004
3093
863
2091
2499
663
2986
1369
1457
2942
638
2577
1988
917
3103
933
1988
2575
642
2940
1442
1355
2981
672
2488
2089
858
3099
1004
1874
2667
622
2881
1554
1249
3032
706
2392
2200
792
3083
1082
1760
2751
611
2811
1678
1151
3071
757
2281
2312
736
3055
1171
1646
2821
607
2728
1774
1070
3088
809
2185
2411
694
3022
1272
1535
2890
620
2647
1898
985
3099
869
2076
2506
658
2986
1363
1440
2951
639
2567
1995
910
3104
935
1975
2586
642
2934
1466
1346
2997
672
2487
2097
849
3099
1017
1858
2680
618
2876
1563
1240
3031
711
2382
2209
793
3076
1094
1744
2762
608
2801
1691
1152
3062
763
2275
2326
726
3052
1182
1639
2827
609
2729
1793
1063
3087
820
2168
2425
690
3014
1284
1528
2900
622
2638
1909
968
3095
882
2067
2515
660
2975
1378
1427
2954
654
2559
2009
903
3108
945
1971
2595
631
2930
1471
1334
2993
673
2475
2112
840
3096
1015
1856
2689
621
2874
1582
1232
3034
715
2378
2220
782
3074
1104
1738
2769
606
2804
1694
1144
3064
762
2260
2333
727
3055
1195
1629
2842
610
2722
1804
1049
3086
825
2149
2431
682
3014
1296
1514
2903
627
2638
1919
966
3096
880
2059
2525
650
2977
1394
1415
2953
649
2547
2016
899
3102
950
1945
2604
632
2924
1486
1321
2999
677
2466
2118
835
3096
1027
1836
2691
608
2865
1595
1223
3045
725
2365
2230
767
3076
1108
1726
2781
615
2793
1702
1135
3073
768
2249
2338
724
3050
1202
1614
2849
607
2708
1815
1045
3094
831
2139
2444
681
3015
1299
1504
2915
633
2629
1924
960
3096
888
2045
2535
649
2964
1399
1404
2959
650
2538
2036
889
3107
961
1940
2619
633
2925
1490
1313
3002
682
2452
2130
833
3093
1033
1826
2699
609
2850
1602
1211
3045
724
2350
2248
770
3074
1122
1710
2782
610
2783
1716
1121
3073
779
2238
2352
722
3046
1215
1603
2852
610
2698
1826
1036
3093
841
2128
2456
679
3002
1312
1497
2920
631
2617
1946
955
3108
900
2029
2548
650
2962
1415
1395
2966
652
2524
2051
880
3095
968
1926
2625
627
2908
1503
1305
3015
684
2446
2140
821
3095
1048
1818
2713
615
2850
1617
1202
3046
732
2345
2252
761
3074
1129
1696
2789
614
2770
1728
1117
3077
775
2231
2364
713
3037
1220
1598
2865
620
2689
1844
1024
3097
838
2116
2466
671
3002
1322
1484
2924
632
2607
1957
939
3103
904
2019
2559
645
2955
1424
1380
2970
663
2519
2056
874
3097
971
1916
2642
621
2904
1513
1294
3013
692
2434
2148
822
3086
1049
1806
2717
608
2841
1627
1190
3051
732
2337
2260
758
3065
1140
1689
2802
608
2769
1742
1099
3074
790
2219
2373
714
3035
1234
1585
2870
616
2689
1853
1014
3098
851
2111
2472
670
2991
1331
1470
2932
643
2601
1965
933
3107
913
2011
2555
638
2951
1430
1369
2975
656
2504
2067
871
3098
982
1905
2638
622
2902
1524
1280
3018
692
2425
2170
811
3083
1059
1793
2721
610
2830
1635
1194
3051
738
2325
2270
748
3065
1152
1679
2803
612
2757
1751
1092
3085
787
2212
2382
697
3037
1238
1565
2873
617
2677
1867
1003
3096
859
2099
2483
674
2993
1348
1467
2933
643
2592
1978
934
3105
921
1999
2566
640
2942
1443
1369
2987
658
2495
2079
861
3092
989
1900
2644
618
2894
1535
1275
3027
698
2413
2181
804
3083
1071
1784
2729
611
2823
1644
1173
3055
736
2312
2281
747
3067
1163
1667
2814
608
2751
1770
1084
3084
804
2202
2393
703
3033
1255
1551
2883
617
2667
1877
994
3093
864
2097
2489
673
2995
1345
1461
2932
642
2587
1979
927
3104
923
1999
2564
641
2943
1445
1363
2985
658
2496
2075
864
3097
992
1891
2651
619
2889
1535
1275
3024
700
2413
2169
801
3087
1074
1785
2726
606
2819
1647
1173
3055
737
2317
2282
746
3070
1159
1668
2808
613
2750
1767
1083
3084
805
2202
2392
699
3036
1255
1554
2881
616
2666
1879
994
3099
861
2102
2487
669
2993
1344
1464
2928
641
2588
1979
930
3101
918
1997
2567
640
2942
1445
1370
2981
659
2499
2078
859
3095
994
1892
2647
622
2895
1534
1273
3023
701
2418
2178
802
3084
1071
1786
2727
613
2823
1642
1174
3052
738
2314
2285
748
3064
1163
1670
2811
608
2751
1768
1084
3090
803
2200
2397
701
3034
1255
1555
2882
623
2668
1877
1004
3098
863
2091
2499
663
2984
1361
1447
2942
643
2589
1987
925
3108
932
1988
2581
639
2947
1454
1353
2986
668
2488
2093
850
3096
1002
1859
2666
616
2881
1566
1254
3035
711
2390
2202
789
3087
1085
1756
2751
611
2812
1678
1155
3068
756
2282
2313
742
3056
1184
1645
2830
612
2729
1790
1058
3084
810
2175
2411
690
3021
1271
1535
2892
621
2651
1898
980
3095
873
2079
2507
659
2983
1369
1434
2952
639
2567
2001
913
3103
932
1977
2588
630
2931
1462
1341
2993
674
2473
2097
852
3096
1010
1856
2675
623
2874
1573
1242
3040
709
2387
2210
781
3076
1089
1744
2763
607
2803
1688
1156
3069
758
2270
2327
726
3058
1192
1623
2845
607
2723
1795
1049
3089
822
2163
2423
678
3018
1295
1522
2907
635
2639
1919
973
3094
883
2057
2514
660
2973
1384
1425
2956
651
2557
2010
906
3105
944
1957
2598
633
2917
1478
1333
3005
684
2464
2122
840
3096
1021
1846
2691
618
2860
1585
1233
3034
721
2365
2224
783
3079
1098
1737
2769
606
2797
1699
1142
3068
757
2260
2333
733
3047
1205
1617
2842
610
2710
1817
1049
3097
837
2154
2435
681
3012
1302
1518
2915
627
2627
1931
964
3093
888
2049
2525
653
2976
1389
1415
2952
649
2547
2030
902
3106
955
1948
2606
626
2923
1481
1321
3006
681
2455
2128
834
3091
1031
1838
2701
607
2859
1594
1221
3046
719
2348
2241
771
3073
1110
1723
2779
621
2790
1706
1131
3077
770
2253
2341
724
3045
1212
1609
2848
608
2709
1828
1031
3090
835
2139
2446
686
3004
1317
1503
2913
635
2614
1937
950
3106
891
2040
2536
647
2963
1405
1404
2964
652
2536
2038
893
3110
959
1940
2615
631
2915
1507
1307
3006
680
2446
2137
832
3094
1031
1828
2711
609
2851
1613
1208
3041
734
2341
2253
773
3077
1123
1707
2794
612
2784
1712
1109
3079
779
2244
2351
724
3045
1221
1599
2861
620
2698
1838
1020
3091
838
2130
2466
682
3006
1321
1486
2925
631
2609
1952
940
3104
903
2017
2549
653
2960
1412
1392
2975
659
2525
2045
882
3096
972
1927
2627
624
2905
1514
1295
3014
690
2435
2149
817
3086
1053
1807
2719
608
2838
1628
1205
3045
728
2335
2262
762
3067
1129
1694
2800
607
2770
1731
1098
3073
778
2231
2364
714
3037
1228
1583
2871
617
2686
1848
1010
3095
852
2113
2474
677
2994
1335
1477
2934
642
2601
1960
934
3106
908
2005
2557
643
2953
1423
1379
2976
657
2512
2063
872
3099
983
1916
2637
622
2903
1523
1281
3016
691
2424
2173
813
3087
1063
1797
2719
613
2831
1633
1190
3057
739
2320
2269
746
3068
1141
1690
2797
612
2757
1746
1094
3077
791
2209
2371
708
3035
1244
1572
2872
623
2682
1856
1014
3093
851
2100
2483
668
2991
1343
1462
2936
640
2585
1976
936
3108
922
1998
2565
638
2955
1432
1374
2986
658
2506
2082
858
3092
993
1900
2653
618
2900
1535
1274
3024
703
2417
2170
808
3086
1070
1784
2730
605
2830
1647
1175
3054
742
2311
2282
749
3066
1154
1677
2812
608
2749
1756
1080
3083
800
2200
2395
698
3032
1254
1553
2881
621
2670
1879
1000
3099
860
2087
2496
663
2982
1356
1453
2944
640
2576
1992
923
3105
933
1988
2574
640
2945
1452
1354
2982
668
2497
2090
857
3093
991
1887
2661
620
2881
1542
1263
3024
706
2401
2194
798
3087
1073
1774
2740
607
2820
1653
1163
3054
746
2304
2293
741
3057
1164
1665
2820
608
2738
1765
1069
3083
805
2191
2406
701
3026
1264
1550
2891
622
2657
1889
997
3096
861
2090
2496
661
2985
1355
1453
2944
643
2577
1984
924
3106
932
1991
2576
637
2941
1453
1351
2983
670
2499
2090
863
3095
992
1889
2655
618
2887
1544
1266
3024
703
2407
2189
804
3089
1068
1780
2737
611
2821
1661
1174
3059
748
2302
2291
741
3065
1161
1667
2826
614
2737
1769
1071
3086
803
2191
2397
700
3026
1263
1548
2882
624
2659
1888
990
3094
862
2085
2482
660
2984
1350
1454
2942
637
2579
1987
918
3109
920
1989
2580
644
2940
1446
1366
2984
668
2498
2094
864
3096
996
1887
2659
621
2881
1540
1265
3027
705
2403
2180
799
3086
1073
1776
2743
608
2820
1655
1178
3053
745
2303
2290
749
3069
1168
1669
2811
609
2739
1763
1081
3085
798
2189
2392
700
3026
1265
1542
2881
622
2659
1890
995
3097
860
2092
2488
671
2987
1356
1453
2942
638
2575
1986
920
3104
918
1984
2575
642
2947
1442
1366
2980
669
2493
2090
858
3097
992
1887
2658
619
2883
1546
1267
3024
706
2401
2176
802
3088
1071
1776
2737
613
2818
1656
1179
3052
746
2301
2291
748
3064
1161
1669
2823
606
2739
1768
1075
3086
801
2191
2393
699
3029
