2125
2803
3093
2891
2260
1477
844
610
882
1531
2324
2928
3097
2749
2047
1276
727
636
1026
1741
2519
3027
3043
2597
1841
1092
649
695
1196
1964
2684
3071
2972
2403
1627
929
609
789
1386
2173
2841
3103
2860
2208
1415
812
604
918
1595
2372
2955
3082
2721
1995
1225
709
649
1070
1811
2567
3032
3036
2544
1783
1049
644
722
1240
2019
2734
3089
2940
2350
1574
901
609
822
1435
2232
2872
3106
2825
2161
1364
781
621
952
1642
2425
2981
3072
2680
1936
1183
687
658
1114
1855
2610
3051
3013
2498
1729
1013
630
744
1295
2078
2769
3098
2909
2301
1518
862
615
852
1494
2286
2902
3095
2788
2098
1312
744
629
991
1695
2472
3007
3068
2639
1890
1132
674
686
1157
1917
2649
3065
2994
2454
1674
971
622
762
1347
2132
2804
3098
2880
2254
1464
831
613
883
1544
2334
2926
3096
2754
2045
1275
724
643
1034
1754
2522
3028
3047
2584
1835
1091
647
702
1202
1969
2702
3085
2966
2407
1614
931
607
789
1392
2177
2838
3109
2854
2203
1417
798
609
923
1599
2382
2955
3084
2709
2002
1225
699
648
1073
1805
2566
3044
3032
2545
1774
1051
641
727
1245
2020
2741
3085
2940
2356
1566
904
611
826
1441
2228
2868
3105
2821
2147
1369
768
617
954
1643
2434
2980
3080
2667
1940
1174
681
662
1111
1867
2617
3055
3016
2500
1722
1005
628
736
1306
2081
2766
3093
2911
2306
1515
860
609
850
1495
2286
2901
3100
2793
2096
1318
745
633
993
1705
2483
3003
3068
2629
1883
1130
671
678
1167
1919
2656
3062
2992
2444
1666
972
618
755
1343
2130
2811
3093
2881
2254
1461
828
612
883
1544
2329
2933
3098
2752
2041
1258
729
638
1033
1756
2528
3027
3044
2589
1827
1079
651
702
1200
1972
2696
3087
2964
2403
1619
927
609
785
1395
2183
2839
3104
2849
2202
1409
804
613
925
1602
2385
2957
3080
2713
1987
1224
697
649
1078
1815
2567
3041
3040
2540
1778
1048
641
719
1256
2025
2741
3087
2941
2350
1566
892
605
818
1443
2246
2871
3108
2825
2150
1364
773
622
964
1659
2438
2982
3078
2666
1937
1174
679
665
1123
1866
2620
3054
3010
2495
1715
1001
635
738
1305
2078
2779
3097
2916
2305
1516
861
597
850
1497
2291
2902
3095
2782
2092
1317
746
633
992
1708
2487
3004
3068
2629
1872
1130
675
682
1161
1930
2663
3073
2983
2443
1667
962
623
772
1355
2129
2807
3098
2884
2250
1460
828
610
887
1548
2334
2928
3098
2753
2037
1260
729
640
1037
1768
2525
3025
3045
2584
1829
1085
647
698
1214
1981
2700
3082
2961
2392
1618
922
607
788
1395
2192
2842
3105
2847
2193
1403
799
607
919
1602
2397
2965
3084
2708
1987
1214
703
647
1074
1817
2576
3043
3025
2537
1778
1045
639
718
1255
2025
2739
3096
2944
2347
1554
889
610
832
1452
2241
2873
3110
2811
2136
1353
773
620
966
1653
2434
2988
3066
2668
1923
1175
679
667
1118
1867
2620
3056
3003
2492
1711
1004
633
750
1305
2095
2782
3090
2914
2292
1501
866
613
861
1505
2293
2911
3097
2783
2092
1309
753
628
1004
1716
2484
3004
3053
2618
1872
1125
671
682
1166
1932
2667
3074
2988
2432
1655
959
622
772
1357
2143
2813
3105
2881
2245
1454
828
604
887
1551
2340
2935
3094
2738
2040
1266
724
638
1046
1764
2534
3029
3048
2579
1817
1073
654
702
1213
1987
2706
3085
2963
2391
1603
921
608
798
1401
2188
2855
3105
2850
2188
1398
799
614
928
1619
2396
2963
3083
2699
1977
1211
700
652
1080
1825
2576
3043
3021
2537
1770
1037
640
723
1263
2034
2748
3098
2935
2343
1558
892
607
828
1454
2246
2881
3096
2811
2138
1356
767
615
963
1668
2444
2985
3084
2663
1924
1156
678
672
1122
1879
2628
3055
3006
2488
1707
990
625
750
1305
2093
2784
3095
2902
2292
1506
850
615
864
1502
2299
2914
3096
2781
2085
1307
737
626
1005
1718
2498
3013
3053
2614
1868
1123
658
680
1171
1926
2668
3074
2984
2439
1653
963
616
769
1363
2138
2819
3109
2875
2240
1454
816
610
888
1551
2346
2946
3087
2735
2028
1257
726
641
1048
1777
2533
3033
3042
2577
1820
1071
656
704
1208
1990
2707
3087
2964
2384
1606
916
606
796
1413
2198
2850
3106
2837
2182
1388
788
609
929
1618
2392
2967
3090
2698
1976
1201
696
648
1080
1828
2587
3042
3024
2527
1768
1038
639
727
1266
2036
2749
3094
2932
2332
1545
880
610
830
1460
2251
2886
3097
2813
2127
1343
759
618
972
1664
2442
2988
3063
2663
1921
1162
677
669
1133
1879
2629
3065
3003
2486
1705
996
628
751
1307
2092
2779
3098
2899
2278
1496
851
608
852
1509
2305
2916
3095
2770
2083
1302
739
633
1003
1726
2498
3019
3055
2621
1864
1111
660
688
1170
1938
2667
3075
2983
2432
1660
953
616
766
1363
2150
2816
3103
2872
2228
1441
820
607
905
1563
2355
2944
3084
2742
2028
1257
719
639
1042
1777
2550
3039
3046
2569
1807
1073
651
704
1221
1997
2711
3089
2955
2382
1598
919
615
800
1415
2198
2849
3110
2840
2178
1390
791
613
934
1618
2405
2961
3085
2696
1968
1202
702
652
1091
1837
2590
3045
3022
2526
1752
1032
629
726
1272
2047
2751
3097
2934
2329
1546
884
606
835
1460
2251
2886
3098
2809
2130
1343
757
624
973
1678
2458
2999
3066
2661
1917
1144
684
674
1132
1890
2627
3062
3003
2473
1697
997
629
749
1313
2097
2792
3098
2902
2283
1495
854
614
861
1513
2304
2910
3094
2769
2081
1292
737
630
1012
1724
2497
3015
3054
2617
1854
1110
659
687
1175
1937
2678
3073
2983
2427
1649
953
622
779
1363
2151
2819
3105
2873
2232
1441
824
613
899
1566
2353
2943
3085
2727
2016
1240
721
640
1048
1776
2544
3035
3034
2569
1809
1067
647
717
1225
1997
2718
3088
2956
2383
1594
909
606
797
1413
2202
2866
3107
2839
2178
1384
790
606
927
1624
2407
2963
3072
2696
1965
1206
693
647
1091
1838
2585
3050
3024
2524
1753
1033
632
729
1271
2045
2751
3098
2933
2332
1546
883
612
843
1464
2253
2889
3092
2802
2133
1342
759
620
975
1680
2453
2992
3064
2647
1917
1151
686
673
1127
1882
2637
3067
3004
2473
1688
991
621
750
1324
2099
2786
3093
2902
2284
1497
851
612
868
1514
2310
2908
3099
2773
2066
1292
735
627
1012
1719
2507
3017
3052
2604
1857
1112
659
685
1185
1948
2676
3076
2976
2423
1645
951
618
776
1371
2161
2821
3104
2867
2232
1433
821
609
895
1571
2366
2945
3084
2726
2019
1243
710
645
1047
1788
2543
3033
3036
2565
1803
1066
652
713
1231
2001
2722
3083
2955
2369
1593
912
610
811
1419
2211
2858
3107
2844
2173
1381
793
624
944
1622
2398
2976
3076
2688
1959
1193
695
661
1089
1835
2600
3047
3022
2513
1743
1025
628
726
1272
2047
2762
3094
2918
2316
1533
885
610
843
1475
2258
2890
3093
2805
2120
1332
761
623
973
1675
2453
2992
3064
2649
1910
1155
681
669
1144
1893
2631
3067
3006
2473
1693
987
624
747
1322
2108
2790
3101
2903
2273
1484
841
610
870
1528
2312
2921
3095
2774
2068
1291
743
632
1013
1740
2504
3013
3054
2610
1854
1100
662
688
1181
1950
2680
3078
2975
2422
1632
937
616
781
1375
2162
2831
3102
2869
2222
1436
812
614
901
1581
2360
2943
3088
2726
2011
1239
716
644
1052
1782
2561
3036
3036
2554
1796
1062
640
708
1232
2013
2718
3085
2957
2375
1587
911
609
809
1420
2208
2863
3110
2830
2168
1382
781
618
940
1625
2415
2974
3073
2689
1955
1195
692
659
1104
1850
2595
3052
3026
2516
1746
1027
630
723
1287
2061
2763
3094
2922
2320
1532
877
612
842
1476
2258
2890
3095
2801
2122
1333
760
624
979
1690
2462
2994
3064
2651
1909
1151
674
673
1135
1898
2639
3067
2991
2466
1691
985
623
760
1323
2110
2798
3098
2890
2275
1487
836
608
869
1527
2312
2924
3096
2759
2065
1286
727
627
1013
1732
2507
3013
3052
2608
1847
1101
662
692
1182
1954
2678
3073
2975
2418
1636
942
622
776
1372
2162
2832
3107
2864
2219
1430
809
610
912
1570
2360
2949
3086
2727
2010
1233
711
639
1059
1799
2554
3037
3038
2560
1794
1061
637
711
1234
2010
2720
3087
2952
2374
1587
905
610
814
1426
2210
2863
3105
2831
2171
1379
779
617
939
1635
2415
2974
3076
2686
1961
1193
688
663
1099
1846
2600
3058
3015
2518
1738
1022
633
727
1284
2058
2760
3094
2920
2323
1537
871
615
838
1471
2284
2895
3099
2803
2109
1329
757
623
980
1684
2465
2995
3066
2638
1897
1140
670
667
1141
1893
2639
3062
2995
2470
1686
984
623
754
1326
2114
2799
3096
2890
2270
1476
839
613
878
1534
2321
2924
3092
2763
2059
1282
732
630
1022
1748
2517
3015
3057
2597
1851
1107
657
690
1195
1956
2684
3077
2973
2411
1639
942
620
779
1381
2171
2834
3105
2858
2220
1425
814
609
911
1587
2376
2953
3083
2718
2014
1234
709
641
1065
1798
2560
3037
3035
2558
1791
1064
638
714
1230
2010
2721
3085
2951
2363
1578
906
608
808
1433
2225
2863
3112
2831
2164
1370
785
624
945
1636
2412
2980
3078
2674
1947
1187
690
662
1101
1855
2606
3055
3015
2502
1739
1012
631
737
1281
2070
2762
3100
2924
2313
1529
874
612
837
1481
2272
2891
3097
2793
2107
1322
762
619
982
1696
2469
2997
3065
2638
1896
1143
670
685
1157
1905
2649
3064
2990
2466
1687
986
625
763
1334
2119
2803
3097
2890
2258
1471
843
610
876
1536
2324
2924
3096
2760
2060
1283
728
640
1025
1749
2522
3022
3055
2598
1846
1095
656
688
1196
1960
2687
3072
2974
2414
1629
943
616
788
1380
2171
2832
3106
2859
2214
1427
811
607
913
1586
2372
2950
3085
2716
2012
1227
713
646
1060
1796
2558
3034
3033
2559
1785
1050
645
709
1244
2022
2727
3087
2939
2366
1575
906
612
819
1436
2222
2874
3107
2830
2161
1369
782
613
950
1635
2428
2975
3075
2681
1942
1183
692
658
1103
1857
2605
3053
3014
2505
1733
1013
631
738
1293
2069
2770
3094
2924
2319
1519
872
609
840
1489
2276
2900
3094
2792
2095
1324
752
617
994
1693
2478
3005
3064
2641
1900
1145
668
685
1159
1905
2647
3067
2996
2457
1685
974
624
758
1330
2122
2802
3099
2890
2258
1478
844
612
885
1536
2319
2925
3099
2758
2056
1273
730
628
1021
1743
2516
3024
3042
2595
1838
1090
659
691
1195
1967
2690
3079
2972
2400
1626
931
623
789
1383
2174
2841
3102
2862
2212
1422
809
609
912
1585
2371
2949
3090
2723
1997
1235
710
649
1074
1806
2570
3036
3032
2547
1786
1054
643
716
1245
2018
2728
3083
2941
2357
1577
903
606
816
1436
2236
2874
3109
2823
2159
1373
778
619
950
1645
2425
2978
3079
2679
1944
1184
690
666
1110
1854
2609
3057
3016
2506
1724
1020
630
736
1294
2070
2768
3095
2913
2313
1518
860
605
849
1495
2284
2902
3099
2792
2098
1317
751
622
996
1699
2479
3001
3062
2640
1886
1129
669
685
1154
1918
2646
3066
2992
2458
1676
977
624
761
1345
2117
2799
3100
2882
2266
1462
843
609
879
1543
2323
2932
3101
2751
2048
1271
728
635
1033
1757
2524
3026
3045
2582
1838
1094
651
693
1208
1970
2702
3079
2963
2405
1613
932
611
789
1392
2186
2844
3109
2855
2204
1412
799
607
922
1599
2384
2952
3085
2721
1996
1220
706
654
1070
1805
2570
3034
3035
2550
1778
1050
639
725
1241
2019
2728
3089
2946
2355
1564
902
613
822
1447
2233
2876
3111
2824
2149
1369
767
623
950
1649
2425
2983
3078
2676
1937
1170
685
662
1109
1856
2622
3059
3016
2497
1721
1013
633
743
1289
2078
2772
3095
2914
2300
1517
866
613
856
1493
2280
2903
3093
2790
2095
1310
746
628
991
1697
2475
3003
3069
2635
1888
1122
672
684
1154
1916
2657
3064
2992
2454
1678
973
617
761
1343
2131
280461
670
686
1151
1919
2656
3068
2992
2445
1664
971
621
757
1343
2128
2813
3096
2886
2257
1463
825

1888
1131
670
686
1151
1919
2656
3068
2992
2445
1664
971
621
757
1343
2128
2813
3096
2886
2257
1463
825
609
8
1131
670
686
1151
1919
2656
3068
2992
2445
1664
971
621
757
1343
2128
2813
3096
2886
2257
1463
825
609
885
1547
2331
2929
3095
2747
2046
1261
730
643
1037
1752
2529
3024
3047
2584
1827
1080
649
704
1212
1970
2698
3089
2961
2404
1619
930
612
791
1396
2176
2841
3103
2853
2204
1409
798
614
924
1599
2384
2958
3089
2712
1990
1219
701
653
1068
1808
2566
3046
3031
2537
1777
1047
639
721
1250
2027
2740
3086
2943
2349
1561
887
612
822
1450
2230
2872
3104
2822
2155
1364
776
619
962
1654
2431
2983
3071
2666
1937
1171
682
662
1116
1865
2620
3057
3012
2499
1711
1005
633
744
1304
2080
2779
3095
2912
2305
1517
861
612
851
1492
2291
2900
3100
2780
2087
1312
751
631
991
1704
2489
3004
3060
2627
1878
1133
673
683
1163
1914
2662
3074
2982
2442
1669
959
624
769
1345
2129
2815
3092
2886
2254
1461
834
611
889
1544
2336
2932
3093
2748
2038
1262
724
641
1030
1763
2526
3028
3040
2586
1827
1078
656
700
1210
1976
2698
3084
2967
2394
1612
932
613
795
1394
2182
2844
3111
2853
2202
1407
798
608
921
1602
2384
2963
3084
2710
1986
1209
706
649
1070
1820
2577
3048
3033
2539
1774
1042
645
721
1253
2028
2739
3096
2943
2346
1558
887
610
833
1439
2244
2873
3107
2815
2138
1353
774
619
964
1658
2436
2983
3076
2670
1925
1170
676
664
1124
1865
2616
3057
3019
2485
1718
1007
629
741
1301
2078
2783
3097
2915
2292
1503
863
611
851
1507
2289
2903
3095
2776
2093
1301
747
635
1003
1716
2484
3006
3058
2627
1875
1126
673
684
1164
1924
2667
3075
2988
2443
1670
965
618
774
1353
2141
2813
3103
2883
2247
1456
834
607
887
1555
2342
2933
3099
2738
2035
1261
723
641
1044
1764
2536
3025
3046
2578
1819
1082
650
703
1215
1981
2708
3086
2963
2396
1604
922
612
797
1406
2191
2853
3109
2856
2191
1406
797
609
924
1607
2391
2962
3080
2706
1976
1209
700
646
1082
1822
2577
3048
3026
2533
1763
1046
640
722
1259
2035
2736
3096
2933
2338
1555
893
606
828
1454
2238
2884
3095
2808
2138
1360
768
621
961
1677
2448
2982
3074
2662
1926
1168
686
673
1126
1875
2629
3059
3005
2489
1713
1007
631
749
1303
2088
2779
3096
2900
2294
1506
852
614
864
1506
2301
2912
3097
2779
2091
1302
737
631
1004
1724
2496
3011
3058
2620
1866
1122
657
686
1173
1931
2668
3077
2985
2432
1653
959
620
767
1367
2143
2821
3107
2875
2241
1451
820
612
891
1551
2345
2945
3082
2741
2026
1252
722
644
1047
1778
2539
3032
3043
2567
1814
1075
652
700
1221
1988
2707
3083
2964
2385
1606
924
612
797
1411
2202
2853
3110
2840
2179
1390
790
610
932
1615
2389
2962
3083
2700
1980
1206
705
648
1082
1825
2589
3043
3027
2525
1767
1036
639
730
1265
2035
2754
3095
2931
2334
1542
880
609
833
1463
2252
2879
3096
2811
2131
1347
759
620
973
1667
2445
2989
3078
2658
1920
1159
679
670
1131
1876
2629
3063
3002
2484
1705
993
631
747
1311
2093
2792
3099
2900
2286
1497
848
609
855
1518
2300
2916
3095
2772
2080
1305
738
634
1007
1728
2495
3011
3052
2621
1866
1109
665
683
1173
1938
2671
3076
2988
2435
1661
950
623
768
1361
2154
2824
3107
2870
2227
1444
820
607
901
1566
2345
2943
3087
2742
2027
1252
720
639
1048
1778
2543
3035
3042
2566
1808
1070
653
698
1218
1996
2708
3089
2955
2383
1592
922
610
802
1413
2197
2851
3106
2838
2177
1394
790
606
932
1613
2404
2959
3087
2701
1969
1207
702
650
1095
1830
2583
3045
3024
2528
1753
1035
629
726
1274
2049
2750
3094
2934
2332
1546
886
613
827
1466
2255
2878
3098
2799
2124
1342
760
620
969
1679
2457
2994
3062
2661
1916
1155
686
671
1130
1883
2639
3068
3004
2474
1687
990
628
746
1317
2099
2792
3098
2901
2285
1495
848
606
863
1519
2304
2911
3091
2769
2077
1296
723
629
1015
1728
2496
3017
3054
2607
1852
1112
664
697
1187
1932
2677
3072
2982
2427
1645
951
619
778
1367
2153
2821
3107
2875
2229
1441
818
606
903
1563
2351
2943
3088
2733
2021
1240
720
639
1054
1773
2547
3037
3036
2566
1811
1076
653
713
1224
1996
2722
3084
2956
2385
1597
908
608
808
1417
2205
2864
3109
2844
2181
1380
793
611
929
1627
2402
2964
3072
2685
1966
1206
689
654
1090
1836
2586
3047
3023
2527
1749
1022
633
732
1275
2045
2749
3095
2930
2321
1545
877
609
843
1467
2263
2888
3098
2801
2117
1346
760
620
975
1675
2459
2995
3062
2651
1920
1152
680
670
1134
1887
2638
3063
3007
2478
1692
994
616
752
1327
2101
2789
3096
2907
2280
1494
854
609
872
1514
2317
2910
3094
2769
2067
1291
742
631
1009
1726
2506
3015
3059
2608
1853
1115
657
694
1187
1952
2679
3079
2973
2425
1649
950
619
779
1370
2158
2821
3109
2869
2228
1434
823
605
903
1570
2360
2941
3086
2729
2015
1239
709
644
1052
1783
2546
3031
3036
2556
1795
1061
650
717
1229
2001
2725
3087
2955
2372
1590
909
607
813
1427
2211
2858
3106
2833
2171
1379
785
623
945
1622
2407
2979
3077
2692
1957
1193
690
658
1094
1840
2599
3042
3024
2520
1745
1026
636
717
1276
2049
2758
3091
2926
2325
1536
882
613
838
1473
2261
2891
3098
2800
2123
1328
760
617
976
1684
2456
3000
3068
2648
1911
1153
678
668
1141
1895
2639
3068
3001
2479
1694
984
619
765
1324
2109
2796
3095
2902
2270
1487
834
607
874
1528
2311
2923
3099
2773
2066
1287
741
627
1014
1731
2507
3011
3054
2611
1856
1104
656
689
1184
1950
2676
3075
2973
2423
1634
939
619
785
1372
2160
2830
3107
2872
2220
1435
808
610
897
1575
2364
2938
3088
2730
2011
1240
711
641
1053
1791
2556
3038
3033
2559
1797
1057
644
715
1230
2014
2722
3091
2959
2375
1581
907
612
813
1422
2215
2860
3108
2832
2169
1380
781
623
945
1630
2414
2973
3073
2687
1959
1193
689
663
1102
1845
2599
3052
3028
2516
1744
1022
628
733
1281
2060
2762
3094
2922
2327
1534
869
608
844
1473
2259
2893
3095
2796
2116
1332
762
623
980
1687
2463
2992
3067
2652
1909
1157
668
669
1140
1896
2638
3064
2991
2465
1690
979
619
762
1329
2104
2799
3096
2896
2273
1484
846
612
867
1523
2314
2919
3093
2761
2071
1287
728
627
1011
1734
2504
3017
3056
2606
1846
1103
664
691
1192
1960
2676
3075
2976
2414
1636
939
619
781
1371
2170
2833
3104
2863
2222
1432
809
609
909
1579
2363
2956
3082
2720
2013
1229
712
638
1063
1796
2556
3036
3032
2558
1797
1062
640
710
1233
2008
2717
3082
2957
2365
1584
906
608
811
1426
2222
2859
3108
2828
2170
1386
783
618
942
1638
2416
2974
3073
2683
1957
1195
694
657
1098
1852
2600
3057
3013
2507
1730
1024
631
731
1281
2062
2760
3097
2925
2326
1530
875
607
841
1472
2271
2892
3096
2805
2111
1327
764
615
981
1689
2465
2993
3070
2639
1894
1144
666
670
1146
1906
2636
3065
2994
2462
1688
979
622
763
1334
2110
2801
3092
2891
2267
1475
843
605
871
1531
2322
2923
3097
2760
2057
1283
731
629
1025
1747
2518
3014
3051
2597
1843
1099
665
693
1192
1957
2691
3076
2973
2414
1630
944
614
783
1384
2168
2833
3106
2864
2210
1426
810
610
907
1583
2370
2956
3086
2721
2012
1233
716
640
1057
1797
2560
3036
3036
2554
1784
1053
643
710
1236
2011
2728
3084
2955
2362
1574
901
613
812
1435
2224
2873
3107
2830
2164
1369
784
620
952
1639
2416
2977
3073
2682
1949
1180
694
662
1104
1851
2612
3057
3017
2509
1737
1011
633
739
1286
2066
2773
3098
2922
2317
1528
874
610
845
1481
2274
2894
3092
2790
2111
1328
747
621
978
1694
2462
3002
3065
2639
1896
1144
668
678
1150
1908
2651
3068
2996
2458
1689
974
624
759
1333
2124
2800
3094
2887
2259
1472
845
614
885
1533
2324
2923
3097
2763
2060
1281
730
633
1025
1743
2520
3027
3048
2593
1850
1094
657
693
1190
1955
2688
3075
2975
2405
1623
940
623
789
1384
2160
2831
3105
2864
2215
1420
810
608
909
1584
2377
2957
3082
2723
1999
1232
708
649
1061
1798
2558
3037
3032
2548
1790
1050
637
710
1246
2016
2726
3087
2940
2362
1576
901
609
821
1433
2220
2872
3104
2832
2162
1373
783
619
952
1644
2421
2974
3078
2680
1950
1182
691
660
1110
1853
2606
3052
3018
2502
1734
1015
629
741
1290
2072
2769
3098
2923
2313
1525
862
612
855
1481
2273
2906
3096
2790
2102
1326
750
624
993
1693
2476
3006
3066
2637
1887
1147
672
680
1149
1906
2649
3069
2992
2459
1681
975
622
759
1338
2120
2802
3098
2895
2260
1478
841
608
878
1535
2322
2938
3097
2749
2048
1273
730
633
1026
1743
2513
3023
3043
2596
1837
1089
652
689
1207
1964
2687
3074
2974
2408
1628
933
608
792
1380
2168
2842
3110
2864
2215
1412
815
609
918
1595
2373
2951
3083
2718
2001
1223
709
649
1075
1806
2565
3035
3037
2547
1780
1047
640
724
1247
2015
2734
3083
2943
2354
1561
905
613
819
1436
2229
2870
3106
2823
2149
1366
780
619
950
1646
2421
2989
3077
2680
1941
1183
696
659
1108
1854
2608
3054
3013
2496
1725
1013
627
743
1292
2077
2770
3093
2914
2305
1513
859
611
852
1491
2282
2904
3100
2790
2097
1314
751
634
989
1692
2479
3003
3063
2636
1885
1134
671
678
1150
1913
2653
3066
2996
2455
1681
975
624
760
1348
2129
2804
3096
2882
2251
1468
829
609
879
1545
2333
2934
3099
2751
2052
1268
723
642
1030
1757
2527
3026
3043
2588
1836
1092
648
699
1206
1967
2703
3087
2963
2400
1618
933
615
791
1394
2177
2843
3105
2850
2204
1416
804
611
921
1594
2388
2956
3086
2711
1998
1220
703
655
1072
1808
2568
3033
3039
2550
1776
1048
637
726
1245
2025
2740
3083
2941
2357
1561
898
613
823
1442
2232
2868
3106
2821
2149
1369
769
618
950
1649
2430
2989
3077
2668
1937
1178
676
662
1116
1864
2619
3055
3015
2500
1725
1001
632
740
1305
2077
2769
3095
2914
2299
1512
863
605
851
1495
2286
2901
3097
2792
2095
1315
743
636
995
1705
2484
3002
3067
2629
1888
1135
671
681
1160
1916
2660
3064
2988
2446
1664
968
623
764
1341
2130
2812
3094
2885
2254
1462
829
608
883
1541
2335
2939
3094
2755
2048
1259
723
637
1030
1751
2524
3025
3046
2590
1829
1082
654
699
1207
1978
2701
3086
2968
2403
1617
929
610
791
1397
2176
2843
3107
2849
2199
1417
802
609
922
1607
2382
2944
3083
2705
1990
1219
699
650
1073
1811
2569
3047
3036
2537
1775
1040
640
726
1253
2030
2741
3082
2943
2355
1563
886
608
824
1447
2243
2873
3102
2823
2149
1363
769
621
959
1653
2435
2984
3075
2665
1939
1175
683
661
1123
1863
2615
3053
3015
2497
1710
999
632
736
1298
2080
2769
3092
2913
2303
1514
859
608
851
1497
2287
2904
3100
2780
2086
1310
751
628
994
1707
2486
3005
3070
2626
1877
1130
670
681
1159
1919
2657
3074
2984
2441
1663
959
617
774
1342
2131
2810
3095
2883
2250
1464
834
613
896
1545
2329
2931
3097
2751
2038
1264
724
641
1030
1756
2523
3022
3046
2587
1823
1077
649
699
1214
1978
2698
3086
2960
2398
1615
934
606
782
1388
2178
2838
3103
2849
2197
1402
797
610
916
1602
2383
2953
3082
2707
1984
1221
706
648
1071
1814
2574
3043
3035
2534
1775
1041
642
721
1253
2027
2739
3090
2944
2339
1550
893
607
820
1445
2240
2874
3110
2822
2137
1354
765
622
966
1659
2437
2987
3075
2667
1925
1169
681
658
1125
1863
2619
3053
3015
2489
1718
1004
634
735
1301
2085
2781
3096
2909
2290
1508
858
609
854
1508
2288
2901
3093
2780
2092
1306
747
636
990
1702
2473
3003
3052
2625
1875
1116
670
682
1165
1929
2655
3075
2982
2442
1670
964
616
767
1357
2141
2809
3097
2884
2246
1454
831
609
891
1552
2340
2932
3095
2740
2037
1267
720
639
1036
1764
2527
3023
3045
2576
1825
1083
648
701
1214
1980
2699
3090
2966
2396
1604
927
604
800
1405
2189
2852
3102
2851
2187
1400
802
608
923
1605
2391
2965
3085
2709
1986
1210
700
649
1082
1811
2575
3046
3023
2534
1763
1040
639
727
1257
2026
2742
3099
2930
2342
1558
889
611
829
1456
2240
2883
3109
2812
2143
1358
767
617
963
1656
2443
2984
3073
2667
1936
1164
682
675
1124
1873
2618
3058
3007
2484
1710
1000
627
751
1307
2088
2782
3097
2917
2293
1507
873
612
863
1508
2288
2910
3095
2778
2085
1302
741
631
1001
1712
2484
3001
3057
2615
1872
1123
665
679
1181
1930
2667
3077
2986
2436
1656
965
621
772
1357
2138
2813
3109
2871
2238
1453
819
606
890
1556
2345
2944
3095
2745
2025
1253
726
641
1048
1768
2538
3027
3045
2574
1821
1074
649
703
1213
1986
2709
3084
2965
2395
1606
925
612
799
1412
2193
2848
3106
2842
2192
1399
787
613
927
1612
2390
2963
3087
2700
1981
1206
706
650
1082
1828
2578
3042
3025
2529
1764
1036
643
722
1260
2037
2749
3096
2935
2335
1551
886
605
828
1453
2241
2880
3094
2812
2139
1342
772
620
962
1668
2441
2985
3077
2655
1927
1162
678
673
1118
1879
2626
3062
3004
2482
1706
994
633
745
1312
2086
2783
3099
2903
2292
1507
855
618
865
1509
2302
2914
3097
2777
2082
1301
743
631
1000
1713
2501
3010
3055
2617
1872
1116
663
680
1177
1936
2667
3075
2987
2434
1654
954
623
770
1368
2149
2820
3109
2871
2246
1446
819
611
894
1568
2357
2942
3088
2737
2024
1255
720
643
1043
1777
2538
3036
3041
2564
1814
1071
646
701
1219
1986
2708
3085
2956
2380
1593
920
612
801
1411
2203
2849
3109
2845
2181
1394
789
613
932
1616
2407
2961
3082
2701
1981
1207
704
652
1084
1830
2590
3045
3028
2527
1760
1032
639
731
1261
2036
2751
3096
2938
2333
1545
886
614
832
1464
2252
2884
3095
2815
2134
1340
761
623
970
1667
2447
2995
3066
2659
1917
1161
677
669
1130
1887
2627
3067
3005
2475
1705
995
625
751
1311
2097
2788
3094
2902
2286
1491
846
610
858
1512
2300
2910
3101
2773
2076
1301
742
631
1003
1723
2495
3014
3053
2621
1865
1112
663
683
1171
1935
2669
3076
2988
2433
1647
954
623
768
1364
2148
2818
3103
2867
2232
1447
823
605
900
1566
2353
2945
3085
2733
2015
1251
720
640
1052
1776
2547
3038
3034
2569
1806
1072
653
700
1225
2001
2714
3086
2956
2384
1597
920
607
803
1412
2198
2853
3104
2843
2182
1394
792
612
930
1615
2400
2968
3086
2702
1965
1207
704
652
1091
1839
2591
3043
3022
2527
1755
1036
629
725
1274
2048
2748
3094
2935
2329
1540
884
608
834
1466
2249
2883
3093
2804
2131
1344
758
616
972
1674
2452
2993
3069
2656
1918
1153
686
672
1131
1890
2637
3066
3005
2476
1693
990
626
751
1317
2104
2789
3094
2902
2282
1497
849
610
861
1515
2304
2908
3091
2769
2076
1291
743
629
1012
1728
2498
3011
3058
2608
1857
1109
660
692
1181
1948
2679
3073
2986
2424
1643
955
624
783
1368
2153
2819
3105
2873
2229
1441
820
606
900
1555
2356
2942
3083
2727
2019
1245
726
644
1049
1778
2545
3038
3032
2568
1804
1074
650
716
1221
1998
2717
3085
2952
2383
1596
908
612
812
1416
2203
2861
3105
2840
2180
1385
788
613
929
1623
2401
2970
3075
2685
1971
1202
695
648
1095
1830
2588
3047
3026
2517
1745
1024
632
728
1272
2051
2754
3095
2932
2327
1548
886
614
839
1462
2260
2895
3096
2798
2122
1347
761
621
969
1680
2459
2996
3065
2647
1921
1155
679
666
1131
1887
2636
3064
3002
2478
1692
996
623
746
1324
2101
2793
3096
2902
2280
1482
855
614
873
1527
2317
2910
3092
2764
2068
1293
736
628
1011
1726
2502
3015
3054
2606
1851
1114
663
689
1187
1944
2680
3079
2978
2420
1634
955
623
777
1369
2163
2815
3105
2868
2230
1435
822
611
903
1579
2364
2939
3082
2731
2018
1246
715
641
1047
1789
2550
3032
3034
2559
1794
1057
639
710
1235
1997
2715
3084
2955
2377
1589
913
607
808
1425
2207
2860
3106
2830
2167
1378
793
622
941
1623
2418
2973
3078
2693
1954
1194
698
665
1089
1845
2600
3047
3023
2516
1745
1027
628
726
1274
2060
2761
3094
2924
2324
1538
884
608
837
1473
2266
2894
3098
2803
2118
1338
757
622
979
1685
2452
2992
3068
2651
1902
1150
682
668
1135
1900
2643
3069
3008
2464
1695
984
626
758
1319
2110
2792
3094
2902
2276
1485
843
611
872
1523
2316
2924
3098
2766
2065
1285
740
631
1014
1734
2503
3014
3057
2606
1858
1103
657
696
1182
1949
2677
3075
2976
2426
1633
940
623
779
1371
2159
2829
3102
2869
2218
1433
803
609
896
1581
2362
2955
3088
2729
2006
1231
715
641
1055
1785
2557
3038
3035
2559
1796
1063
638
721
1233
2009
2719
3086
2955
2373
1585
916
613
816
1423
2207
2865
3106
2829
2169
1379
779
619
944
1629
2414
2972
3073
2687
1954
1190
695
666
1103
1844
2597
3054
3022
2519
1743
1023
633
728
1283
2061
2763
3092
2921
2326
1539
869
605
843
1477
2264
2892
3095
2798
2123
1339
758
620
982
1690
2468
2994
3065
2647
1904
1155
667
672
1145
1896
2638
3066
2992
2464
1686
982
624
760
1322
2112
2800
3091
2889
2271
1485
844
613
873
1524
2320
2924
3094
2764
2057
1280
728
627
1021
1735
2507
3012
3053
2597
1851
1102
663
695
1192
1959
2684
3074
2976
2414
1635
946
620
778
1370
2172
2828
3103
2861
2223
1425
811
611
906
1575
2362
2954
3090
2721
2006
1229
717
642
1059
1797
2555
3033
3035
2558
1798
1062
640
713
1232
2006
2721
3083
2950
2362
1584
909
611
808
1422
2221
2862
3108
2836
2170
1378
780
617
942
1639
2412
2975
3073
2693
1955
1196
691
666
1103
1851
2593
3054
3016
2505
1732
1023
629
728
1283
2070
2761
3098
2924
2315
1522
872
608
840
1483
2274
2889
3098
2800
2111
1323
760
624
985
1684
2469
2991
3070
2638
1897
1141
668
673
1141
1903
2634
3068
2994
2464
1691
983
621
759
1337
2115
2803
3099
2891
2269
1472
839
611
855
1537
2324
2926
3099
2761
2056
1282
730
630
1019
1749
2514
3016
3056
2600
1849
1105
663
690
1195
1960
2690
3078
2972
2415
1627
942
616
779
1380
2171
2830
3108
2861
2208
1422
812
609
913
1586
2372
2953
3083
2719
2010
1227
710
638
1066
1794
2555
3033
3034
2558
1782
1054
638
712
1241
2016
2730
3089
2946
2362
1574
904
607
808
1430
2222
2875
3107
2828
2163
1373
781
621
953
1637
2416
2972
3076
2679
1947
1184
690
662
1100
1853
2604
3056
3017
2501
1736
1013
631
733
1285
2065
2763
3093
2923
2310
1522
874
612
845
1482
2273
2895
3089
2789
2106
1329
751
621
986
1690
2467
3006
3071
2639
1897
1139
673
679
1152
1908
2648
3066
2995
2458
1687
972
617
761
1339
2118
2802
3096
2895
2265
1475
837
614
882
1535
2324
2924
3091
2760
2062
1270
725
634
1020
1747
2517
3025
3046
2599
1836
1092
660
693
1190
1956
2689
3077
2975
2405
1629
941
619
793
1384
2172
2830
3105
2857
2210
1425
808
614
910
1585
2371
2954
3084
2717
1997
1231
716
652
1059
1794
2555
3034
3035
2545
1788
1047
638
709
1242
2018
2733
3085
2941
2359
1574
902
611
824
1435
2220
2873
3109
2820
2159
1370
780
624
951
1645
2424
2971
3077
2682
1946
1182
693
664
1114
1851
2609
3057
3011
2503
1724
1013
630
739
1291
2071
2770
3095
2921
2315
1525
871
609
854
1481
2277
2904
3097
2790
2096
1326
745
618
995
1695
2473
3007
3064
2638
1886
1143
674
684
1150
1903
2647
3065
2997
2454
1678
971
620
761
1334
2119
2800
3097
2894
2263
1475
845
608
884
1532
2316
2933
3092
2747
2049
1276
730
631
1025
1757
2517
3024
3046
2601
1835
1093
648
690
1204
1968
2683
3071
2964
2404
1621
932
608
784
1385
2169
2840
3108
2862
2213
1413
807
607
924
1593
2373
2951
3085
2722
1997
1219
714
649
1073
1804
2566
3029
3030
2548
1788
1052
631
719
1238
2015
2728
3085
2945
2352
1563
902
610
826
1442
2227
2868
3104
2820
2148
1363
778
617
952
1648
2423
2988
3076
2675
1936
1184
693
662
1113
1855
2610
3057
3012
2496
1723
1012
634
737
1292
2076
2770
3095
2913
2302
1513
860
606
851
1496
2282
2902
3098
2788
2102
1310
753
628
991
1690
2475
3005
3067
2638
1889
1136
671
679
1151
1918
2646
3069
2996
2454
1680
973
620
756
1343
2128
2803
3097
2883
2248
1467
828
611
883
1539
2337
2936
3098
2752
2048
1272
731
641
1037
1757
2529
3021
3045
2588
1838
1094
647
700
1207
1969
2704
3083
2965
2405
1617
931
607
790
1394
2180
2845
3104
2848
2204
1415
802
607
920
1606
2386
2956
3085
2713
2001
1225
699
655
1069
1805
2570
3045
3034
2549
1775
1047
638
720
1250
2027
2740
3083
2945
2352
1560
903
609
821
1444
2230
2872
3105
2820
2154
1367
772
617
949
1649
2436
2985
3075
2666
1937
1177
678
664
1115
1864
2616
3059
3015
2499
1727
1004
636
741
1303
2081
2767
3095
2912
2300
1516
863
607
848
1500
2286
2906
3094
2794
2096
1312
751
626
995
1709
2488
3001
3062
2632
1888
1131
674
681
1156
1915
2663
3067
2991
2449
1669
973
623
761
1346
2129
2811
3094
2883
2255
1464
829
613
882
1548
2335
2931
3096
2751
2049
1262
723
642
1036
1758
2524
3026
3047
2586
1825
1084
650
705
1205
1982
2697
3088
2965
2404
1614
930
608
792
1388
2182
2838
3104
2851
2202
1412
801
606
917
1604
2385
2954
3086
2709
1985
1223
700
649
1072
1818
2565
3046
3036
2535
1778
1049
643
720
1251
2030
2739
3085
2944
2356
1568
888
606
819
1446
2245
2872
3110
2822
2151
1365
772
621
961
1660
2438
2984
3074
2665
1940
1172
680
664
1121
1868
2616
3053
3011
2497
1717
1002
628
737
1306
2080
2780
3094
2909
2299
1516
863
607
849
1495
2295
2901
3097
2778
2092
1302
749
626
993
1699
2485
3001
3067
2629
1872
1129
675
679
1163
1924
2662
3076
2983
2444
1669
963
626
772
1357
2134
2813
3098
2886
2251
1466
834
612
888
1545
2335
2933
3096
2749
2039
1263
718
639
1031
1765
2525
3028
3042
2585
1824
1080
648
704
1212
1977
2697
3088
2964
2395
1617
922
611
789
1404
2187
2839
3110
2850
2194
1399
800
609
920
1609
2391
2961
3082
2707
1991
1210
704
648
1072
1819
2580
3046
3026
2535
1773
1042
638
723
1249
2025
2740
3097
2943
2341
1547
886
608
842
1456
2238
2871
3110
2809
2141
1357
764
618
960
1657
2437
2984
3072
2672
1927
1171
681
659
1122
1867
2617
3056
3016
2489
1717
1002
630
751
1303
2087
2783
3095
2914
2291
1505
859
615
867
1505
2292
2914
3093
2779
2088
1306
748
627
1000
1712
2487
3004
3058
2628
1878
1119
672
682
1163
1930
2665
3073
2984
2437
1656
962
619
768
1357
2144
2814
3107
2881
2247
1457
830
608
892
1557
2343
2936
3096
2739
2042
1264
718
638
1043
1765
2536
3026
3045
2579
1816
1078
646
700
1207
1988
2708
3088
2963
2394
1604
918
608
804
1403
2192
2851
3105
2849
2190
1401
800
610
929
1615
2397
2963
3084
2697
1976
1214
700
652
1080
1825
2576
3045
3027
2536
1769
1045
639
728
1264
2041
2742
3100
2934
2340
1551
888
607
834
1453
2243
2884
3098
2809
2144
1355
765
624
958
1669
2445
2985
3075
2661
1930
1161
681
674
1120
1876
2624
3061
3002
2483
1700
992
631
745
1307
2089
2780
3096
2914
2295
1505
849
607
866
1503
2294
2912
3097
2780
2081
1305
736
631
1004
1716
2484
3001
3055
2621
1864
1122
658
679
1173
1928
2666
3076
2982
2434
1659
961
617
772
1358
2140
2823
3108
2871
2239
1451
820
612
889
1553
2341
2941
3094
2741
2025
1248
721
642
1046
1774
2539
3023
3045
2582
1813
1072
651
702
1208
1990
2708
3084
2966
2379
1603
920
608
797
1400
2188
2857
3103
2841
2195
1391
794
610
928
1620
2395
2965
3085
2697
1980
1203
699
651
1078
1831
2590
3046
3028
2525
1762
1032
641
732
1265
2039
2750
3094
2935
2334
1541
877
611
833
1467
2253
2882
3097
2814
2127
1344
768
616
969
1665
2442
2985
3072
2655
1924
1161
680
674
1129
1873
2629
3063
3005
2484
1705
990
626
751
1314
2090
2781
3094
2903
2281
1497
850
608
856
1516
2305
2910
3097
2770
2077
1300
742
626
1005
1717
2496
3011
3058
2618
1862
1113
659
680
1170
1938
2667
3079
2984
2435
1653
955
619
773
1365
2151
2824
3107
2873
2243
1445
823
610
888
1570
2352
2947
3084
2739
2027
1251
719
639
1045
1772
2544
3033
3047
2566
1807
1071
651
704
1220
1988
2711
3088
2951
2383
1596
919
608
798
1412
2201
2856
3103
2841
2183
1394
783
608
936
1616
2403
2961
3084
2697
1977
1206
702
648
1086
1824
2590
3048
3023
2529
1758
1034
639
731
1274
2047
2748
3098
2935
2336
1545
882
608
834
1461
2254
2879
3098
2809
2132
1342
758
619
975
1671
2444
2995
3064
2660
1915
1162
685
673
1132
1889
2631
3061
3003
2476
1700
991
632
750
1310
2099
2790
3097
2903
2283
1490
853
610
865
1515
2306
2912
3099
2771
2083
1293
738
627
1004
1729
2499
3016
3058
2621
1853
1113
660
683
1172
1942
2667
3071
2987
2436
1648
949
622
780
1364
2153
2810
3107
2872
2227
1445
821
607
901
1560
2349
2942
3086
2730
2019
1251
721
643
1048
1771
2546
3036
3033
2566
1808
1074
651
702
1220
1997
2721
3087
2953
2389
1599
919
610
802
1411
2204
2853
3103
2840
2179
1392
792
613
934
1616
2407
2967
3079
2696
1973
1206
700
647
1094
1838
2585
3044
3019
2526
1756
1036
632
727
1276
2047
2749
3095
2934
2335
1546
881
608
830
1468
2251
2877
3092
2802
2131
1341
758
620
972
1674
2458
2996
3068
2641
1916
1150
683
666
1129
1886
2639
3066
3004
2475
1696
993
618
751
1317
2093
2791
3097
2901
2284
1495
849
609
866
1521
2312
2912
3096
2771
2081
1291
740
630
1011
1722
2496
3015
3057
2607
1859
1114
662
692
1186
1948
2680
3078
2976
2425
1647
952
620
781
1370
2149
2822
3105
2875
2229
1442
820
608
898
1565
2351
2941
3090
2729
2016
1240
711
642
1052
1773
2545
3033
3038
2564
1808
1070
647
713
1236
1994
2720
3084
2953
2371
1593
912
608
809
1426
2209
2860
3108
2842
2173
1385
793
608
946
1626
2406
2971
3071
2687
1965
1206
688
666
1093
1838
2588
3045
3023
2517
1749
1020
631
730
1273
2047
2761
3106
2931
2323
1535
885
608
844
1464
2259
2890
3098
2799
2120
1335
758
623
976
1682
2453
2993
3067
2649
1909
1150
681
670
1140
1892
2641
3061
3004
2476
1694
992
624
751
1326
2103
2794
3097
2908
2283
1485
837
612
876
1527
2313
2922
3092
2769
2066
1294
742
628
1011
1726
2511
3018
3055
2611
1856
1100
662
689
1184
1946
2675
3074
2977
2421
1635
955
619
782
1370
2161
2819
3104
2875
2223
1427
824
608
902
1573
2364
2945
3083
2729
2018
1244
708
642
1053
1789
2544
3035
3038
2558
1798
1058
645
712
1237
2007
2720
3085
2953
2372
1586
914
613
812
1421
2213
2861
3107
2829
2168
1378
792
618
940
1623
2410
2975
3072
2691
1959
1191
694
666
1089
1847
2602
3047
3028
2518
1744
1024
628
731
1270
2058
2763
3094
2922
2329
1536
874
606
839
1477
2264
2893
3095
2801
2120
1334
757
619
981
1688
2463
2994
3069
2649
1906
1153
680
673
1142
1895
2638
3063
3007
2467
1697
981
620
766
1327
2108
2792
3096
2889
2274
1482
839
613
874
1526
2315
2924
3093
2770
2071
1281
730
632
1010
1732
2504
3016
3055
2608
1857
1105
658
689
1188
1943
2682
3077
2973
2419
1636
943
620
781
1370
2165
2831
3105
2872
2216
1434
809
609
906
1574
2364
2954
3085
2730
2013
1234
714
639
1061
1784
2557
3031
3035
2556
1804
1064
640
715
1234
2008
2717
3088
2958
2375
1584
916
607
811
1424
2207
2862
3108
2837
2167
1386
779
621
941
1625
2413
2975
3073
2690
1955
1196
688
663
1099
1846
2597
3055
3024
2512
1745
1028
634
732
1284
2058
2760
3099
2924
2324
1533
869
607
844
1472
2261
2892
3098
2797
2123
1338
756
619
983
1683
2467
2994
3068
2651
1906
1145
670
674
1140
1893
2635
3068
2993
2468
1685
980
617
759
1322
2108
2800
3092
2895
2276
1485
836
613
874
1522
2324
2926
3098
2758
2059
1281
726
628
1022
1733
2506
3011
3059
2595
1850
1107
657
690
1198
1959
2679
3075
2974
2413
1637
943
622
783
1374
2172
2830
3108
2860
2220
1425
812
610
911
1581
2364
2959
3085
2718
2005
1227
711
638
1065
1795
2559
3032
3034
2555
1791
1060
641
714
1230
2008
2720
3085
2952
2363
1583
898
614
808
1423
2222
2866
3108
2835
2174
1382
782
623
944
1640
2413
2976
3077
2689
1962
1190
690
660
1099
1849
2602
3058
3017
2507
1736
1026
629
741
1283
2068
2759
3094
2925
2312
1522
875
608
843
1482
2271
2893
3097
2810
2112
1321
760
619
977
1692
2466
2993
3069
2640
1898
1142
675
674
1138
1909
2641
3068
2994
2463
1685
986
618
757
1334
2115
2802
3095
2891
2263
1473
838
608
873
1531
2319
2928
3093
2763
2057
1284
726
628
1022
1744
2512
3013
3056
2599
1845
1104
665
694
1195
1956
2686
3078
2977
2416
1625
949
617
777
1384
2171
2829
3104
2863
2214
1427
812
612
914
1582
2375
2952
3087
2715
2012
1232
713
643
1057
1799
2556
3035
3038
2559
1788
1054
643
710
1245
2012
2730
3086
2944
2364
1574
904
609
808
1436
2225
2872
3104
2833
2158
1375
781
621
952
1632
2415
2974
3073
2676
1950
1185
694
658
1098
1859
2605
3053
3013
2503
1735
1011
633
741
1296
2071
2769
3097
2922
2315
1526
869
607
836
1484
2276
2894
3098
2789
2109
1322
748
621
981
1692
2463
3004
3063
2636
1896
1145
669
682
1151
1908
2649
3066
2994
2457
1675
970
619
763
1334
2123
2800
3094
2897
2260
1473
843
609
883
1535
2327
2924
3093
2758
2058
1275
733
632
1026
1748
2515
3026
3048
2595
1832
1089
662
696
1194
1960
2689
3075
2973
2406
1626
933
622
789
1385
2169
2844
3105
2857
2212
1425
808
612
914
1583
2372
2957
3082
2716
2001
1233
715
654
1059
1809
2567
3035
3033
2546
1791
1042
646
715
1243
2020
2729
3086
2945
2367
1576
901
609
821
1429
2226
2873
3108
2823
2159
1371
782
617
950
1650
2423
2970
3073
2678
1947
1182
691
663
1109
1854
2607
3053
3013
2502
1736
1012
628
739
1292
2071
2773
3099
2924
2314
1524
868
608
852
1487
2287
2904
3093
2788
2101
1322
751
616
996
1697
2475
3006
3068
2641
1884
1140
673
679
1153
1908
2647
3068
2992
2456
1679
975
624
756
1333
2118
2799
3093
2891
2260
1466
839
609
887
1548
2328
2932
3099
2751
2049
1272
728
633
1035
1753
2517
3026
3047
2589
1840
1094
642
691
1198
1965
2686
3073
2962
2408
1625
928
607
793
1386
2172
2844
3105
2864
2213
1415
803
610
924
1597
2383
2945
3086
2721
1996
1223
715
647
1074
1805
2568
3032
3034
2544
1774
1052
645
725
1247
2016
2734
3083
2946
2350
1565
904
606
820
1444
2232
2874
3104
2823
2154
1362
783
617
949
1647
2427
2985
3076
2681
1937
1180
684
662
1111
1858
2605
3058
3013
2497
1721
1017
633
742
1292
2081
2770
3094
2911
2305
1519
865
610
855
1494
2284
2905
3096
2791
2102
1312
747
635
995
1691
2475
3000
3064
2639
1882
1133
668
682
1155
1918
2646
3069
2995
2453
1679
974
619
757
1344
2130
2799
3091
2884
2252
1465
831
607
885
1540
2332
2934
3094
2752
2050
1270
730
641
1035
1757
2521
3021
3046
2590
1838
1094
655
699
1205
1971
2696
3086
2961
2408
1617
931
612
792
1395
2178
2844
3110
2852
2199
1409
803
614
920
1598
2381
2953
3083
2708
1999
1226
705
645
1068
1799
2565
3042
3033
2542
1772
1053
641
725
1252
2025
2738
3085
2944
2354
1567
902
607
821
1447
2232
2869
3106
2818
2150
1362
768
627
956
1645
2434
2986
3075
2669
1939
1176
679
661
1112
1863
2614
3053
3014
2499
1726
1002
628
736
1302
2081
2771
3094
2911
2301
1516
859
608
854
1496
2283
2900
3093
2789
2091
1312
742
627
987
1702
2486
2997
3066
2627
1887
1135
674
681
1166
1913
2660
3065
2997
2444
1669
962
620
758
1346
2130
2809
3092
2878
2250
1467
828
609
884
1547
2331
2934
3093
2747
2049
1267
723
645
1035
1753
2525
3027
3043
2586
1828
1081
652
699
1208
1976
2700
3085
2965
2401
1618
931
613
787
1389
2178
2839
3102
2850
2199
1411
805
611
917
1606
2386
2956
3080
2711
1991
1222
702
650
1070
1819
2565
3044
3036
2533
1775
1041
640
719
1250
2028
2739
3082
2941
2342
1561
888
611
824
1442
2241
2869
3108
2821
2153
1362
771
619
962
1653
2432
2984
3071
2667
1936
1173
682
662
1123
1865
2619
3054
3012
2496
1715
1004
627
734
1305
2083
2777
3095
2912
2301
1514
865
613
851
1497
2292
2900
3093
2779
2091
1299
746
628
992
1706
2488
3005
3068
2628
1879
1135
674
678
1166
1923
2661
3074
2988
2443
1664
964
623
767
1353
2130
2813
3100
2884
2247
1465
826
612
887
1545
2337
2934
3097
2751
2035
1264
717
640
1031
1762
2524
3025
3047
2584
1828
1084
646
704
1213
1973
2696
3085
2966
2397
1613
921
612
785
1401
2191
2839
3109
2847
2190
1405
797
608
922
1605
2396
2962
3087
2711
1986
1210
700
645
1069
1813
2578
3044
3018
2533
1771
1042
639
722
1248
2029
2741
3094
2946
2338
1554
886
606
833
1455
2240
2874
3104
2810
2139
1357
766
620
964
1656
2433
2983
3077
2665
1930
1174
682
659
1121
1866
2621
3056
3013
2484
1716
1001
630
750
1304
2086
2776
3092
2911
2290
1501
861
610
859
1506
2293
2903
3098
2780
2090
1301
752
630
1000
1715
2485
3003
3051
2628
1872
1122
669
682
1166
1929
2671
3073
2984
2432
1656
963
618
765
1357
2136
2811
3107
2881
2246
1451
834
614
887
1551
2343
2933
3097
2737
2034
1261
724
638
1042
1765
2533
3026
3048
2578
1815
1080
652
699
1211
1981
2707
3087
2961
2393
1605
922
609
798
1404
2188
2851
3109
2853
2189
1399
797
610
922
1615
2393
2962
3087
2699
1980
1213
700
647
1080
1829
2579
3042
3020
2537
1768
1043
646
724
1263
2040
2748
3095
2935
2342
1555
888
606
829
1456
2243
2880
3096
2816
2139
1354
767
622
965
1670
2448
2984
3074
2659
1929
1163
680
673
1127
1872
2628
3057
3004
2482
1714
991
633
751
1303
2093
2782
3095
2899
2294
1507
848
609
861
1501
2291
2910
3096
2781
2093
1305
736
624
1003
1715
2489
3014
3051
2616
1863
1118
659
685
1169
1923
2669
3074
2981
2434
1654
962
622
766
1356
2144
2819
3104
2868
2240
1449
820
614
894
1558
2340
2943
3097
2741
2031
1254
720
639
1041
1777
2539
3027
3044
2578
1820
1071
646
701
1211
1985
2707
3084
2959
2387
1604
909
613
806
1398
2187
2851
3105
2840
2186
1394
791
610
934
1612
2397
2962
3082
2701
1976
1201
701
653
1082
1825
2589
3047
3022
2527
1768
1035
643
723
1264
2042
2747
3093
2934
2333
1542
885
612
827
1464
2253
2882
3098
2810
2129
1341
758
619
975
1668
2441
2980
3073
2659
1928
1165
678
675
1138
1875
2627
3067
3002
2483
1706
989
629
746
1314
2085
2781
3097
2899
2285
1496
850
606
858
1511
2303
2911
3096
2767
2078
1304
738
631
1000
1715
2499
3015
3056
2615
1861
1115
661
679
1172
1939
2666
3071
2986
2431
1660
959
617
772
1365
2148
2821
3107
2871
2242
1445
824
607
888
1565
2353
2947
3087
2739
2022
1250
724
636
1045
1779
2551
3032
3043
2569
1806
1067
650
706
1220
1984
2712
3089
2952
2382
1592
921
609
796
1417
2205
2851
3105
2840
2181
1393
792
607
930
1613
2405
2965
3085
2695
1979
1206
700
648
1080
1830
2591
3046
3022
2524
1760
1034
642
731
1270
2048
2750
3094
2934
2333
1542
883
611
826
1464
2251
2884
3099
2810
2124
1341
761
621
968
1666
2443
2994
3067
2658
1915
1159
685
667
1128
1884
2625
3063
3003
2475
1704
998
627
749
1313
2103
2791
3098
2900
2286
1498
849
607
862
1518
2300
2912
3095
2770
2077
1296
737
630
1013
1726
2498
3015
3052
2620
1852
1108
662
687
1169
1939
2667
3070
2986
2436
1645
949
623
781
1369
2148
2818
3106
2880
2236
1446
817
606
903
1568
2353
2942
3087
2726
2017
1241
718
637
1048
1780
2545
3032
3031
2571
1803
1072
646
699
1223
2001
2721
3081
2955
2381
1598
921
610
798
1412
2203
2850
3108
2839
2176
1394
791
610
932
1617
2404
2964
3075
2698
1965
1206
690
652
1088
1836
2588
3046
3027
2527
1756
1034
629
730
1270
2046
2745
3098
2928
2330
1542
882
613
832
1467
2250
2884
3096
2800
2130
1338
761
617
969
1678
2454
2993
3066
2646
1918
1149
680
669
1128
1888
2637
3063
3000
2474
1690
992
616
748
1316
2098
2789
3098
2902
2280
1495
847
609
864
1518
2314
2913
3094
2773
2071
1293
735
632
1007
1722
2498
3015
3052
2604
1853
1108
656
692
1186
1942
2681
3075
2986
2423
1645
950
624
782
1362
2146
2819
3106
2874
2228
1443
820
611
897
1561
2355
2942
3086
2733
2021
1244
713
641
1051
1776
2545
3034
3031
2566
1809
1072
653
715
1217
1998
2723
3081
2956
2375
1594
907
611
806
1424
2210
2857
3107
2841
2167
1382
793
623
938
1623
2406
2974
3074
2689
1967
1206
688
659
1095
1842
2590
3043
3019
2516
1749
1020
632
726
1275
2047
2763
3094
2930
2325
1535
881
610
841
1467
2259
2889
3096
2801
2119
1336
754
616
969
1679
2457
2996
3065
2646
1903
1155
683
667
1145
1899
2640
3064
3001
2472
1694
980
623
749
1322
2101
2793
3095
2906
2282
1481
840
610
874
1527
2310
2922
3098
2769
2067
1294
737
628
1015
1736
2506
3010
3056
2614
1857
1102
661
695
1183
1944
2679
3078
2972
2426
1632
950
624
782
1367
2160
2822
3107
2868
2222
1435
821
604
903
1577
2365
2942
3085
2728
2015
1244
706
641
1054
1785
2545
3030
3035
2558
1795
1056
642
708
1237
2002
2715
3086
2953
2371
1583
910
613
809
1421
2213
2862
3104
2831
2173
1384
788
623
940
1622
2418
2972
3074
2688
1953
1191
694
664
1096
1847
2596
3045
3026
2515
1741
1027
628
726
1276
2054
2758
3095
2917
2325
1532
874
611
840
1473
2262
2895
3093
2799
2121
1338
762
618
981
1686
2462
2994
3067
2647
1903
1154
681
665
1140
1898
2641
3063
3002
2464
1692
987
619
758
1325
2109
2787
3095
2895
2276
1481
843
612
874
1524
2311
2924
3099
2770
2072
1280
725
629
1014
1734
2503
3009
3052
2608
1857
1102
657
695
1182
1946
2679
3079
2973
2418
1633
936
619
781
1370
2165
2829
3106
2863
2222
1432
807
606
914
1575
2363
2951
3085
2734
2008
1228
714
643
1065
1785
2554
3033
3036
2559
1794
1058
644
717
1232
2010
2721
3086
2957
2371
1584
908
613
814
1426
2210
2860
3106
2826
2170
1381
781
618
943
1636
2414
2971
3078
2688
1960
1194
689
658
1102
1851
2598
3058
3024
2514
1741
1021
627
730
1282
2059
2758
3095
2923
2325
1532
870
609
839
1472
2263
2895
3097
2803
2117
1331
761
621
985
1685
2474
2990
3063
2645
1895
1139
669
676
1146
1899
2637
3067
2991
2470
1685
981
619
764
1328
2111
2802
3094
2893
2277
1484
839
610
877
1527
2323
2920
3096
2763
2061
1287
731
628
1025
1735
2505
3013
3056
2600
1851
1107
660
689
1198
1959
2686
3077
2978
2413
1634
940
623
783
1384
2175
2832
3105
2864
2223
1424
807
610
913
1586
2364
2954
3087
2720
2009
1235
710
638
1065
1798
2560
3035
3034
2556
1798
1060
641
715
1233
2012
2721
3086
2953
2364
1577
902
614
813
1421
2218
2863
3105
2834
2161
1379
778
621
946
1638
2410
2976
3076
2685
1951
1196
689
664
1104
1850
2595
3054
3016
2503
1737
1025
627
728
1287
2067
2758
3095
2921
2312
1525
870
606
844
1484
2272
2892
3096
2796
2108
1322
762
622
984
1685
2465
2992
3065
2640
1898
1143
669
671
1140
1905
2646
3064
2994
2462
1688
979
618
759
1338
2120
2800
3095
2891
2262
1475
837
604
867
1537
2323
2923
3091
2758
2062
1287
732
629
1027
1746
2514
3028
3054
2597
1850
1091
662
689
1197
1958
2690
3073
2973
2417
1631
939
618
782
1383
2171
2828
3106
2859
2210
1425
812
613
908
1587
2370
2950
3088
2721
2006
1232
715
645
1059
1796
2558
3038
3035
2558
1788
1047
637
706
1242
2010
2731
3083
2940
2362
1574
897
604
807
1434
2224
2867
3108
2826
2159
1367
780
619
955
1640
2425
2974
3076
2676
1945
1185
692
657
1097
1853
2607
3059
3014
2502
1734
1009
634
738
1291
2067
2772
3092
2926
2319
1527
872
611
839
1484
2270
2911
3097
2790
2107
1323
748
618
982
1694
2475
3007
3067
2635
1897
1142
674
677
1154
1905
2647
3063
2994
2453
1680
971
620
761
1333
2120
2801
3093
2892
2262
1470
843
610
876
1535
2326
2923
3099
2761
2056
1276
732
633
1025
1742
2514
3020
3042
2593
1839
1093
660
691
1193
1960
2690
3078
2971
2406
1625
934
622
793
1384
2171
2844
3106
2863
2206
1421
810
608
912
1585
2371
2951
3087
2722
1997
1234
715
647
1075
1805
2565
3039
3029
2545
1788
1048
640
715
1242
2013
2727
3088
2942
2362
1574
897
610
825
1435
2225
2872
3106
2824
2160
1371
778
624
948
1643
2426
2971
3076
2686
1945
1180
695
660
1114
1856
2602
3055
3013
2504
1722
1013
628
740
1295
2073
2769
3094
2916
2316
1521
872
612
847
1486
2284
2903
3091
2791
2099
1322
751
620
994
1691
2473
3004
3067
2635
1883
1129
667
680
1149
1905
2650
3061
2994
2455
1675
972
625
765
1344
2116
2801
3094
2892
2262
1461
839
612
884
1547
2324
2934
3097
2749
2046
1271
730
632
1038
1756
2519
3024
3045
2592
1835
1089
654
688
1206
1969
2688
3073
2964
2403
1616
933
607
788
1382
2182
2840
3104
2862
2209
1411
805
610
925
1598
2381
2957
3087
2720
1997
1222
710
649
1069
1808
2569
3037
3036
2544
1776
1051
644
722
1242
2016
2734
3087
2944
2354
1565
898
606
818
1442
2231
2873
3106
2819
2154
1369
765
619
953
1647
2422
2985
3076
2681
1938
1173
679
655
1111
1853
2610
3060
3016
2501
1727
1016
631
740
1298
2080
2769
3095
2915
2304
1514
863
612
854
1500
2289
2899
3094
2788
2098
1311
749
627
995
1691
2473
3003
3060
2639
1885
1130
666
676
1153
1918
2651
3064
2993
2452
1673
968
619
754
1342
2132
2803
3097
2881
2251
1460
827
611
886
1543
2333
2931
3093
2752
2050
1274
724
638
1032
1752
2520
3023
3047
2583
1839
1089
648
702
1207
1964
2699
3084
2964
2401
1616
932
611
793
1392
2184
2842
3108
2853
2199
1409
800
610
919
1598
2386
2951
3088
2709
2002
1220
702
650
1077
