--------------------------------------------------------------------------
Test Output
  6.66E+05 1.08E+08 2.05E+07 6.64E+05 4.16E+03 3.94E-15 3.50E+04 3.59E+06
     1.277E+03 1.270E+03
     3.76E+02 1.80E-02 4.58E+06 4.38E+10 3.02E+11 3.24E+10 2.23E+09 1.71E-11
     9.79E+04 1.23E+02 1.82E+02 9.00E+01 1.62E+01 4.87E+00 3.52E+06 7.85E+08

  3.36E+06 1.52E+08 1.40E+07 5.51E+05 1.87E+03 4.84E-15 5.23E+04 3.96E+06
     1.195E+03 1.189E+03
     3.90E+02 1.80E-02 2.31E+07 7.10E+10 2.85E+11 3.93E+10 1.65E+09 1.73E-11
     1.40E+05 1.23E+02 1.82E+02 9.00E+01 1.45E+01 4.67E+00 3.89E+06 9.68E+08

  7.34E+05 1.14E+08 2.03E+07 6.56E+05 3.79E+03 4.08E-15 3.25E+04 3.45E+06
     1.274E+03 1.267E+03
     3.76E+02 1.80E-02 5.05E+06 4.62E+10 3.02E+11 3.24E+10 2.06E+09 1.71E-11
     9.10E+04 1.23E+02 1.82E+02 9.00E+01 1.62E+01 4.90E+00 3.39E+06 7.59E+08

  6.45E+07 2.05E+11 5.62E+12 1.24E+12 5.69E+10 3.36E-10 1.04E+07 2.95E+05
     1.037E+03 2.051E+02
     3.76E+02 2.45E-02 4.58E+06 4.38E+10 3.02E+11 3.24E+10 2.23E+09 1.71E-11
     9.79E+04 1.23E+02 1.46E+02 9.00E+01 1.62E+01 4.78E+00 4.58E+09 7.85E+08

  1.86E+06 1.52E+08 1.71E+07 4.68E+05 1.86E+03 4.98E-15 6.16E+04 5.10E+06
     1.207E+03 1.205E+03
     3.94E+02 2.12E-02 1.22E+07 5.75E+10 2.41E+11 2.20E+10 9.77E+08 1.40E-11
     1.63E+05 1.23E+02 1.82E+02 9.00E+01 1.73E+01 4.43E+00 5.01E+06 1.04E+09

  8.91E+05 1.26E+08 1.76E+07 4.52E+05 2.68E+03 4.27E-15 3.68E+04 3.28E+06
     1.229E+03 1.224E+03
     3.76E+02 1.90E-02 6.15E+06 5.47E+10 3.02E+11 2.63E+10 1.80E+09 1.70E-11
     1.01E+05 1.23E+02 1.82E+02 9.00E+01 1.62E+01 4.90E+00 3.22E+06 7.59E+08

  5.62E+05 6.41E+07 1.17E+07 3.66E+05 1.60E+03 2.29E-15 5.29E+04 8.37E+05
     1.125E+03 1.123E+03
     3.72E+02 2.15E-02 3.98E+06 3.41E+10 3.02E+11 3.45E+10 2.01E+09 1.69E-11
     1.42E+05 1.23E+02 1.82E+02 9.00E+01 1.62E+01 6.11E+00 8.17E+05 2.28E+08

  3.53E+05 3.87E+07 4.26E+06 1.26E+05 4.26E+02 1.27E-15 9.06E+04 1.52E+06
     1.008E+03 1.005E+03
     3.59E+02 2.00E-02 2.78E+06 3.48E+10 2.93E+11 3.66E+10 2.23E+09 1.66E-11
     2.41E+05 1.23E+02 1.82E+02 9.00E+01 1.30E+01 5.03E+00 1.49E+06 6.54E+08

  6.71E+05 1.17E+08 2.37E+07 7.91E+05 5.23E+03 4.37E-15 3.25E+04 4.82E+06
     1.332E+03 1.322E+03
     3.76E+02 1.70E-02 4.60E+06 4.42E+10 3.02E+11 3.24E+10 2.23E+09 1.71E-11
     9.26E+04 1.23E+02 1.82E+02 9.00E+01 1.62E+01 4.63E+00 4.74E+06 1.00E+09

  5.57E+05 1.11E+08 3.79E+07 1.70E+06 1.23E+04 4.87E-15 2.68E+04 3.16E+06
     1.384E+03 1.373E+03
     4.20E+02 1.68E-02 3.45E+06 3.11E+10 3.02E+11 4.12E+10 2.77E+09 1.72E-11
     7.20E+04 1.23E+02 1.82E+02 9.00E+01 1.62E+01 5.31E+00 3.09E+06 4.99E+08

  1.37E+14 0.00E+00 2.04E+19 5.47E+18 2.44E+17 1.26E-03 0.00E+00 0.00E+00
     1.037E+03 2.815E+02
     3.76E+02 2.40E-02 3.45E+06 3.11E+10 3.02E+11 4.12E+10 2.77E+09 1.72E-11
     7.20E+04 1.23E+02 1.46E+02 9.00E+01 1.59E+01 5.31E+00 1.17E+15 4.99E+08

  4.41E+13 0.00E+00 6.57E+18 1.76E+18 7.85E+16 4.04E-04 0.00E+00 0.00E+00
     1.037E+03 2.274E+02
     3.76E+02 2.40E-02 3.45E+06 3.11E+10 3.02E+11 4.12E+10 2.77E+09 1.72E-11
     7.20E+04 1.23E+02 1.46E+02 9.00E+01 1.59E+01 5.31E+00 1.17E+15 4.99E+08

  2.12E+12 0.00E+00 3.16E+17 8.47E+16 3.77E+15 1.94E-05 0.00E+00 0.00E+00
     1.037E+03 2.374E+02
     3.76E+02 2.40E-02 3.45E+06 3.11E+10 3.02E+11 4.12E+10 2.77E+09 1.72E-11
     7.20E+04 1.23E+02 1.46E+02 9.00E+01 1.59E+01 5.31E+00 1.17E+15 4.99E+08

  1.40E+11 0.00E+00 2.09E+16 5.61E+15 2.50E+14 1.29E-06 0.00E+00 0.00E+00
     1.037E+03 2.799E+02
     3.76E+02 2.40E-02 3.45E+06 3.11E+10 3.02E+11 4.12E+10 2.77E+09 1.72E-11
     7.20E+04 1.23E+02 1.46E+02 9.00E+01 1.59E+01 5.31E+00 1.17E+15 4.99E+08

  1.25E+10 0.00E+00 1.86E+15 4.98E+14 2.25E+13 1.14E-07 0.00E+00 0.00E+00
     1.037E+03 2.157E+02
     3.76E+02 2.40E-02 4.58E+06 4.38E+10 3.02E+11 3.24E+10 2.23E+09 1.71E-11
     9.79E+04 1.23E+02 1.46E+02 9.00E+01 1.59E+01 4.78E+00 6.61E+10 7.85E+08

  5.02E+05 1.07E+08 5.69E+07 3.80E+06 2.71E+04 5.76E-15 2.22E+04 3.21E+06
     1.434E+03 1.423E+03
     4.64E+02 1.67E-02 2.85E+06 2.30E+10 3.02E+11 5.85E+10 3.51E+09 1.80E-11
     5.68E+04 1.23E+02 1.82E+02 9.00E+01 1.62E+01 5.51E+00 3.14E+06 4.01E+08

  4.99E+07 1.32E+11 4.37E+12 1.03E+12 4.68E+10 2.64E-10 7.73E+06 1.82E+05
     1.037E+03 2.124E+02
     4.64E+02 2.82E-02 2.85E+06 2.30E+10 3.02E+11 5.85E+10 3.51E+09 1.80E-11
     5.68E+04 1.23E+02 1.36E+02 9.00E+01 1.62E+01 5.27E+00 2.25E+09 4.01E+08

 MSISE 90  12-MAR-90     15:09:04


 DAY           172          81         172         172         172
 UT         29000.      29000.      75000.      29000.      29000.
 ALT          400.        400.        400.        100.        400.
 LAT           60.         60.         60.         60.          0.
 LONG         -70.        -70.        -70.        -70.        -70.
 LST           16.         16.         16.         16.         16.
 F107A        150.        150.        150.        150.        150.
 F107         150.        150.        150.        150.        150.

 TINF      1277.31     1195.09     1273.80     1037.18     1207.30
 TG        1270.08     1188.75     1266.73      205.12     1204.56
 HE      6.665E+05   3.359E+06   7.345E+05   6.450E+07   1.864E+06
 O       1.080E+08   1.523E+08   1.136E+08   2.051E+11   1.518E+08
 N2      2.046E+07   1.404E+07   2.026E+07   5.625E+12   1.708E+07
 O2      6.639E+05   5.506E+05   6.559E+05   1.236E+12   4.677E+05
 AR      4.161E+03   1.873E+03   3.792E+03   5.694E+10   1.864E+03
 H       3.497E+04   5.228E+04   3.254E+04   1.037E+07   6.163E+04
 N       3.587E+06   3.963E+06   3.453E+06   2.954E+05   5.099E+06
 RHO     3.944E-15   4.841E-15   4.078E-15   3.363E-10   4.982E-15


 DAY           172         172         172         172         172
 UT         29000.      29000.      29000.      29000.      29000.
 ALT          400.        400.        400.        400.        400.
 LAT           60.         60.         60.         60.         60.
 LONG           0.        -70.        -70.        -70.        -70.
 LST           16.          4.         16.         16.         16.
 F107A        150.        150.         70.        150.        150.
 F107         150.        150.        150.        180.        150.

 TINF      1228.82     1125.30     1007.50     1331.63     1384.07
 TG        1223.62     1122.95     1004.52     1321.54     1373.50
 HE      8.908E+05   5.619E+05   3.532E+05   6.714E+05   5.569E+05
 O       1.260E+08   6.413E+07   3.868E+07   1.169E+08   1.109E+08
 N2      1.764E+07   1.169E+07   4.258E+06   2.374E+07   3.791E+07
 O2      4.519E+05   3.661E+05   1.256E+05   7.912E+05   1.697E+06
 AR      2.676E+03   1.604E+03   4.255E+02   5.233E+03   1.230E+04
 H       3.676E+04   5.290E+04   9.064E+04   3.251E+04   2.677E+04
 N       3.280E+06   8.371E+05   1.521E+06   4.823E+06   3.160E+06
 RHO     4.274E-15   2.289E-15   1.270E-15   4.366E-15   4.875E-15


 DAY           172         172         172         172         172
 UT         29000.      29000.      29000.      29000.      29000.
 ALT            0.         10.         30.         50.         70.
 LAT           60.         60.         60.         60.         60.
 LONG         -70.        -70.        -70.        -70.        -70.
 LST           16.         16.         16.         16.         16.
 F107A        150.        150.        150.        150.        150.
 F107         150.        150.        150.        150.        150.

 TINF      1037.18     1037.18     1037.18     1037.18     1037.18
 TG         281.46      227.42      237.44      279.90      215.67
 HE      1.369E+14   4.406E+13   2.118E+12   1.404E+11   1.252E+10
 O       0.000E+00   0.000E+00   0.000E+00   0.000E+00   0.000E+00
 N2      2.040E+19   6.566E+18   3.156E+17   2.092E+16   1.861E+15
 O2      5.473E+18   1.762E+18   8.466E+16   5.612E+15   4.978E+14
 AR      2.440E+17   7.854E+16   3.775E+15   2.502E+14   2.252E+13
 H       0.000E+00   0.000E+00   0.000E+00   0.000E+00   0.000E+00
 N       0.000E+00   0.000E+00   0.000E+00   0.000E+00   0.000E+00
 RHO     1.255E-03   4.040E-04   1.942E-05   1.287E-06   1.145E-07
--------------------------------------------------------------------------
End of File
Please acknowledge receipt.
