%Time [ms]	Commanded Torque [mNm]	Angular Velocity [RPM]	Actual Current [Amp]	%2/21/202410:11 AM
0.000	0.000	0.000	0.000
20.000	20.000	-28.784	0.003
30.000	20.000	-29.004	0.006
40.000	20.000	-29.150	0.003
50.000	20.000	-29.004	0.004
60.000	20.000	-28.857	0.006
70.000	20.000	-28.857	0.006
80.000	20.000	-29.297	0.004
90.000	20.000	-29.004	0.001
100.000	20.000	-28.857	0.004
110.000	20.000	-29.077	0.006
120.000	20.000	-29.077	0.004
130.000	20.000	-29.224	0.006
140.000	20.000	-29.004	0.007
150.000	20.000	-28.784	0.003
160.000	20.000	-29.224	0.006
170.000	20.000	-29.224	0.003
180.000	20.000	-28.784	0.002
190.000	20.000	-29.150	0.001
200.000	20.000	-29.224	0.004
210.000	20.000	-29.297	0.006
220.000	20.000	-29.150	0.008
230.000	20.000	-28.931	0.002
240.000	20.000	-29.150	0.012
250.000	20.000	-29.224	0.004
260.000	20.000	-29.004	0.006
270.000	20.000	-28.857	0.007
280.000	20.000	-28.931	0.006
290.000	20.000	-29.224	0.007
300.000	20.000	-28.931	0.004
310.000	20.000	-28.857	0.006
320.000	20.000	-29.150	0.006
330.000	20.000	-29.150	0.004
340.000	20.000	-29.077	0.006
350.000	20.000	-29.077	0.004
360.000	20.000	-28.857	0.004
370.000	20.000	-29.297	0.006
380.000	20.000	-29.297	0.004
390.000	20.000	-28.784	0.010
400.000	20.000	-29.004	0.004
410.000	20.000	-29.150	0.004
420.000	20.000	-29.077	0.006
430.000	20.000	-28.931	0.006
440.000	20.000	-28.931	0.004
450.000	20.000	-29.150	0.004
460.000	20.000	-29.150	0.003
470.000	20.000	-28.931	0.009
480.000	20.000	-28.784	0.006
490.000	20.000	-28.857	0.009
500.000	20.000	-29.224	0.006
510.000	20.000	-28.931	0.004
520.000	20.000	-28.711	0.007
530.000	20.000	-28.931	0.003
540.000	20.000	-28.784	0.009
550.000	20.000	-28.784	0.006
560.000	20.000	-28.711	0.006
570.000	20.000	-28.564	0.007
580.000	20.000	-29.004	0.004
590.000	20.000	-28.931	0.007
600.000	20.000	-28.491	0.006
610.000	20.000	-28.564	0.003
620.000	20.000	-28.564	0.004
630.000	20.000	-28.638	0.008
640.000	20.000	-28.638	0.002
650.000	20.000	-28.491	0.006
660.000	20.000	-28.418	0.006
670.000	20.000	-28.418	0.006
680.000	20.000	-28.491	0.012
690.000	20.000	-28.345	0.009
700.000	20.000	-28.345	0.007
710.000	20.000	-28.491	0.008
720.000	20.000	-28.345	0.008
730.000	20.000	-28.418	0.013
740.000	20.000	-28.418	0.008
750.000	20.000	-28.198	0.007
760.000	20.000	-28.198	0.007
770.000	20.000	-28.345	0.003
780.000	20.000	-28.125	0.004
790.000	20.000	-28.052	0.007
800.000	20.000	-28.125	0.002
810.000	20.000	-27.832	0.003
820.000	20.000	-27.905	-0.003
830.000	20.000	-27.979	0.006
840.000	20.000	-27.832	0.008
850.000	20.000	-27.832	0.006
860.000	20.000	-27.659	0.002
870.000	20.000	-27.578	0.002
880.000	20.000	-27.578	0.003
890.000	20.000	-27.651	0.004
900.000	20.000	-27.651	0.002
910.000	20.000	-27.651	0.006
920.000	20.000	-27.065	0.003
930.000	20.000	-27.065	0.003
940.000	20.000	-27.504	0.006
950.000	20.000	-27.531	0.003
960.000	20.000	-27.466	0.006
970.000	20.000	-27.100	0.006
980.000	20.000	-27.100	0.006
990.000	20.000	-27.100	0.002
1000.000	20.000	-26.953	0.006
1010.000	20.000	-26.953	0.006
1020.000	20.000	-27.246	0.004
1030.000	20.000	-27.539	0.085
1040.000	20.000	-27.539	0.085
1050.000	20.000	-29.663	0.279
1060.000	20.000	-36.548	0.531
1070.000	20.000	-36.548	0.531
1080.000	20.000	-39.990	0.599
1090.000	20.000	-44.312	0.684
1100.000	20.000	-44.312	0.684
1110.000	20.000	-45.044	0.711
1120.000	20.000	-45.410	0.750
1130.000	20.000	-45.410	0.750
1140.000	20.000	-45.190	0.753
1150.000	20.000	-43.140	0.766
1160.000	20.000	-40.137	0.773
1170.000	20.000	-37.134	0.781
1180.000	20.000	-34.937	0.783
1190.000	20.000	-33.472	0.781
1200.000	20.000	-32.666	0.784
1210.000	20.000	-34.570	0.787
1220.000	20.000	-36.255	0.786
1230.000	20.000	-38.599	0.791
1240.000	20.000	-45.044	0.786
1250.000	20.000	-45.044	0.786
1260.000	20.000	-48.413	0.792
1270.000	20.000	-53.540	0.788
1280.000	20.000	-53.540	0.788
1290.000	20.000	-55.225	0.783
1300.000	20.000	-56.030	0.789
1310.000	20.000	-54.639	0.792
1320.000	20.000	-53.247	0.792
1330.000	20.000	-51.636	0.792
1340.000	20.000	-49.146	0.791
1350.000	20.000	-46.362	0.789
1360.000	20.000	-43.359	0.786
1370.000	20.000	-41.016	0.792
1380.000	20.000	-38.525	0.789
1390.000	20.000	-37.280	0.783
1400.000	20.000	-36.475	0.789
1410.000	20.000	-36.108	0.800
1420.000	20.000	-36.841	0.783
1430.000	20.000	-36.914	0.789
1440.000	20.000	-37.427	0.795
1450.000	20.000	-37.720	0.800
1460.000	20.000	-38.159	0.803
1470.000	20.000	-38.159	0.788
1480.000	20.000	-38.745	0.787
1490.000	20.000	-39.111	0.789
1500.000	20.000	-38.892	0.791
1510.000	20.000	-39.697	0.798
1520.000	20.000	-39.990	0.787
1530.000	20.000	-40.503	0.800
1540.000	20.000	-40.430	0.791
1550.000	20.000	-40.796	0.791
1560.000	20.000	-41.016	0.788
1570.000	20.000	-41.675	0.789
1580.000	20.000	-42.261	0.786
1590.000	20.000	-42.627	0.784
1600.000	20.000	-43.433	0.789
1610.000	20.000	-44.531	0.788
1620.000	20.000	-44.751	0.793
1630.000	20.000	-45.557	0.791
1640.000	20.000	-45.850	0.789
1650.000	20.000	-45.850	0.789
1660.000	20.000	-46.802	0.784
1670.000	20.000	-46.802	0.788
1680.000	20.000	-47.607	0.786
1690.000	20.000	-48.633	0.791
1700.000	20.000	-48.706	0.791
1710.000	20.000	-49.146	0.791
1720.000	20.000	-49.365	0.791
1730.000	20.000	-49.365	0.791
1740.000	20.000	-49.585	0.787
1750.000	20.000	-49.878	0.792
1760.000	20.000	-50.537	0.788
1770.000	20.000	-50.684	0.788
1780.000	20.000	-51.123	0.789
1790.000	20.000	-50.610	0.783
1800.000	20.000	-50.098	0.787
1810.000	20.000	-49.658	0.788
1820.000	20.000	-50.244	0.799
1830.000	20.000	-50.830	0.791
1840.000	20.000	-51.343	0.789
1850.000	20.000	-51.489	0.802
1860.000	20.000	-51.196	0.789
1870.000	20.000	-51.709	0.788
1880.000	20.000	-52.368	0.798
1890.000	20.000	-52.881	0.788
1900.000	20.000	-54.126	0.788
1910.000	20.000	-54.126	0.788
1920.000	20.000	-54.785	0.787
1930.000	20.000	-54.785	0.787
1940.000	20.000	-55.811	0.788
1950.000	20.000	-56.323	0.788
1960.000	20.000	-57.129	0.788
1970.000	20.000	-58.813	0.783
1980.000	20.000	-59.106	0.791
1990.000	20.000	-60.205	0.784
2000.000	20.000	-60.571	0.789
2010.000	20.000	-60.718	0.786
2020.000	20.000	-61.157	0.789
2030.000	20.000	-62.109	0.786
2040.000	20.000	-61.670	0.795
2050.000	20.000	-61.816	0.789
2060.000	20.000	-62.109	0.799
2070.000	20.000	-61.157	0.789
2080.000	20.000	-60.937	0.799
2090.000	20.000	-60.864	0.788
2100.000	20.000	-60.645	0.792
2110.000	20.000	-61.084	0.792
2120.000	20.000	-61.450	0.791
2130.000	20.000	-60.791	0.787
2140.000	20.000	-61.304	0.786
2150.000	20.000	-62.036	0.789
2160.000	20.000	-62.109	0.792
2170.000	20.000	-62.183	0.793
2180.000	20.000	-63.062	0.788
2190.000	20.000	-63.062	0.788
2200.000	20.000	-63.501	0.789
2210.000	20.000	-64.673	0.793
2220.000	20.000	-64.673	0.788
2230.000	20.000	-65.259	0.784
2240.000	20.000	-66.138	0.788
2250.000	20.000	-66.650	0.789
2260.000	20.000	-67.603	0.788
2270.000	20.000	-68.774	0.791
2280.000	20.000	-68.408	0.789
2290.000	20.000	-68.848	0.795
2300.000	20.000	-69.287	0.793
2310.000	20.000	-68.921	0.787
2320.000	20.000	-69.214	0.788
2330.000	20.000	-69.580	0.794
2340.000	20.000	-69.214	0.782
2350.000	20.000	-69.141	0.789
2360.000	20.000	-69.067	0.789
2370.000	20.000	-68.555	0.789
2380.000	20.000	-69.360	0.792
2390.000	20.000	-70.239	0.789
2400.000	20.000	-70.459	0.789
2410.000	20.000	-71.631	0.786
2420.000	20.000	-72.363	0.797
2430.000	20.000	-72.656	0.792
2440.000	20.000	-72.876	0.799
2450.000	20.000	-73.462	0.787
2460.000	20.000	-73.389	0.789
2470.000	20.000	-73.682	0.800
2480.000	20.000	-73.975	0.802
2490.000	20.000	-73.389	0.789
2500.000	20.000	-73.755	0.789
2510.000	20.000	-73.169	0.788
2520.000	20.000	-72.949	0.791
2530.000	20.000	-72.949	0.792
2540.000	20.000	-73.389	0.795
2550.000	20.000	-73.535	0.788
2560.000	20.000	-73.755	0.787
2570.000	20.000	-74.561	0.789
2580.000	20.000	-74.634	0.798
2590.000	20.000	-75.659	0.789
2600.000	20.000	-75.879	0.788
2610.000	20.000	-76.318	0.788
2620.000	20.000	-77.197	0.793
2630.000	20.000	-77.197	0.793
2640.000	20.000	-77.490	0.795
2650.000	20.000	-77.637	0.792
2660.000	20.000	-78.369	0.789
2670.000	20.000	-78.369	0.782
2680.000	20.000	-78.589	0.792
2690.000	20.000	-78.369	0.788
2700.000	20.000	-78.589	0.789
2710.000	20.000	-78.662	0.789
2720.000	20.000	-79.395	0.789
2730.000	20.000	-79.468	0.792
2740.000	20.000	-79.687	0.792
2750.000	20.000	-80.200	0.786
2760.000	20.000	-80.054	0.789
2770.000	20.000	-80.566	0.789
2780.000	20.000	-81.152	0.787
2790.000	20.000	-81.372	0.786
2800.000	20.000	-81.665	0.786
2810.000	20.000	-82.324	0.791
2820.000	20.000	-82.617	0.800
2830.000	20.000	-83.203	0.787
2840.000	20.000	-84.082	0.789
2850.000	20.000	-84.595	0.788
2860.000	20.000	-85.254	0.800
2870.000	20.000	-85.474	0.791
2880.000	20.000	-85.620	0.800
2890.000	20.000	-86.353	0.786
2900.000	20.000	-87.085	0.792
2910.000	20.000	-86.792	0.782
2920.000	20.000	-86.865	0.789
2930.000	20.000	-87.598	0.787
2940.000	20.000	-87.158	0.781
2950.000	20.000	-87.158	0.791
2960.000	20.000	-87.744	0.791
2970.000	20.000	-88.037	0.783
2980.000	20.000	-88.477	0.789
2990.000	20.000	-88.843	0.792
3000.000	20.000	-88.477	0.789
3010.000	20.000	-89.355	0.783
3020.000	20.000	-90.894	0.795
3030.000	20.000	-90.674	0.789
3040.000	20.000	-91.406	0.791
3050.000	20.000	-92.212	0.783
3060.000	20.000	-92.212	0.798
3070.000	20.000	-92.651	0.789
3080.000	20.000	-93.457	0.789
3090.000	20.000	-93.604	0.791
3100.000	20.000	-94.336	0.792
3110.000	20.000	-94.995	0.792
3120.000	20.000	-93.970	0.788
3130.000	20.000	-94.556	0.791
3140.000	20.000	-95.288	0.786
3150.000	20.000	-94.775	0.792
3160.000	20.000	-95.288	0.789
3170.000	20.000	-95.288	0.789
3180.000	20.000	-94.849	0.786
3190.000	20.000	-94.922	0.798
3200.000	20.000	-95.361	0.788
3210.000	20.000	-94.849	0.791
3220.000	20.000	-95.142	0.789
3230.000	20.000	-95.288	0.789
3240.000	20.000	-94.995	0.789
3250.000	20.000	-95.581	0.784
3260.000	20.000	-96.094	0.793
3270.000	20.000	-96.094	0.787
3280.000	20.000	-97.046	0.786
3290.000	20.000	-97.485	0.788
3300.000	20.000	-97.485	0.791
3310.000	20.000	-97.852	0.794
3320.000	20.000	-98.364	0.783
3330.000	20.000	-98.877	0.791
3340.000	20.000	-99.097	0.795
3350.000	20.000	-99.243	0.788
3360.000	20.000	-99.976	0.789
3370.000	20.000	-99.902	0.797
3380.000	20.000	-99.756	0.789
3390.000	20.000	-100.195	0.786
3400.000	20.000	-100.195	0.786
3410.000	20.000	-101.001	0.792
3420.000	20.000	-100.854	0.793
3430.000	20.000	-101.147	0.798
3440.000	20.000	-101.807	0.786
3450.000	20.000	-102.173	0.802
3460.000	20.000	-102.539	0.787
3470.000	20.000	-103.345	0.787
3480.000	20.000	-103.491	0.789
3490.000	20.000	-104.150	0.794
3500.000	20.000	-104.736	0.788
3510.000	20.000	-104.883	0.789
3520.000	20.000	-105.322	0.789
3530.000	20.000	-105.908	0.787
3540.000	20.000	-106.055	0.787
3550.000	20.000	-106.274	0.787
3560.000	20.000	-106.934	0.792
3570.000	20.000	-106.274	0.792
3580.000	20.000	-106.934	0.789
3590.000	20.000	-107.739	0.783
3600.000	20.000	-107.373	0.788
3610.000	20.000	-108.032	0.788
3620.000	20.000	-109.204	0.798
3630.000	20.000	-109.131	0.787
3640.000	20.000	-109.570	0.795
3650.000	20.000	-110.815	0.793
3660.000	20.000	-110.596	0.799
3670.000	20.000	-111.475	0.789
3680.000	20.000	-112.134	0.791
3690.000	20.000	-111.548	0.787
3700.000	20.000	-112.354	0.787
3710.000	20.000	-112.793	0.789
3720.000	20.000	-112.427	0.791
3730.000	20.000	-112.573	0.784
3740.000	20.000	-113.013	0.786
3750.000	20.000	-112.427	0.789
3760.000	20.000	-112.866	0.788
3770.000	20.000	-113.086	0.789
3780.000	20.000	-112.720	0.787
3790.000	20.000	-113.086	0.792
3800.000	20.000	-113.745	0.799
3810.000	20.000	-112.793	0.791
3820.000	20.000	-113.013	0.791
3830.000	20.000	-113.525	0.788
3840.000	20.000	-113.599	0.799
3850.000	20.000	-114.111	0.791
3860.000	20.000	-114.697	0.784
3870.000	20.000	-114.624	0.787
3880.000	20.000	-115.137	0.798
3890.000	20.000	-115.942	0.788
3900.000	20.000	-115.356	0.788
3910.000	20.000	-116.309	0.788
3920.000	20.000	-116.821	0.789
3930.000	20.000	-116.821	0.788
3940.000	20.000	-116.821	0.783
3950.000	20.000	-117.261	0.791
3960.000	20.000	-116.968	0.789
3970.000	20.000	-117.407	0.786
3980.000	20.000	-117.554	0.795
3990.000	20.000	-117.554	0.799
4000.000	20.000	-118.359	0.794
4010.000	20.000	-119.385	0.797
4020.000	20.000	-119.238	0.786
4030.000	20.000	-119.604	0.793
4040.000	20.000	-120.337	0.788
4050.000	20.000	-120.410	0.787
4060.000	20.000	-121.143	0.786
4070.000	20.000	-121.948	0.787
4080.000	20.000	-121.875	0.792
4090.000	20.000	-122.168	0.786
4100.000	20.000	-123.047	0.791
4110.000	20.000	-122.095	0.792
4120.000	20.000	-122.607	0.788
4130.000	20.000	-124.072	0.791
4140.000	20.000	-123.706	0.799
4150.000	20.000	-124.146	0.787
4160.000	20.000	-125.024	0.792
4170.000	20.000	-124.438	0.793
4180.000	20.000	-125.610	0.783
4190.000	20.000	-126.270	0.795
4200.000	20.000	-125.977	0.789
4210.000	20.000	-126.855	0.787
4220.000	20.000	-127.734	0.789
4230.000	20.000	-126.562	0.786
4240.000	20.000	-127.881	0.787
4250.000	20.000	-127.808	0.789
4260.000	20.000	-127.222	0.788
4270.000	20.000	-128.247	0.797
4280.000	20.000	-128.320	0.791
4290.000	20.000	-127.881	0.793
4300.000	20.000	-127.734	0.789
4310.000	20.000	-128.540	0.789
4320.000	20.000	-127.734	0.792
4330.000	20.000	-128.613	0.787
4340.000	20.000	-128.540	0.788
4350.000	20.000	-128.979	0.784
4360.000	20.000	-129.346	0.787
4370.000	20.000	-129.565	0.789
4380.000	20.000	-129.272	0.788
4390.000	20.000	-129.932	0.786
4400.000	20.000	-130.957	0.799
4410.000	20.000	-130.444	0.787
4420.000	20.000	-131.104	0.787
4430.000	20.000	-131.470	0.789
4440.000	20.000	-131.104	0.797
4450.000	20.000	-131.543	0.784
4460.000	20.000	-132.349	0.788
4470.000	20.000	-132.056	0.784
4480.000	20.000	-132.788	0.791
4490.000	20.000	-133.594	0.786
4500.000	20.000	-133.374	0.789
4510.000	20.000	-134.106	0.792
4520.000	20.000	-134.985	0.788
4530.000	20.000	-134.619	0.789
4540.000	20.000	-135.571	0.783
4550.000	20.000	-136.084	0.793
4560.000	20.000	-135.937	0.789
4570.000	20.000	-136.450	0.784
4580.000	20.000	-137.109	0.794
4590.000	20.000	-136.523	0.787
4600.000	20.000	-137.109	0.794
4610.000	20.000	-138.135	0.798
4620.000	20.000	-137.549	0.789
4630.000	20.000	-138.208	0.784
4640.000	20.000	-138.940	0.800
4650.000	20.000	-138.794	0.791
4660.000	20.000	-139.014	0.789
4670.000	20.000	-140.186	0.792
4680.000	20.000	-140.039	0.788
4690.000	20.000	-141.431	0.788
4700.000	20.000	-142.603	0.792
4710.000	20.000	-141.577	0.788
4720.000	20.000	-142.310	0.789
4730.000	20.000	-142.749	0.787
4740.000	20.000	-142.090	0.789
4750.000	20.000	-142.310	0.788
4760.000	20.000	-142.822	0.787
4770.000	20.000	-141.943	0.788
4780.000	20.000	-142.163	0.787
4790.000	20.000	-141.943	0.789
4800.000	20.000	-140.845	0.788
4810.000	20.000	-141.284	0.788
4820.000	20.000	-141.943	0.797
4830.000	20.000	-141.797	0.792
4840.000	20.000	-142.310	0.795
4850.000	20.000	-143.188	0.795
4860.000	20.000	-142.822	0.788
4870.000	20.000	-143.481	0.787
4880.000	20.000	-144.067	0.791
4890.000	20.000	-144.067	0.793
4900.000	20.000	-144.434	0.788
4910.000	20.000	-144.280	0.791
4920.000	20.000	-145.184	0.784
4930.000	20.000	-146.063	0.787
4940.000	20.000	-146.356	0.786
4950.000	20.000	-146.282	0.792
4960.000	20.000	-147.308	0.789
4970.000	20.000	-147.894	0.793
4980.000	20.000	-147.747	0.793
4990.000	20.000	-148.187	0.780
5000.000	20.000	-148.846	0.795
5010.000	20.000	-149.878	0.794
5020.000	20.000	-149.121	0.793
5030.000	20.000	-149.854	0.798
5040.000	20.000	-149.634	0.786
5050.000	20.000	-150.366	0.795
5060.000	20.000	-150.806	0.791
5070.000	20.000	-150.586	0.789
5080.000	20.000	-150.952	0.792
5090.000	20.000	-151.831	0.788
5100.000	20.000	-151.978	0.791
5110.000	20.000	-152.563	0.788
5120.000	20.000	-153.296	0.789
5130.000	20.000	-152.490	0.791
5140.000	20.000	-152.856	0.782
5150.000	20.000	-153.003	0.788
5160.000	20.000	-152.271	0.789
5170.000	20.000	-152.783	0.787
5180.000	20.000	-153.003	0.791
5190.000	20.000	-152.563	0.795
5200.000	20.000	-152.783	0.788
5210.000	20.000	-152.490	0.789
5220.000	20.000	-152.417	0.789
5230.000	20.000	-152.783	0.788
5240.000	20.000	-153.735	0.786
5250.000	20.000	-153.076	0.787
5260.000	20.000	-153.955	0.789
5270.000	20.000	-154.980	0.791
5280.000	20.000	-154.614	0.792
5290.000	20.000	-154.980	0.788
5300.000	20.000	-155.566	0.788
5310.000	20.000	-155.566	0.788
5320.000	20.000	-156.006	0.792
5330.000	20.000	-156.958	0.789
5340.000	20.000	-156.885	0.786
5350.000	20.000	-157.910	0.792
5360.000	20.000	-157.837	0.792
5370.000	20.000	-157.324	0.784
5380.000	20.000	-158.496	0.788
5390.000	20.000	-159.448	0.795
5400.000	20.000	-158.936	0.792
5410.000	20.000	-159.521	0.797
5420.000	20.000	-159.888	0.804
5430.000	20.000	-159.521	0.788
5440.000	20.000	-159.888	0.784
5450.000	20.000	-160.767	0.792
5460.000	20.000	-161.133	0.792
5470.000	20.000	-161.279	0.786
5480.000	20.000	-161.499	0.789
5490.000	20.000	-161.279	0.788
5500.000	20.000	-161.499	0.784
5510.000	20.000	-162.012	0.792
5520.000	20.000	-161.499	0.788
5530.000	20.000	-161.719	0.791
5540.000	20.000	-162.305	0.792
5550.000	20.000	-161.353	0.799
5560.000	20.000	-161.792	0.789
5570.000	20.000	-162.012	0.786
5580.000	20.000	-162.085	0.789
5590.000	20.000	-161.865	0.786
5600.000	20.000	-163.257	0.787
5610.000	20.000	-162.744	0.791
5620.000	20.000	-163.477	0.789
5630.000	20.000	-163.843	0.789
5640.000	20.000	-163.550	0.783
5650.000	20.000	-164.136	0.792
5660.000	20.000	-164.355	0.792
5670.000	20.000	-164.795	0.789
5680.000	20.000	-166.113	0.795
5690.000	20.000	-166.113	0.795
5700.000	20.000	-165.454	0.787
5710.000	20.000	-166.626	0.791
5720.000	20.000	-166.626	0.791
5730.000	20.000	-166.992	0.787
5740.000	20.000	-168.091	0.791
5750.000	20.000	-168.091	0.791
5760.000	20.000	-168.457	0.789
5770.000	20.000	-169.263	0.789
5780.000	20.000	-169.263	0.789
5790.000	20.000	-169.116	0.782
5800.000	20.000	-169.775	0.791
5810.000	20.000	-169.775	0.791
5820.000	20.000	-170.508	0.795
5830.000	20.000	-170.435	0.792
5840.000	20.000	-171.313	0.792
5850.000	20.000	-171.533	0.789
5860.000	20.000	-171.387	0.798
5870.000	20.000	-171.533	0.789
5880.000	20.000	-171.533	0.789
5890.000	20.000	-171.313	0.787
5900.000	20.000	-172.119	0.788
5910.000	20.000	-171.753	0.789
5920.000	20.000	-171.313	0.792
5930.000	20.000	-171.826	0.789
5940.000	20.000	-171.094	0.788
5950.000	20.000	-171.094	0.788
5960.000	20.000	-172.412	0.789
5970.000	20.000	-172.266	0.787
5980.000	20.000	-172.266	0.791
5990.000	20.000	-173.364	0.787
6000.000	20.000	-172.485	0.792
6010.000	20.000	-173.511	0.787
6020.000	20.000	-174.316	0.793
6030.000	20.000	-174.316	0.792
6040.000	20.000	-174.683	0.786
6050.000	20.000	-175.781	0.789
6060.000	20.000	-174.902	0.789
6070.000	20.000	-175.562	0.789
6080.000	20.000	-175.335	0.791
6090.000	20.000	-176.108	0.789
6100.000	20.000	-177.280	0.788
6110.000	20.000	-177.500	0.791
6120.000	20.000	-177.353	0.787
6130.000	20.000	-177.646	0.793
6140.000	20.000	-178.672	0.793
6150.000	20.000	-178.159	0.792
6160.000	20.000	-178.672	0.784
6170.000	20.000	-179.477	0.787
6180.000	20.000	-180.216	0.784
6190.000	20.000	-180.029	0.781
6200.000	20.000	-180.176	0.788
6210.000	20.000	-179.663	0.802
6220.000	20.000	-180.176	0.789
6230.000	20.000	-180.981	0.787
6240.000	20.000	-179.663	0.795
6250.000	20.000	-179.736	0.788
6260.000	20.000	-180.396	0.788
6270.000	20.000	-179.736	0.788
6280.000	20.000	-180.176	0.789
6290.000	20.000	-180.396	0.788
6300.000	20.000	-179.443	0.787
6310.000	20.000	-180.103	0.786
6320.000	20.000	-180.688	0.791
6330.000	20.000	-180.103	0.791
6340.000	20.000	-180.835	0.792
6350.000	20.000	-182.007	0.789
6360.000	20.000	-181.567	0.787
6370.000	20.000	-182.227	0.787
6380.000	20.000	-183.032	0.786
6390.000	20.000	-182.446	0.784
6400.000	20.000	-183.398	0.798
6410.000	20.000	-184.497	0.788
6420.000	20.000	-183.618	0.800
6430.000	20.000	-184.424	0.788
6440.000	20.000	-185.449	0.792
6450.000	20.000	-184.717	0.787
6460.000	20.000	-185.229	0.799
6470.000	20.000	-186.035	0.795
6480.000	20.000	-185.522	0.793
6490.000	20.000	-185.889	0.792
6500.000	20.000	-186.914	0.793
6510.000	20.000	-186.182	0.787
6520.000	20.000	-187.134	0.792
6530.000	20.000	-187.720	0.788
6540.000	20.000	-186.914	0.791
6550.000	20.000	-187.354	0.787
6560.000	20.000	-188.013	0.791
6570.000	20.000	-186.987	0.788
6580.000	20.000	-187.207	0.788
6590.000	20.000	-188.013	0.789
6600.000	20.000	-187.134	0.789
6610.000	20.000	-187.427	0.789
6620.000	20.000	-187.939	0.795
6630.000	20.000	-187.207	0.791
6640.000	20.000	-187.793	0.793
6650.000	20.000	-188.818	0.787
6660.000	20.000	-187.939	0.786
6670.000	20.000	-188.818	0.791
6680.000	20.000	-189.771	0.791
6690.000	20.000	-189.331	0.787
6700.000	20.000	-189.771	0.787
6710.000	20.000	-190.723	0.788
6720.000	20.000	-190.137	0.787
6730.000	20.000	-191.016	0.789
6740.000	20.000	-191.895	0.797
6750.000	20.000	-191.089	0.788
6760.000	20.000	-192.041	0.789
6770.000	20.000	-192.773	0.797
6780.000	20.000	-191.968	0.787
6790.000	20.000	-192.407	0.787
6800.000	20.000	-193.799	0.789
6810.000	20.000	-193.066	0.799
6820.000	20.000	-193.652	0.786
6830.000	20.000	-194.238	0.788
6840.000	20.000	-194.019	0.784
6850.000	20.000	-194.238	0.791
6860.000	20.000	-194.678	0.798
6870.000	20.000	-193.872	0.789
6880.000	20.000	-194.678	0.789
6890.000	20.000	-194.678	0.789
6900.000	20.000	-193.726	0.786
6910.000	20.000	-194.678	0.791
6920.000	20.000	-194.678	0.791
6930.000	20.000	-194.165	0.791
6940.000	20.000	-194.751	0.789
6950.000	20.000	-194.751	0.789
6960.000	20.000	-194.897	0.788
6970.000	20.000	-195.557	0.798
6980.000	20.000	-195.557	0.798
6990.000	20.000	-195.923	0.788
7000.000	20.000	-196.582	0.789
7010.000	20.000	-196.582	0.789
7020.000	20.000	-196.948	0.795
7030.000	20.000	-197.754	0.793
7040.000	20.000	-197.754	0.793
7050.000	20.000	-198.486	0.787
7060.000	20.000	-198.926	0.795
7070.000	20.000	-198.926	0.795
7080.000	20.000	-199.072	0.802
7090.000	20.000	-199.658	0.793
7100.000	20.000	-199.658	0.793
7110.000	20.000	-199.731	0.788
7120.000	20.000	-200.171	0.800
7130.000	20.000	-201.196	0.787
7140.000	20.000	-200.903	0.798
7150.000	20.000	-200.830	0.792
7160.000	20.000	-201.343	0.791
7170.000	20.000	-200.757	0.788
7180.000	20.000	-201.050	0.789
7190.000	20.000	-201.709	0.793
7200.000	20.000	-201.050	0.789
7210.000	20.000	-201.270	0.795
7220.000	20.000	-201.416	0.792
7230.000	20.000	-200.391	0.792
7240.000	20.000	-200.757	0.784
7250.000	20.000	-201.709	0.787
7260.000	20.000	-201.489	0.793
7270.000	20.000	-202.002	0.792
7280.000	20.000	-202.222	0.786
7290.000	20.000	-201.636	0.804
7300.000	20.000	-202.661	0.795
7310.000	20.000	-203.833	0.788
7320.000	20.000	-203.174	0.788
7330.000	20.000	-203.833	0.783
7340.000	20.000	-204.712	0.789
7350.000	20.000	-203.687	0.787
7360.000	20.000	-204.346	0.791
7370.000	20.000	-205.591	0.802
7380.000	20.000	-205.298	0.788
7390.000	20.000	-206.030	0.794
7400.000	20.000	-206.396	0.797
7410.000	20.000	-205.298	0.791
7420.000	20.000	-206.323	0.792
7430.000	20.000	-206.982	0.789
7440.000	20.000	-206.543	0.791
7450.000	20.000	-207.568	0.798
7460.000	20.000	-207.568	0.798
7470.000	20.000	-206.396	0.789
7480.000	20.000	-206.763	0.783
7490.000	20.000	-206.763	0.783
7500.000	20.000	-206.909	0.789
7510.000	20.000	-207.715	0.792
7520.000	20.000	-207.715	0.792
7530.000	20.000	-207.349	0.786
7540.000	20.000	-207.568	0.788
7550.000	20.000	-207.568	0.788
7560.000	20.000	-207.495	0.787
7570.000	20.000	-208.521	0.791
7580.000	20.000	-208.521	0.791
7590.000	20.000	-208.887	0.784
7600.000	20.000	-209.106	0.788
7610.000	20.000	-210.571	0.789
7620.000	20.000	-209.766	0.791
7630.000	20.000	-210.059	0.788
7640.000	20.000	-210.791	0.789
7650.000	20.000	-210.864	0.788
7660.000	20.000	-211.157	0.789
7670.000	20.000	-212.402	0.787
7680.000	20.000	-212.183	0.791
7690.000	20.000	-212.549	0.788
7700.000	20.000	-212.695	0.792
7710.000	20.000	-211.597	0.789
7720.000	20.000	-212.622	0.799
7730.000	20.000	-213.647	0.787
7740.000	20.000	-213.428	0.784
7750.000	20.000	-213.574	0.789
7760.000	20.000	-214.014	0.788
7770.000	20.000	-212.476	0.788
7780.000	20.000	-213.135	0.788
7790.000	20.000	-213.428	0.803
7800.000	20.000	-213.501	0.787
7810.000	20.000	-213.354	0.797
7820.000	20.000	-212.476	0.797
7830.000	20.000	-212.476	0.797
7840.000	20.000	-213.501	0.789
7850.000	20.000	-213.428	0.791
7860.000	20.000	-214.307	0.791
7870.000	20.000	-214.307	0.798
7880.000	20.000	-214.307	0.798
7890.000	20.000	-214.087	0.793
7900.000	20.000	-215.332	0.791
7910.000	20.000	-215.332	0.791
7920.000	20.000	-215.771	0.786
7930.000	20.000	-216.724	0.795
7940.000	20.000	-216.724	0.795
7950.000	20.000	-216.724	0.788
7960.000	20.000	-216.943	0.791
7970.000	20.000	-218.042	0.789
7980.000	20.000	-217.896	0.791
7990.000	20.000	-218.628	0.794
8000.000	20.000	-218.262	0.789
8010.000	20.000	-218.335	0.792
8020.000	20.000	-218.701	0.787
8030.000	20.000	-219.507	0.788
8040.000	20.000	-218.848	0.792
8050.000	20.000	-218.921	0.797
8060.000	20.000	-219.800	0.799
8070.000	20.000	-218.115	0.791
8080.000	20.000	-218.994	0.793
8090.000	20.000	-218.555	0.794
8100.000	20.000	-218.408	0.787
8110.000	20.000	-218.921	0.803
8120.000	20.000	-219.580	0.787
8130.000	20.000	-218.408	0.793
8140.000	20.000	-219.580	0.804
8150.000	20.000	-220.312	0.789
8160.000	20.000	-219.580	0.788
8170.000	20.000	-220.459	0.788
8180.000	20.000	-221.265	0.783
8190.000	20.000	-221.118	0.784
8200.000	20.000	-221.777	0.792
8210.000	20.000	-222.363	0.789
8220.000	20.000	-221.484	0.798
8230.000	20.000	-222.144	0.786
8240.000	20.000	-222.949	0.792
8250.000	20.000	-222.144	0.789
8260.000	20.000	-222.949	0.797
8270.000	20.000	-224.194	0.784
8280.000	20.000	-222.876	0.788
8290.000	20.000	-223.682	0.783
8300.000	20.000	-224.194	0.791
8310.000	20.000	-223.535	0.787
8320.000	20.000	-223.535	0.786
8330.000	20.000	-224.487	0.787
8340.000	20.000	-223.022	0.793
8350.000	20.000	-223.901	0.789
8360.000	20.000	-224.048	0.791
8370.000	20.000	-222.729	0.789
8380.000	20.000	-223.315	0.791
8390.000	20.000	-223.975	0.784
8400.000	20.000	-223.608	0.791
8410.000	20.000	-223.755	0.786
8420.000	20.000	-224.927	0.783
8430.000	20.000	-224.048	0.797
8440.000	20.000	-225.000	0.782
8450.000	20.000	-225.806	0.791
8460.000	20.000	-225.439	0.786
8470.000	20.000	-225.806	0.797
8480.000	20.000	-226.978	0.788
8490.000	20.000	-226.172	0.786
8500.000	20.000	-226.392	0.789
8510.000	20.000	-227.710	0.789
8520.000	20.000	-227.051	0.787
8530.000	20.000	-228.076	0.787
8540.000	20.000	-228.809	0.788
8550.000	20.000	-227.490	0.791
8560.000	20.000	-227.930	0.784
8570.000	20.000	-228.955	0.787
8580.000	20.000	-227.637	0.789
8590.000	20.000	-228.076	0.787
8600.000	20.000	-228.809	0.789
8610.000	20.000	-227.930	0.791
8620.000	20.000	-227.930	0.788
8630.000	20.000	-228.369	0.791
8640.000	20.000	-227.417	0.804
8650.000	20.000	-228.003	0.789
8660.000	20.000	-228.882	0.798
8670.000	20.000	-228.223	0.793
8680.000	20.000	-229.102	0.803
8690.000	20.000	-229.907	0.783
8700.000	20.000	-229.468	0.789
8710.000	20.000	-229.834	0.789
8720.000	20.000	-231.226	0.787
8730.000	20.000	-229.980	0.789
8740.000	20.000	-230.786	0.806
8750.000	20.000	-231.152	0.789
8760.000	20.000	-230.493	0.788
8770.000	20.000	-231.079	0.788
8780.000	20.000	-232.178	0.789
8790.000	20.000	-231.592	0.793
8800.000	20.000	-232.104	0.787
8810.000	20.000	-232.544	0.789
8820.000	20.000	-232.178	0.791
8830.000	20.000	-233.276	0.791
8840.000	20.000	-234.082	0.793
8850.000	20.000	-233.643	0.787
8860.000	20.000	-233.423	0.789
8870.000	20.000	-233.643	0.791
8880.000	20.000	-232.471	0.788
8890.000	20.000	-232.837	0.792
8900.000	20.000	-233.862	0.789
8910.000	20.000	-232.983	0.789
8920.000	20.000	-232.910	0.787
8930.000	20.000	-232.910	0.787
8940.000	20.000	-232.031	0.786
8950.000	20.000	-232.910	0.795
8960.000	20.000	-234.668	0.789
8970.000	20.000	-234.009	0.793
8980.000	20.000	-234.888	0.789
8990.000	20.000	-235.034	0.792
9000.000	20.000	-233.643	0.789
9010.000	20.000	-234.741	0.787
9020.000	20.000	-236.133	0.788
9030.000	20.000	-235.840	0.793
9040.000	20.000	-236.279	0.791
9050.000	20.000	-236.426	0.794
9060.000	20.000	-235.181	0.791
9070.000	20.000	-236.133	0.791
9080.000	20.000	-237.671	0.793
9090.000	20.000	-237.524	0.787
9100.000	20.000	-237.524	0.787
9110.000	20.000	-238.257	0.800
9120.000	20.000	-236.646	0.792
9130.000	20.000	-236.938	0.787
9140.000	20.000	-237.671	0.794
9150.000	20.000	-237.158	0.788
9160.000	20.000	-237.451	0.791
9170.000	20.000	-237.817	0.788
9180.000	20.000	-235.986	0.788
9190.000	20.000	-236.646	0.791
9200.000	20.000	-238.257	0.789
9210.000	20.000	-237.231	0.792
9220.000	20.000	-237.964	0.793
9230.000	20.000	-238.843	0.797
9240.000	20.000	-237.964	0.788
9250.000	20.000	-238.696	0.791
9260.000	20.000	-240.015	0.797
9270.000	20.000	-239.429	0.793
9280.000	20.000	-239.868	0.795
9290.000	20.000	-240.015	0.792
9300.000	20.000	-239.355	0.800
9310.000	20.000	-240.088	0.788
9320.000	20.000	-241.113	0.793
9330.000	20.000	-240.674	0.788
9340.000	20.000	-241.333	0.787
9350.000	20.000	-241.406	0.789
9360.000	20.000	-240.015	0.789
9370.000	20.000	-240.454	0.792
9380.000	20.000	-241.626	0.787
9390.000	20.000	-241.260	0.781
9400.000	20.000	-240.967	0.788
9410.000	20.000	-241.846	0.791
9420.000	20.000	-240.308	0.787
9430.000	20.000	-240.674	0.791
9440.000	20.000	-240.674	0.791
9450.000	20.000	-241.040	0.789
9460.000	20.000	-241.553	0.788
9470.000	20.000	-240.973	0.793
9480.000	20.000	-241.804	0.791
9490.000	20.000	-242.536	0.797
9500.000	20.000	-243.122	0.789
9510.000	20.000	-242.096	0.797
9520.000	20.000	-242.829	0.791
9530.000	20.000	-244.513	0.784
9540.000	20.000	-244.221	0.783
9550.000	20.000	-244.367	0.789
9560.000	20.000	-244.733	0.787
9570.000	20.000	-245.679	0.787
9580.000	20.000	-244.336	0.791
9590.000	20.000	-245.288	0.787
9600.000	20.000	-244.482	0.787
9610.000	20.000	-244.922	0.791
9620.000	20.000	-245.142	0.795
9630.000	20.000	-243.677	0.787
9640.000	20.000	-244.263	0.793
9650.000	20.000	-245.068	0.792
9660.000	20.000	-244.482	0.788
9670.000	20.000	-244.629	0.787
9680.000	20.000	-244.922	0.788
9690.000	20.000	-243.604	0.786
9700.000	20.000	-244.775	0.788
9710.000	20.000	-245.874	0.788
9720.000	20.000	-245.508	0.789
9730.000	20.000	-245.947	0.789
9740.000	20.000	-246.240	0.789
9750.000	20.000	-244.995	0.788
9760.000	20.000	-246.094	0.789
9770.000	20.000	-247.266	0.791
9780.000	20.000	-246.387	0.783
9790.000	20.000	-247.632	0.787
9800.000	20.000	-247.339	0.788
9810.000	20.000	-246.387	0.786
9820.000	20.000	-247.119	0.791
9830.000	20.000	-248.730	0.798
9840.000	20.000	-247.852	0.792
9850.000	20.000	-248.291	0.789
9860.000	20.000	-248.950	0.798
9870.000	20.000	-247.046	0.788
9880.000	20.000	-247.119	0.788
9890.000	20.000	-247.705	0.783
9900.000	20.000	-247.705	0.786
9910.000	20.000	-247.778	0.788
9920.000	20.000	-247.778	0.788
9930.000	20.000	-247.046	0.794
9940.000	20.000	-248.071	0.789
9950.000	20.000	-248.071	0.789
9960.000	20.000	-247.559	0.787
9970.000	20.000	-249.097	0.786
9980.000	20.000	-249.097	0.786
9990.000	20.000	-249.609	0.794
10000.000	20.000	-249.902	0.786
10010.000	20.000	-249.902	0.786
10020.000	20.000	-250.049	0.789
10030.000	20.000	-250.342	0.791
10040.000	20.000	-250.342	0.791
10050.000	20.000	-250.635	0.788
10060.000	20.000	-250.708	0.784
10070.000	20.000	-250.708	0.784
10080.000	20.000	-250.635	0.783
10090.000	20.000	-250.488	0.784
10100.000	20.000	-250.488	0.784
10110.000	20.000	-250.195	0.782
10120.000	20.000	-250.415	0.784
10130.000	20.000	-250.415	0.784
10140.000	20.000	-250.708	0.802
10150.000	20.000	-250.781	0.786
10160.000	20.000	-250.781	0.786
10170.000	20.000	-250.854	0.784
10180.000	20.000	-251.807	0.786
10190.000	20.000	-251.807	0.786
10200.000	20.000	-251.807	0.787
10210.000	20.000	-252.612	0.787
10220.000	20.000	-252.612	0.787
10230.000	20.000	-252.612	0.791
10240.000	20.000	-252.905	0.787
10250.000	20.000	-253.125	0.784
10260.000	20.000	-253.125	0.784
10270.000	20.000	-253.784	0.791
10280.000	20.000	-253.784	0.791
10290.000	20.000	-253.857	0.791
10300.000	20.000	-254.443	0.787
10310.000	20.000	-254.443	0.787
10320.000	20.000	-254.224	0.789
10330.000	20.000	-253.857	0.812
10340.000	20.000	-253.857	0.812
10350.000	20.000	-253.784	0.799
10360.000	20.000	-253.857	0.788
10370.000	20.000	-253.857	0.788
10380.000	20.000	-253.784	0.788
10390.000	20.000	-253.564	0.791
10400.000	20.000	-253.564	0.791
10410.000	20.000	-253.564	0.788
10420.000	20.000	-254.443	0.797
10430.000	20.000	-254.443	0.797
10440.000	20.000	-254.736	0.792
10450.000	20.000	-255.029	0.791
10460.000	20.000	-255.029	0.791
10470.000	20.000	-255.396	0.784
10480.000	20.000	-255.615	0.777
10490.000	20.000	-255.615	0.777
10500.000	20.000	-255.688	0.791
10510.000	20.000	-256.128	0.789
10520.000	20.000	-256.128	0.789
10530.000	20.000	-256.128	0.789
10540.000	20.000	-256.421	0.791
10550.000	20.000	-256.348	0.797
10560.000	20.000	-256.055	0.788
10570.000	20.000	-256.641	0.788
10580.000	20.000	-256.641	0.788
10590.000	20.000	-256.421	0.787
10600.000	20.000	-256.348	0.792
10610.000	20.000	-256.348	0.792
10620.000	20.000	-256.787	0.793
10630.000	20.000	-256.714	0.792
10640.000	20.000	-256.714	0.792
10650.000	20.000	-256.714	0.786
10660.000	20.000	-257.300	0.787
10670.000	20.000	-257.300	0.787
10680.000	20.000	-257.666	0.791
10690.000	20.000	-258.032	0.787
10700.000	20.000	-258.032	0.787
10710.000	20.000	-258.325	0.789
10720.000	20.000	-258.472	0.789
10730.000	20.000	-258.472	0.789
10740.000	20.000	-258.911	0.795
10750.000	20.000	-259.204	0.786
10760.000	20.000	-259.204	0.786
10770.000	20.000	-259.937	0.797
10780.000	20.000	-259.644	0.781
10790.000	20.000	-259.644	0.781
10800.000	20.000	-259.277	0.787
10810.000	20.000	-259.497	0.799
10820.000	20.000	-259.277	0.802
10830.000	20.000	-259.717	0.787
10840.000	20.000	-259.204	0.788
10850.000	20.000	-260.010	0.789
10860.000	20.000	-258.984	0.799
10870.000	20.000	-259.424	0.788
10880.000	20.000	-259.424	0.787
10890.000	20.000	-260.083	0.791
10900.000	20.000	-260.156	0.787
10910.000	20.000	-260.156	0.787
10920.000	20.000	-260.376	0.788
10930.000	20.000	-260.742	0.792
10940.000	20.000	-260.742	0.792
10950.000	20.000	-260.083	0.787
10960.000	20.000	-261.914	0.802
10970.000	20.000	-261.914	0.802
10980.000	20.000	-261.841	0.800
10990.000	20.000	-262.061	0.791
11000.000	20.000	-262.061	0.791
11010.000	20.000	-262.134	0.789
11020.000	20.000	-262.061	0.789
11030.000	20.000	-262.061	0.789
11040.000	20.000	-262.134	0.791
11050.000	20.000	-261.621	0.511
11060.000	20.000	-261.621	0.511
11070.000	20.000	-260.742	0.377
11080.000	20.000	-260.742	0.277
11090.000	20.000	-260.669	0.203
11100.000	20.000	-260.596	0.150
11110.000	20.000	-260.376	0.079
11120.000	20.000	-260.376	0.079
11130.000	20.000	-260.669	0.063
11140.000	20.000	-260.669	0.036
11150.000	20.000	-260.669	0.036
11160.000	20.000	-260.376	0.026
11170.000	20.000	-260.083	0.018
11180.000	20.000	-260.083	0.018
11190.000	20.000	-259.790	0.020
11200.000	20.000	-258.838	0.010
11210.000	20.000	-258.838	0.010
11220.000	20.000	-258.838	0.008
11230.000	20.000	-258.252	0.007
11240.000	20.000	-258.252	0.007
11250.000	20.000	-257.812	0.008
11260.000	20.000	-257.446	0.008
11270.000	20.000	-257.446	0.008
11280.000	20.000	-256.934	0.006
11290.000	20.000	-256.055	0.006
11300.000	20.000	-256.055	0.006
11310.000	20.000	-255.688	0.004
11320.000	20.000	-255.615	0.006
11330.000	20.000	-255.615	0.006
11340.000	20.000	-255.542	0.008
11350.000	20.000	-255.396	0.007
11360.000	20.000	-255.396	0.007
11370.000	20.000	-255.176	0.006
11380.000	20.000	-254.810	0.007
11390.000	20.000	-254.810	0.007
11400.000	20.000	-255.176	0.008
11410.000	20.000	-254.663	0.008
11420.000	20.000	-254.663	0.008
11430.000	20.000	-254.517	0.006
11440.000	20.000	-253.638	0.004
11450.000	20.000	-253.638	0.004
11460.000	20.000	-253.418	0.004
11470.000	20.000	-252.759	0.004
11480.000	20.000	-252.759	0.004
11490.000	20.000	-252.539	0.006
11500.000	20.000	-251.660	0.008
11510.000	20.000	-251.660	0.008
11520.000	20.000	-251.074	0.006
11530.000	20.000	-250.781	0.002
11540.000	20.000	-250.781	0.002
11550.000	20.000	-250.488	0.006
11560.000	20.000	-250.415	0.004
11570.000	20.000	-250.415	0.004
11580.000	20.000	-249.756	0.006
11590.000	20.000	-250.269	0.004
11600.000	20.000	-250.269	0.004
11610.000	20.000	-249.902	0.004
11620.000	20.000	-249.829	0.002
11630.000	20.000	-249.829	0.002
11640.000	20.000	-249.683	0.010
11650.000	20.000	-249.097	0.003
11660.000	20.000	-249.097	0.003
11670.000	20.000	-248.584	0.004
11680.000	20.000	-248.437	0.003
11690.000	20.000	-248.437	0.003
11700.000	20.000	-247.998	0.006
11710.000	20.000	-247.412	0.004
11720.000	20.000	-247.412	0.004
11730.000	20.000	-247.266	0.004
11740.000	20.000	-246.606	0.007
11750.000	20.000	-246.606	0.007
11760.000	20.000	-246.094	0.007
11770.000	20.000	-245.508	0.004
11780.000	20.000	-246.826	0.007
11790.000	20.000	-245.874	0.004
11800.000	20.000	-245.288	0.007
11810.000	20.000	-245.361	0.004
11820.000	20.000	-245.068	0.004
11830.000	20.000	-244.775	0.007
11840.000	20.000	-245.947	0.009
11850.000	20.000	-244.849	0.003
11860.000	20.000	-245.288	0.004
11870.000	20.000	-245.215	0.007
11880.000	20.000	-243.530	0.006
11890.000	20.000	-244.043	0.007
11900.000	20.000	-245.142	0.007
11910.000	20.000	-244.043	0.006
11920.000	20.000	-244.043	0.010
11930.000	20.000	-244.775	0.004
11940.000	20.000	-242.944	0.006
11950.000	20.000	-243.164	0.003
11960.000	20.000	-243.457	0.007
11970.000	20.000	-242.651	0.004
11980.000	20.000	-242.505	0.006
11990.000	20.000	-242.725	0.004
12000.000	20.000	-240.820	0.004
12010.000	20.000	-241.187	0.003
12020.000	20.000	-241.553	0.002
