% Time (s)	Gyro Output (rads/s)	Input Rate (RPM)	%2/21/20249:28 AM
0.000	0.000	0.000
3613.010	-0.010	0.000
3613.020	-0.010	0.000
3613.030	-0.010	0.000
3613.040	-0.010	0.000
3613.050	-0.010	0.000
3613.060	-0.010	0.000
3613.070	-0.010	0.000
3613.080	-0.010	0.000
3613.090	-0.010	0.000
3613.100	-0.010	0.000
3613.110	-0.020	0.000
3613.120	-0.020	0.000
3613.130	-0.020	0.073
3613.140	-0.030	0.073
3613.150	-0.030	0.073
3613.160	-0.030	0.146
3613.170	-0.040	0.220
3613.180	-0.040	0.220
3613.190	-0.040	0.293
3613.200	-0.080	0.366
3613.210	-0.080	0.513
3613.220	-0.080	0.586
3613.230	-0.120	0.732
3613.240	-0.120	0.952
3613.250	-0.120	1.245
3613.260	-0.170	1.538
3613.270	-0.170	1.758
3613.280	-0.170	2.051
3613.290	-0.240	2.271
3613.300	-0.240	2.490
3613.310	-0.240	2.710
3613.320	-0.320	3.149
3613.330	-0.320	3.369
3613.340	-0.320	3.516
3613.350	-0.400	3.589
3613.360	-0.400	3.662
3613.370	-0.400	4.102
3613.380	-0.490	4.541
3613.390	-0.490	4.834
3613.400	-0.490	5.273
3613.410	-0.590	5.786
3613.420	-0.590	5.859
3613.430	-0.590	6.226
3613.440	-0.710	6.958
3613.450	-0.710	7.397
3613.460	-0.710	8.057
3613.470	-0.710	8.130
3613.480	-0.710	8.350
3613.490	-0.710	9.009
3613.500	-0.950	9.448
3613.510	-0.950	9.741
3613.520	-0.950	10.254
3613.530	-1.080	10.913
3613.540	-1.080	11.206
3613.550	-1.080	11.499
3613.560	-1.210	12.012
3613.570	-1.210	12.671
3613.580	-1.210	13.184
3613.590	-1.350	13.696
3613.600	-1.350	14.062
3613.610	-1.350	14.355
3613.620	-1.480	15.234
3613.630	-1.480	15.601
3613.640	-1.480	15.747
3613.650	-1.620	16.846
3613.660	-1.620	17.505
3613.670	-1.620	18.164
3613.680	-1.750	18.384
3613.690	-1.750	18.384
3613.700	-1.750	19.336
3613.710	-1.850	19.336
3613.720	-1.850	19.849
3613.730	-1.850	20.142
3613.740	-2.000	21.094
3613.750	-2.000	21.167
3613.760	-2.000	22.119
3613.770	-2.120	22.119
3613.780	-2.120	22.632
3613.790	-2.120	23.730
3613.800	-2.220	23.730
3613.810	-2.220	24.390
3613.820	-2.220	24.463
3613.830	-2.340	25.195
3613.840	-2.340	25.195
3613.850	-2.340	25.928
3613.860	-2.450	25.928
3613.870	-2.450	26.733
3613.880	-2.450	26.880
3613.890	-2.540	27.319
3613.900	-2.540	27.393
3613.910	-2.540	27.905
3613.920	-2.630	28.271
3613.930	-2.630	28.345
3613.940	-2.630	28.711
3613.950	-2.710	29.297
3613.960	-2.710	29.590
3613.970	-2.710	29.297
3613.980	-2.750	29.956
3613.990	-2.750	30.103
3614.000	-2.750	30.029
3614.010	-2.790	30.542
3614.020	-2.790	30.542
3614.030	-2.790	30.542
3614.040	-2.810	31.128
3614.050	-2.810	30.762
3614.060	-2.810	30.762
3614.070	-2.810	31.494
3614.080	-2.810	31.055
3614.090	-2.810	30.981
3614.100	-2.820	31.567
3614.110	-2.820	30.981
3614.120	-2.820	30.981
3614.130	-2.810	31.567
3614.140	-2.810	30.981
3614.150	-2.810	30.908
3614.160	-2.780	31.274
3614.170	-2.780	30.688
3614.180	-2.780	30.615
3614.190	-2.750	30.908
3614.200	-2.750	30.322
3614.210	-2.750	30.469
3614.220	-2.680	30.396
3614.230	-2.680	29.517
3614.240	-2.680	29.736
3614.250	-2.590	29.810
3614.260	-2.590	29.077
3614.270	-2.590	28.784
3614.280	-2.470	28.418
3614.290	-2.470	27.979
3614.300	-2.470	27.319
3614.310	-2.320	26.294
3614.320	-2.320	26.294
3614.330	-2.320	25.195
3614.340	-2.190	25.195
3614.350	-2.190	24.683
3614.360	-2.190	24.170
3614.370	-2.030	23.877
3614.380	-2.030	23.218
3614.390	-2.030	22.632
3614.400	-1.870	22.559
3614.410	-1.870	21.606
3614.420	-1.870	21.240
3614.430	-1.690	20.288
3614.440	-1.690	19.995
3614.450	-1.690	19.189
3614.460	-1.510	18.530
3614.470	-1.510	17.871
3614.480	-1.510	17.212
3614.490	-1.350	16.406
3614.500	-1.350	15.308
3614.510	-1.350	14.868
3614.520	-1.150	14.355
3614.530	-1.150	13.696
3614.540	-1.150	12.744
3614.550	-0.930	12.305
3614.560	-0.930	11.646
3614.570	-0.930	10.693
3614.580	-0.790	10.254
3614.590	-0.790	9.375
3614.600	-0.790	8.789
3614.610	-0.580	7.837
3614.620	-0.580	7.104
3614.630	-0.580	6.592
3614.640	-0.370	6.079
3614.650	-0.370	4.980
3614.660	-0.370	4.395
3614.670	-0.190	3.735
3614.680	-0.190	2.930
3614.690	-0.190	2.490
3614.700	-0.030	1.904
3614.710	-0.030	1.318
3614.720	-0.030	0.586
3614.730	0.140	-0.293
3614.740	0.140	-1.099
3614.750	0.140	-1.685
3614.760	0.300	-2.197
3614.770	0.300	-2.637
3614.780	0.300	-3.076
3614.790	0.450	-4.321
3614.800	0.450	-4.834
3614.810	0.450	-5.640
3614.820	0.580	-5.640
3614.830	0.580	-5.933
3614.840	0.580	-6.006
3614.850	0.700	-6.665
3614.860	0.700	-7.178
3614.870	0.700	-7.837
3614.880	0.800	-8.423
3614.890	0.800	-8.350
3614.900	0.800	-9.082
3614.910	0.870	-9.302
3614.920	0.870	-9.302
3614.930	0.870	-9.521
3614.940	0.940	-9.961
3614.950	0.940	-10.034
3614.960	0.940	-10.474
3614.970	1.000	-10.547
3614.980	1.000	-10.400
3614.990	1.000	-10.986
3615.000	1.040	-11.133
3615.010	1.040	-11.426
3615.020	1.040	-11.206
3615.030	1.050	-11.572
3615.040	1.050	-11.938
3615.050	1.050	-11.865
3615.060	1.060	-11.572
3615.070	1.060	-11.646
3615.080	1.060	-12.085
3615.090	1.060	-12.012
3615.100	1.060	-11.792
3615.110	1.060	-11.792
3615.120	1.030	-12.085
3615.130	1.030	-11.792
3615.140	1.030	-11.206
3615.150	0.990	-11.279
3615.160	0.990	-11.206
3615.170	0.990	-11.353
3615.180	0.940	-10.767
3615.190	0.940	-10.620
3615.200	0.940	-10.547
3615.210	0.860	-10.181
3615.220	0.860	-9.961
3615.230	0.860	-9.521
3615.240	0.770	-9.375
3615.250	0.770	-9.082
3615.260	0.770	-8.716
3615.270	0.660	-8.057
3615.280	0.660	-8.130
3615.290	0.660	-7.764
3615.300	0.550	-7.251
3615.310	0.550	-6.738
3615.320	0.550	-6.079
3615.330	0.450	-6.006
3615.340	0.450	-5.786
3615.350	0.450	-5.200
3615.360	0.330	-4.907
3615.370	0.330	-4.468
3615.380	0.330	-3.882
3615.390	0.210	-3.369
3615.400	0.210	-3.076
3615.410	0.210	-2.783
3615.420	0.080	-2.417
3615.430	0.080	-1.904
3615.440	0.080	-1.318
3615.450	-0.030	-0.879
3615.460	-0.030	-0.366
3615.470	-0.030	0.073
3615.480	-0.160	0.586
3615.490	-0.160	1.025
3615.500	-0.160	1.538
3615.510	-0.310	2.271
3615.520	-0.310	2.783
3615.530	-0.310	3.223
3615.540	-0.440	3.516
3615.550	-0.440	4.028
3615.560	-0.440	4.687
3615.570	-0.560	5.127
3615.580	-0.560	5.640
3615.590	-0.560	6.226
3615.600	-0.700	6.519
3615.610	-0.700	6.812
3615.620	-0.700	7.471
3615.630	-0.840	8.057
3615.640	-0.840	8.716
3615.650	-0.840	9.009
3615.660	-0.980	9.595
3615.670	-0.980	10.034
3615.680	-0.980	10.474
3615.690	-1.110	10.767
3615.700	-1.110	11.646
3615.710	-1.110	12.231
3615.720	-1.240	12.305
3615.730	-1.240	13.037
3615.740	-1.240	13.550
3615.750	-1.350	13.843
3615.760	-1.350	14.209
3615.770	-1.350	15.161
3615.780	-1.470	15.161
3615.790	-1.470	15.820
3615.800	-1.470	16.040
3615.810	-1.570	16.333
3615.820	-1.570	17.065
3615.830	-1.570	17.432
3615.840	-1.650	17.432
3615.850	-1.650	18.018
3615.860	-1.650	18.018
3615.870	-1.740	18.384
3615.880	-1.740	18.677
3615.890	-1.740	19.043
3615.900	-1.810	19.116
3615.910	-1.810	19.556
3615.920	-1.810	19.702
3615.930	-1.840	20.361
3615.940	-1.840	20.215
3615.950	-1.840	20.288
3615.960	-1.880	20.801
3615.970	-1.880	20.435
3615.980	-1.880	20.947
3615.990	-1.920	20.654
3616.000	-1.920	21.167
3616.010	-1.920	21.021
3616.020	-1.940	21.313
3616.030	-1.940	21.094
3616.040	-1.940	21.240
3616.050	-1.920	21.606
3616.060	-1.920	21.240
3616.070	-1.920	21.533
3616.080	-1.900	21.094
3616.090	-1.900	21.460
3616.100	-1.900	21.094
3616.110	-1.880	21.167
3616.120	-1.880	20.801
3616.130	-1.880	20.654
3616.140	-1.830	20.801
3616.150	-1.830	20.142
3616.160	-1.830	20.215
3616.170	-1.750	19.849
3616.180	-1.750	19.995
3616.190	-1.750	19.702
3616.200	-1.680	19.263
3616.210	-1.680	18.970
3616.220	-1.680	18.677
3616.230	-1.580	18.237
3616.240	-1.580	17.725
3616.250	-1.580	17.725
3616.260	-1.460	17.358
3616.270	-1.460	16.992
3616.280	-1.460	16.479
3616.290	-1.360	15.674
3616.300	-1.360	15.674
3616.310	-1.360	15.308
3616.320	-1.230	14.648
3616.330	-1.230	14.502
3616.340	-1.230	13.843
3616.350	-1.080	13.477
3616.360	-1.080	12.524
3616.370	-1.080	11.938
3616.380	-0.940	11.719
3616.390	-0.940	11.279
3616.400	-0.940	9.814
3616.410	-0.790	9.814
3616.420	-0.790	8.496
3616.430	-0.790	8.496
3616.440	-0.620	8.130
3616.450	-0.620	7.397
3616.460	-0.620	7.031
3616.470	-0.430	6.519
3616.480	-0.430	5.493
3616.490	-0.430	4.980
3616.500	-0.260	4.175
3616.510	-0.260	3.589
3616.520	-0.260	3.076
3616.530	-0.050	2.490
3616.540	-0.050	1.685
3616.550	-0.050	0.952
3616.560	0.090	0.366
3616.570	0.090	-0.220
3616.580	0.090	-0.806
3616.590	0.270	-1.538
3616.600	0.270	-2.344
3616.610	0.270	-2.930
3616.620	0.430	-3.442
3616.630	0.430	-3.955
3616.640	0.430	-4.761
3616.650	0.610	-5.347
3616.660	0.610	-6.079
3616.670	0.610	-6.738
3616.680	0.760	-7.104
3616.690	0.760	-7.617
3616.700	0.760	-7.983
3616.710	0.920	-8.789
3616.720	0.920	-9.302
3616.730	0.920	-9.961
3616.740	1.030	-10.327
3616.750	1.030	-11.060
3616.760	1.030	-11.060
3616.770	1.120	-11.646
3616.780	1.120	-12.231
3616.790	1.120	-12.671
3616.800	1.240	-13.184
3616.810	1.240	-13.403
3616.820	1.240	-13.916
3616.830	1.350	-14.282
3616.840	1.350	-14.575
3616.850	1.350	-14.722
3616.860	1.440	-15.527
3616.870	1.440	-15.820
3616.880	1.440	-15.894
3616.890	1.520	-16.260
3616.900	1.520	-16.699
3616.910	1.520	-16.846
3616.920	1.590	-17.212
3616.930	1.590	-17.358
3616.940	1.590	-17.651
3616.950	1.650	-18.164
3616.960	1.650	-18.164
3616.970	1.650	-18.604
3616.980	1.680	-18.604
3616.990	1.680	-18.750
3617.000	1.680	-18.823
3617.010	1.710	-19.043
3617.020	1.710	-18.970
3617.030	1.710	-19.116
3617.040	1.730	-19.043
3617.050	1.730	-19.263
3617.060	1.730	-19.409
3617.070	1.710	-19.116
3617.080	1.710	-19.189
3617.090	1.710	-19.189
3617.100	1.690	-19.116
3617.110	1.690	-19.263
3617.120	1.690	-19.116
3617.130	1.660	-18.970
3617.140	1.660	-18.750
3617.150	1.660	-18.604
3617.160	1.620	-18.530
3617.170	1.620	-18.091
3617.180	1.620	-18.237
3617.190	1.540	-18.091
3617.200	1.540	-17.725
3617.210	1.540	-17.285
3617.220	1.470	-17.065
3617.230	1.470	-17.212
3617.240	1.470	-16.626
3617.250	1.390	-16.187
3617.260	1.390	-15.747
3617.270	1.390	-15.527
3617.280	1.270	-15.161
3617.290	1.270	-14.648
3617.300	1.270	-14.429
3617.310	1.150	-13.916
3617.320	1.150	-13.257
3617.330	1.150	-12.598
3617.340	1.020	-12.598
3617.350	1.020	-12.012
3617.360	1.020	-11.426
3617.370	0.880	-11.060
3617.380	0.880	-10.474
3617.390	0.880	-10.034
3617.400	0.720	-9.521
3617.410	0.720	-9.082
3617.420	0.720	-8.423
3617.430	0.590	-7.910
3617.440	0.590	-7.324
3617.450	0.590	-6.812
3617.460	0.440	-6.445
3617.470	0.440	-5.640
3617.480	0.440	-5.200
3617.490	0.300	-4.687
3617.500	0.300	-3.955
3617.510	0.300	-3.662
3617.520	0.140	-3.296
3617.530	0.140	-2.783
3617.540	0.140	-2.124
3617.550	-0.020	-1.538
3617.560	-0.020	-0.879
3617.570	-0.020	-0.366
3617.580	-0.170	0.220
3617.590	-0.170	0.806
3617.600	-0.170	1.392
3617.610	-0.320	2.051
3617.620	-0.320	2.710
3617.630	-0.320	3.223
3617.640	-0.450	3.589
3617.650	-0.450	3.955
3617.660	-0.450	4.541
3617.670	-0.580	5.127
3617.680	-0.580	5.566
3617.690	-0.580	6.299
3617.700	-0.700	6.738
3617.710	-0.700	7.104
3617.720	-0.700	7.690
3617.730	-0.830	8.057
3617.740	-0.830	8.789
3617.750	-0.830	9.009
3617.760	-0.940	9.521
3617.770	-0.940	9.888
3617.780	-0.940	10.474
3617.790	-1.060	10.474
3617.800	-1.060	11.133
3617.810	-1.060	11.572
3617.820	-1.170	11.792
3617.830	-1.170	12.012
3617.840	-1.170	12.451
3617.850	-1.250	13.403
3617.860	-1.250	13.184
3617.870	-1.250	13.770
3617.880	-1.350	14.062
3617.890	-1.350	14.209
3617.900	-1.350	14.575
3617.910	-1.400	15.015
3617.920	-1.400	14.941
3617.930	-1.400	15.674
3617.940	-1.440	15.820
3617.950	-1.440	15.381
3617.960	-1.440	16.040
3617.970	-1.490	16.040
3617.980	-1.490	16.040
3617.990	-1.490	16.553
3618.000	-1.530	16.333
3618.010	-1.530	16.333
3618.020	-1.530	16.772
3618.030	-1.520	16.479
3618.040	-1.520	16.553
3618.050	-1.520	17.065
3618.060	-1.480	16.553
3618.070	-1.480	16.699
3618.080	-1.480	16.772
3618.090	-1.500	16.479
3618.100	-1.500	16.626
3618.110	-1.500	16.553
3618.120	-1.470	16.040
3618.130	-1.470	16.260
3618.140	-1.470	15.527
3618.150	-1.390	15.527
3618.160	-1.390	15.894
3618.170	-1.390	15.527
3618.180	-1.310	15.015
3618.190	-1.310	15.161
3618.200	-1.310	14.648
3618.210	-1.270	14.429
3618.220	-1.270	14.355
3618.230	-1.270	13.550
3618.240	-1.180	13.550
3618.250	-1.180	13.330
3618.260	-1.180	12.451
3618.270	-1.030	12.451
3618.280	-1.030	12.231
3618.290	-1.030	11.206
3618.300	-0.920	11.206
3618.310	-0.920	10.913
3618.320	-0.920	9.814
3618.330	-0.830	9.814
3618.340	-0.830	9.448
3618.350	-0.830	8.569
3618.360	-0.640	8.569
3618.370	-0.640	7.617
3618.380	-0.640	6.592
3618.390	-0.480	6.592
3618.400	-0.480	6.372
3618.410	-0.480	4.907
3618.420	-0.340	4.907
3618.430	-0.340	4.395
3618.440	-0.340	3.149
3618.450	-0.160	3.149
3618.460	-0.160	2.710
3618.470	-0.160	1.611
3618.480	0.040	1.611
3618.490	0.040	0.806
3618.500	0.040	-0.586
3618.510	0.190	-0.586
3618.520	0.190	-1.465
3618.530	0.190	-2.490
3618.540	0.350	-2.490
3618.550	0.350	-3.003
3618.560	0.350	-4.321
3618.570	0.510	-4.321
3618.580	0.510	-4.834
3618.590	0.510	-6.299
3618.600	0.660	-6.299
3618.610	0.660	-6.665
3618.620	0.660	-7.764
3618.630	0.850	-7.764
3618.640	0.850	-8.789
3618.650	0.850	-9.888
3618.660	1.010	-9.888
3618.670	1.010	-11.206
3618.680	1.010	-11.426
3618.690	1.130	-11.426
3618.700	1.130	-12.012
3618.710	1.130	-12.964
3618.720	1.270	-12.964
3618.730	1.270	-13.550
3618.740	1.270	-14.502
3618.750	1.410	-14.502
3618.760	1.410	-15.088
3618.770	1.410	-15.747
3618.780	1.520	-15.747
3618.790	1.520	-16.333
3618.800	1.520	-16.919
3618.810	1.610	-16.919
3618.820	1.610	-17.871
3618.830	1.610	-18.164
3618.840	1.720	-18.164
3618.850	1.720	-18.677
3618.860	1.720	-19.263
3618.870	1.810	-19.263
3618.880	1.810	-19.775
3618.890	1.810	-20.508
3618.900	1.890	-20.508
3618.910	1.890	-20.874
3618.920	1.890	-21.387
3618.930	1.960	-21.387
3618.940	1.960	-21.387
3618.950	1.960	-21.826
3618.960	2.010	-21.826
3618.970	2.010	-22.119
3618.980	2.010	-22.559
3618.990	2.030	-22.559
3619.000	2.030	-22.412
3619.010	2.030	-22.485
3619.020	2.060	-22.778
3619.030	2.060	-22.852
3619.040	2.060	-22.852
3619.050	2.070	-22.705
3619.060	2.070	-22.925
3619.070	2.070	-22.998
3619.080	2.050	-22.998
3619.090	2.050	-22.705
3619.100	2.050	-22.998
3619.110	2.040	-22.925
3619.120	2.040	-22.925
3619.130	2.040	-22.559
3619.140	1.990	-22.852
3619.150	1.990	-22.559
3619.160	1.990	-22.632
3619.170	1.940	-22.119
3619.180	1.940	-22.119
3619.190	1.940	-21.606
3619.200	1.860	-21.460
3619.210	1.860	-21.021
3619.220	1.860	-20.728
3619.230	1.770	-20.801
3619.240	1.770	-20.288
3619.250	1.770	-20.068
3619.260	1.680	-19.409
3619.270	1.680	-19.189
3619.280	1.680	-18.530
3619.290	1.570	-18.530
3619.300	1.570	-18.164
3619.310	1.570	-17.285
3619.320	1.440	-17.285
3619.330	1.440	-16.626
3619.340	1.440	-16.479
3619.350	1.310	-15.674
3619.360	1.310	-15.527
3619.370	1.310	-15.015
3619.380	1.170	-14.429
3619.390	1.170	-13.916
3619.400	1.170	-13.403
3619.410	1.040	-12.598
3619.420	1.040	-12.598
3619.430	1.040	-11.792
3619.440	0.890	-10.840
3619.450	0.890	-10.767
3619.460	0.890	-9.961
3619.470	0.730	-9.521
3619.480	0.730	-9.009
3619.490	0.730	-8.569
3619.500	0.580	-7.690
3619.510	0.580	-7.104
3619.520	0.580	-6.372
3619.530	0.420	-6.152
3619.540	0.420	-5.713
3619.550	0.420	-4.907
3619.560	0.270	-4.395
3619.570	0.270	-3.735
3619.580	0.270	-3.003
3619.590	0.110	-2.563
3619.600	0.110	-2.197
3619.610	0.110	-1.758
3619.620	-0.050	-1.172
3619.630	-0.050	-0.513
3619.640	-0.050	0.073
3619.650	-0.200	0.659
3619.660	-0.200	1.245
3619.670	-0.200	1.758
3619.680	-0.330	2.197
3619.690	-0.330	2.563
3619.700	-0.330	3.003
3619.710	-0.480	3.809
3619.720	-0.480	4.321
3619.730	-0.480	4.834
3619.740	-0.610	5.420
3619.750	-0.610	5.786
3619.760	-0.610	5.933
3619.770	-0.710	6.592
3619.780	-0.710	7.178
3619.790	-0.710	7.690
3619.800	-0.820	8.350
3619.810	-0.820	8.130
3619.820	-0.820	8.643
3619.830	-0.920	9.155
3619.840	-0.920	9.448
3619.850	-0.920	9.668
3619.860	-1.000	10.254
3619.870	-1.000	10.474
3619.880	-1.000	10.767
3619.890	-1.070	10.986
3619.900	-1.070	11.060
3619.910	-1.070	11.719
3619.920	-1.110	12.085
3619.930	-1.110	11.938
3619.940	-1.110	12.305
3619.950	-1.180	12.598
3619.960	-1.180	12.744
3619.970	-1.180	12.744
3619.980	-1.220	12.964
3619.990	-1.220	13.330
3620.000	-1.220	13.330
3620.010	-1.220	13.696
3620.020	-1.220	13.403
3620.030	-1.220	13.550
3620.040	-1.250	13.477
3620.050	-1.250	13.623
3620.060	-1.250	13.770
3620.070	-1.240	13.623
3620.080	-1.240	13.696
3620.090	-1.240	13.550
3620.100	-1.180	13.550
3620.110	-1.180	13.110
3620.120	-1.180	13.110
3620.130	-1.150	13.403
3620.140	-1.150	12.891
3620.150	-1.150	12.891
3620.160	-1.130	12.524
3620.170	-1.130	12.671
3620.180	-1.130	11.938
3620.190	-1.030	11.792
3620.200	-1.030	11.719
3620.210	-1.030	11.499
3620.220	-0.930	11.279
3620.230	-0.930	10.547
3620.240	-0.930	10.767
3620.250	-0.860	10.254
3620.260	-0.860	9.888
3620.270	-0.860	9.521
3620.280	-0.750	9.302
3620.290	-0.750	8.643
3620.300	-0.750	8.350
3620.310	-0.640	7.983
3620.320	-0.640	7.471
3620.330	-0.640	7.178
3620.340	-0.480	6.519
3620.350	-0.480	6.079
3620.360	-0.480	5.640
3620.370	-0.340	4.980
3620.380	-0.340	4.468
3620.390	-0.340	4.102
3620.400	-0.170	3.296
3620.410	-0.170	2.637
3620.420	-0.170	2.124
3620.430	-0.010	1.611
3620.440	-0.010	0.952
3620.450	-0.010	0.293
3620.460	0.160	-0.366
3620.470	0.160	-1.099
3620.480	0.160	-1.685
3620.490	0.340	-2.271
3620.500	0.340	-2.856
3620.510	0.340	-3.735
3620.520	0.500	-4.395
3620.530	0.500	-4.834
3620.540	0.500	-5.420
3620.550	0.670	-6.226
3620.560	0.670	-6.738
3620.570	0.670	-7.471
3620.580	0.840	-7.837
3620.590	0.840	-8.569
3620.600	0.840	-9.082
3620.610	1.000	-9.741
3620.620	1.000	-10.034
3620.630	1.000	-10.913
3620.640	1.140	-11.499
3620.650	1.140	-11.938
3620.660	1.140	-12.524
3620.670	1.280	-12.817
3620.680	1.280	-13.550
3620.690	1.280	-13.843
3620.700	1.410	-14.429
3620.710	1.410	-14.648
3620.720	1.410	-15.454
3620.730	1.520	-16.113
3620.740	1.520	-16.333
3620.750	1.520	-16.699
3620.760	1.640	-17.358
3620.770	1.640	-17.798
3620.780	1.640	-18.384
3620.790	1.760	-18.823
3620.800	1.760	-19.189
3620.810	1.760	-19.409
3620.820	1.860	-19.995
3620.830	1.860	-19.995
3620.840	1.860	-20.728
3620.850	1.950	-21.167
3620.860	1.950	-21.313
3620.870	1.950	-21.606
3620.880	2.040	-21.753
3620.890	2.040	-22.119
3620.900	2.040	-22.412
3620.910	2.090	-22.852
3620.920	2.090	-22.852
3620.930	2.090	-23.218
3620.940	2.160	-23.511
3620.950	2.160	-23.584
3620.960	2.160	-23.730
3620.970	2.200	-23.950
3620.980	2.200	-24.243
3620.990	2.200	-24.316
3621.000	2.230	-24.829
3621.010	2.230	-24.683
3621.020	2.230	-25.049
3621.030	2.250	-24.976
3621.040	2.250	-24.976
3621.050	2.250	-25.049
3621.060	2.230	-25.269
3621.070	2.230	-25.049
3621.080	2.230	-24.902
3621.090	2.240	-25.122
3621.100	2.240	-24.609
3621.110	2.240	-24.756
3621.120	2.210	-24.536
3621.130	2.210	-24.609
3621.140	2.210	-24.316
3621.150	2.160	-24.390
3621.160	2.160	-23.950
3621.170	2.160	-24.170
3621.180	2.100	-23.877
3621.190	2.100	-23.511
3621.200	2.100	-23.437
3621.210	2.030	-23.291
3621.220	2.030	-22.998
3621.230	2.030	-22.632
3621.240	1.960	-22.559
3621.250	1.960	-21.973
3621.260	1.960	-21.899
3621.270	1.840	-21.094
3621.280	1.840	-20.801
3621.290	1.840	-20.581
3621.300	1.700	-20.068
3621.310	1.700	-19.556
3621.320	1.700	-18.970
3621.330	1.560	-18.604
3621.340	1.560	-18.018
3621.350	1.560	-17.432
3621.360	1.430	-16.919
3621.370	1.430	-16.553
3621.380	1.430	-16.113
3621.390	1.260	-15.308
3621.400	1.260	-14.722
3621.410	1.260	-14.282
3621.420	1.090	-13.770
3621.430	1.090	-12.964
3621.440	1.090	-12.451
3621.450	0.960	-12.012
3621.460	0.960	-11.499
3621.470	0.960	-10.840
3621.480	0.770	-9.961
3621.490	0.770	-9.521
3621.500	0.770	-9.009
3621.510	0.610	-8.203
3621.520	0.610	-7.617
3621.530	0.610	-7.324
3621.540	0.490	-6.738
3621.550	0.490	-6.152
3621.560	0.490	-5.273
3621.570	0.280	-4.761
3621.580	0.280	-4.321
3621.590	0.280	-3.589
3621.600	0.160	-3.003
3621.610	0.160	-2.490
3621.620	0.160	-1.978
3621.630	-0.020	-1.245
3621.640	-0.020	-0.586
3621.650	-0.020	-0.146
3621.660	-0.150	0.366
3621.670	-0.150	0.952
3621.680	-0.150	1.685
3621.690	-0.300	2.124
3621.700	-0.300	2.637
3621.710	-0.300	3.223
3621.720	-0.450	3.882
3621.730	-0.450	4.321
3621.740	-0.450	4.687
3621.750	-0.580	5.200
3621.760	-0.580	6.006
3621.770	-0.580	6.299
3621.780	-0.700	6.665
3621.790	-0.700	7.104
3621.800	-0.700	7.324
3621.810	-0.800	7.983
3621.820	-0.800	8.203
3621.830	-0.800	8.716
3621.840	-0.900	9.155
3621.850	-0.900	9.375
3621.860	-0.900	9.668
3621.870	-0.960	10.034
3621.880	-0.960	10.254
3621.890	-0.960	10.327
3621.900	-1.060	11.133
3621.910	-1.060	10.986
3621.920	-1.060	11.353
3621.930	-1.100	11.426
3621.940	-1.100	11.865
3621.950	-1.100	12.378
3621.960	-1.140	12.085
3621.970	-1.140	12.378
3621.980	-1.140	12.451
3621.990	-1.190	12.891
3622.000	-1.190	12.451
3622.010	-1.190	12.891
3622.020	-1.180	12.964
3622.030	-1.180	13.037
3622.040	-1.180	12.964
3622.050	-1.200	12.964
3622.060	-1.200	13.257
3622.070	-1.200	12.891
3622.080	-1.210	13.110
3622.090	-1.210	12.891
3622.100	-1.210	13.257
3622.110	-1.160	12.817
3622.120	-1.160	12.891
3622.130	-1.160	12.744
3622.140	-1.120	12.598
3622.150	-1.120	12.158
3622.160	-1.120	12.158
3622.170	-1.080	12.231
3622.180	-1.080	11.865
3622.190	-1.080	11.499
3622.200	-0.980	11.426
3622.210	-0.980	11.206
3622.220	-0.980	10.767
3622.230	-0.900	10.547
3622.240	-0.900	9.961
3622.250	-0.900	9.961
3622.260	-0.790	9.375
3622.270	-0.790	8.936
3622.280	-0.790	8.569
3622.290	-0.650	8.423
3622.300	-0.650	7.544
3622.310	-0.650	7.031
3622.320	-0.530	6.519
3622.330	-0.530	6.226
3622.340	-0.530	6.006
3622.350	-0.380	5.420
3622.360	-0.380	4.834
3622.370	-0.380	4.321
3622.380	-0.240	3.662
3622.390	-0.240	3.076
3622.400	-0.240	2.637
3622.410	-0.110	2.271
3622.420	-0.110	1.758
3622.430	-0.110	1.025
3622.440	0.060	0.439
3622.450	0.060	-0.220
3622.460	0.060	-0.879
3622.470	0.220	-1.611
3622.480	0.220	-2.124
3622.490	0.220	-2.637
3622.500	0.380	-3.076
3622.510	0.380	-3.809
3622.520	0.380	-4.468
3622.530	0.540	-5.054
3622.540	0.540	-5.933
3622.550	0.540	-6.445
3622.560	0.710	-6.738
3622.570	0.710	-7.251
3622.580	0.710	-7.837
3622.590	0.880	-8.716
3622.600	0.880	-9.229
3622.610	0.880	-10.327
3622.620	1.030	-10.327
3622.630	1.030	-11.133
3622.640	1.030	-11.133
3622.650	1.160	-11.865
3622.660	1.160	-12.744
3622.670	1.160	-12.891
3622.680	1.300	-13.550
3622.690	1.300	-14.062
3622.700	1.300	-14.502
3622.710	1.440	-14.941
3622.720	1.440	-15.601
3622.730	1.440	-15.820
3622.740	1.570	-16.699
3622.750	1.570	-16.772
3622.760	1.570	-17.139
3622.770	1.680	-18.018
3622.780	1.680	-18.311
3622.790	1.680	-18.677
3622.800	1.780	-19.116
3622.810	1.780	-19.482
3622.820	1.780	-19.556
3622.830	1.880	-20.142
3622.840	1.880	-20.288
3622.850	1.880	-20.874
3622.860	1.960	-21.167
3622.870	1.960	-21.313
3622.880	1.960	-21.680
3622.890	2.030	-21.826
3622.900	2.030	-22.339
3622.910	2.030	-22.559
3622.920	2.100	-22.998
3622.930	2.100	-22.925
3622.940	2.100	-23.218
3622.950	2.130	-23.437
3622.960	2.130	-23.511
3622.970	2.130	-23.584
3622.980	2.160	-23.730
3622.990	2.160	-23.804
3623.000	2.160	-23.804
3623.010	2.160	-23.877
3623.020	2.160	-23.877
3623.030	2.160	-24.097
3623.040	2.180	-24.023
3623.050	2.180	-24.023
3623.060	2.180	-23.950
3623.070	2.150	-24.170
3623.080	2.150	-23.877
3623.090	2.150	-23.877
3623.100	2.140	-23.877
3623.110	2.140	-23.950
3623.120	2.140	-23.584
3623.130	2.090	-23.437
3623.140	2.090	-23.291
3623.150	2.090	-23.145
3623.160	2.030	-23.071
3623.170	2.030	-22.559
3623.180	2.030	-22.266
3623.190	1.950	-22.266
3623.200	1.950	-22.119
3623.210	1.950	-21.387
3623.220	1.850	-21.387
3623.230	1.850	-20.947
3623.240	1.850	-20.728
3623.250	1.750	-20.508
3623.260	1.750	-19.922
3623.270	1.750	-19.556
3623.280	1.580	-19.043
3623.290	1.580	-18.677
3623.300	1.580	-18.164
3623.310	1.510	-17.725
3623.320	1.510	-17.212
3623.330	1.510	-16.699
3623.340	1.370	-16.187
3623.350	1.370	-15.381
3623.360	1.370	-15.088
3623.370	1.230	-14.941
3623.380	1.230	-14.136
3623.390	1.230	-13.477
3623.400	1.070	-12.817
3623.410	1.070	-12.524
3623.420	1.070	-12.012
3623.430	0.920	-11.353
3623.440	0.920	-10.840
3623.450	0.920	-10.327
3623.460	0.740	-9.595
3623.470	0.740	-8.862
3623.480	0.740	-8.569
3623.490	0.570	-7.837
3623.500	0.570	-7.104
3623.510	0.570	-6.226
3623.520	0.400	-5.566
3623.530	0.400	-5.054
3623.540	0.400	-4.321
3623.550	0.230	-3.809
3623.560	0.230	-3.223
3623.570	0.230	-2.417
3623.580	0.060	-1.831
3623.590	0.060	-1.245
3623.600	0.060	-0.732
3623.610	-0.110	-0.293
3623.620	-0.110	0.220
3623.630	-0.110	0.732
3623.640	-0.260	1.245
3623.650	-0.260	1.758
3623.660	-0.260	2.344
3623.670	-0.410	3.076
3623.680	-0.410	3.589
3623.690	-0.410	4.028
3623.700	-0.550	4.687
3623.710	-0.550	5.127
3623.720	-0.550	5.566
3623.730	-0.650	6.226
3623.740	-0.650	6.812
3623.750	-0.650	7.397
3623.760	-0.760	7.910
3623.770	-0.760	7.837
3623.780	-0.760	8.496
3623.790	-0.880	8.936
3623.800	-0.880	9.302
3623.810	-0.880	9.595
3623.820	-0.970	10.254
3623.830	-0.970	10.474
3623.840	-0.970	10.840
3623.850	-1.070	10.986
3623.860	-1.070	11.133
3623.870	-1.070	11.792
3623.880	-1.130	12.158
3623.890	-1.130	12.085
3623.900	-1.130	12.451
3623.910	-1.200	12.817
3623.920	-1.200	12.744
3623.930	-1.200	13.037
3623.940	-1.270	13.184
3623.950	-1.270	13.696
3623.960	-1.270	13.770
3623.970	-1.290	14.062
3623.980	-1.290	13.989
3623.990	-1.290	14.136
3624.000	-1.340	14.209
3624.010	-1.340	14.502
3624.020	-1.340	14.429
3624.030	-1.340	14.722
3624.040	-1.340	14.722
3624.050	-1.340	14.429
3624.060	-1.320	14.722
3624.070	-1.320	14.429
3624.080	-1.320	14.429
3624.090	-1.320	14.722
3624.100	-1.320	14.429
3624.110	-1.320	14.282
3624.120	-1.280	14.209
3624.130	-1.280	13.989
3624.140	-1.280	13.989
3624.150	-1.230	13.989
3624.160	-1.230	13.696
3624.170	-1.230	13.623
3624.180	-1.190	13.477
3624.190	-1.190	12.891
3624.200	-1.190	12.817
3624.210	-1.090	12.524
3624.220	-1.090	12.598
3624.230	-1.090	11.938
3624.240	-1.010	11.426
3624.250	-1.010	11.353
3624.260	-1.010	10.840
3624.270	-0.900	10.547
3624.280	-0.900	9.888
3624.290	-0.900	9.595
3624.300	-0.740	9.009
3624.310	-0.740	8.716
3624.320	-0.740	8.057
3624.330	-0.650	7.690
3624.340	-0.650	7.397
3624.350	-0.650	6.738
3624.360	-0.460	6.226
3624.370	-0.460	5.566
3624.380	-0.460	4.614
3624.390	-0.320	4.614
3624.400	-0.320	4.028
3624.410	-0.320	2.710
3624.420	-0.160	2.710
3624.430	-0.160	2.197
3624.440	-0.160	0.806
3624.450	0.030	0.806
3624.460	0.030	0.366
3624.470	0.030	-0.586
3624.480	0.190	-0.586
3624.490	0.190	-1.245
3624.500	0.190	-1.978
3624.510	0.350	-2.563
3624.520	0.350	-3.149
3624.530	0.350	-3.955
3624.540	0.520	-4.614
3624.550	0.520	-4.980
3624.560	0.520	-5.566
3624.570	0.680	-6.372
3624.580	0.680	-6.885
3624.590	0.680	-7.617
3624.600	0.800	-7.910
3624.610	0.800	-8.496
3624.620	0.800	-9.082
3624.630	0.950	-9.741
3624.640	0.950	-9.888
3624.650	0.950	-10.693
3624.660	1.090	-11.206
3624.670	1.090	-11.792
3624.680	1.090	-12.085
3624.690	1.220	-12.524
3624.700	1.220	-13.330
3624.710	1.220	-13.477
3624.720	1.330	-13.989
3624.730	1.330	-14.355
3624.740	1.330	-14.722
3624.750	1.440	-15.308
3624.760	1.440	-15.894
3624.770	1.440	-15.894
3624.780	1.550	-16.553
3624.790	1.550	-16.626
3624.800	1.550	-16.919
3624.810	1.640	-17.798
3624.820	1.640	-17.798
3624.830	1.640	-17.944
3624.840	1.720	-18.604
3624.850	1.720	-18.750
3624.860	1.720	-18.970
3624.870	1.800	-19.409
3624.880	1.800	-19.775
3624.890	1.800	-20.068
3624.900	1.860	-20.435
3624.910	1.860	-20.068
3624.920	1.860	-20.508
3624.930	1.900	-20.581
3624.940	1.900	-20.874
3624.950	1.900	-21.021
3624.960	1.950	-21.167
3624.970	1.950	-21.387
3624.980	1.950	-21.460
3624.990	1.950	-21.753
3625.000	1.950	-21.387
3625.010	1.950	-21.973
3625.020	1.980	-21.973
3625.030	1.980	-22.266
3625.040	1.980	-21.899
3625.050	1.960	-22.046
3625.060	1.960	-21.753
3625.070	1.960	-21.826
3625.080	1.960	-21.680
3625.090	1.960	-21.460
3625.100	1.960	-21.680
3625.110	1.910	-21.533
3625.120	1.910	-21.533
3625.130	1.910	-21.094
3625.140	1.870	-21.387
3625.150	1.870	-20.654
3625.160	1.870	-20.801
3625.170	1.790	-20.435
3625.180	1.790	-20.142
3625.190	1.790	-20.068
3625.200	1.710	-19.409
3625.210	1.710	-19.043
3625.220	1.710	-18.750
3625.230	1.610	-18.384
3625.240	1.610	-17.725
3625.250	1.610	-17.871
3625.260	1.480	-17.358
3625.270	1.480	-16.846
3625.280	1.480	-16.699
3625.290	1.360	-15.820
3625.300	1.360	-15.601
3625.310	1.360	-15.234
3625.320	1.210	-14.502
3625.330	1.210	-14.282
3625.340	1.210	-13.770
3625.350	1.070	-13.330
3625.360	1.070	-12.598
3625.370	1.070	-11.865
3625.380	0.910	-11.279
3625.390	0.910	-10.840
3625.400	0.910	-10.327
3625.410	0.740	-9.741
3625.420	0.740	-9.082
3625.430	0.740	-8.276
3625.440	0.570	-7.764
3625.450	0.570	-7.031
3625.460	0.570	-6.592
3625.470	0.360	-6.152
3625.480	0.360	-5.347
3625.490	0.360	-4.761
3625.500	0.250	-4.102
3625.510	0.250	-3.296
3625.520	0.250	-2.856
3625.530	0.080	-2.344
3625.540	0.080	-1.758
3625.550	0.080	-1.025
3625.560	-0.080	-0.439
3625.570	-0.080	0.146
3625.580	-0.080	0.732
3625.590	-0.240	1.392
3625.600	-0.240	2.051
3625.610	-0.240	2.563
3625.620	-0.390	3.003
3625.630	-0.390	3.589
3625.640	-0.390	4.395
3625.650	-0.540	4.980
3625.660	-0.540	5.420
3625.670	-0.540	6.079
3625.680	-0.670	6.372
3625.690	-0.670	6.592
3625.700	-0.670	7.251
3625.710	-0.810	7.837
3625.720	-0.810	8.643
3625.730	-0.810	8.862
3625.740	-0.940	9.448
3625.750	-0.940	9.741
3625.760	-0.940	10.400
3625.770	-1.070	10.474
3625.780	-1.070	11.279
3625.790	-1.070	11.865
3625.800	-1.170	12.158
3625.810	-1.170	12.598
3625.820	-1.170	12.744
3625.830	-1.290	13.477
3625.840	-1.290	13.257
3625.850	-1.290	13.989
3625.860	-1.380	14.355
3625.870	-1.380	14.868
3625.880	-1.380	15.015
3625.890	-1.470	15.308
3625.900	-1.470	15.454
3625.910	-1.470	15.674
3625.920	-1.520	16.040
3625.930	-1.520	16.333
3625.940	-1.520	16.846
3625.950	-1.570	16.553
3625.960	-1.570	16.846
3625.970	-1.570	17.212
3625.980	-1.610	17.358
3625.990	-1.610	17.432
3626.000	-1.610	17.871
3626.010	-1.620	17.871
3626.020	-1.620	18.018
3626.030	-1.620	17.871
3626.040	-1.640	17.871
3626.050	-1.640	18.164
3626.060	-1.640	18.018
3626.070	-1.650	18.018
3626.080	-1.650	17.798
3626.090	-1.650	18.164
3626.100	-1.610	18.164
3626.110	-1.610	17.578
3626.120	-1.610	17.651
3626.130	-1.600	17.651
3626.140	-1.600	17.725
3626.150	-1.600	17.065
3626.160	-1.550	17.065
3626.170	-1.550	17.065
3626.180	-1.550	17.212
3626.190	-1.470	16.626
3626.200	-1.470	16.553
3626.210	-1.470	16.553
3626.220	-1.410	15.967
3626.230	-1.410	15.674
3626.240	-1.410	15.088
3626.250	-1.300	15.088
3626.260	-1.300	14.648
3626.270	-1.300	14.282
3626.280	-1.180	13.696
3626.290	-1.180	13.477
3626.300	-1.180	12.598
3626.310	-1.060	12.524
3626.320	-1.060	12.158
3626.330	-1.060	11.792
3626.340	-0.930	11.206
3626.350	-0.930	10.400
3626.360	-0.930	10.474
3626.370	-0.790	9.668
3626.380	-0.790	9.155
3626.390	-0.790	8.716
3626.400	-0.640	8.423
3626.410	-0.640	7.324
3626.420	-0.640	6.812
3626.430	-0.480	6.006
3626.440	-0.480	5.640
3626.450	-0.480	5.273
3626.460	-0.310	4.395
3626.470	-0.310	3.882
3626.480	-0.310	3.369
3626.490	-0.140	2.637
3626.500	-0.140	2.051
3626.510	-0.140	1.611
3626.520	0.020	0.952
3626.530	0.020	0.293
3626.540	0.020	-0.366
3626.550	0.200	-1.099
3626.560	0.200	-1.611
3626.570	0.200	-2.124
3626.580	0.370	-2.783
3626.590	0.370	-3.442
3626.600	0.370	-3.955
3626.610	0.520	-4.541
3626.620	0.520	-5.273
3626.630	0.520	-5.566
3626.640	0.660	-5.933
3626.650	0.660	-6.665
3626.660	0.660	-7.251
3626.670	0.790	-8.203
3626.680	0.790	-8.423
3626.690	0.790	-8.716
3626.700	0.920	-9.302
3626.710	0.920	-9.741
3626.720	0.920	-9.961
3626.730	1.050	-10.547
3626.740	1.050	-11.206
3626.750	1.050	-11.646
3626.760	1.150	-11.865
3626.770	1.150	-12.012
3626.780	1.150	-12.598
3626.790	1.250	-13.184
3626.800	1.250	-13.623
3626.810	1.250	-14.062
3626.820	1.360	-14.282
3626.830	1.360	-14.722
3626.840	1.360	-15.088
3626.850	1.440	-15.161
3626.860	1.440	-15.894
3626.870	1.440	-16.333
3626.880	1.520	-16.260
3626.890	1.520	-16.479
3626.900	1.520	-16.772
3626.910	1.580	-16.992
3626.920	1.580	-17.432
3626.930	1.580	-17.358
3626.940	1.620	-17.505
3626.950	1.620	-17.944
3626.960	1.620	-17.871
3626.970	1.660	-17.871
3626.980	1.660	-18.311
3626.990	1.660	-18.457
3627.000	1.670	-18.677
3627.010	1.670	-18.677
3627.020	1.670	-18.604
3627.030	1.690	-18.677
3627.040	1.690	-18.677
3627.050	1.690	-18.677
3627.060	1.660	-18.750
3627.070	1.660	-18.677
3627.080	1.660	-18.457
3627.090	1.660	-18.311
3627.100	1.660	-17.944
3627.110	1.660	-17.944
3627.120	1.610	-17.944
3627.130	1.610	-18.164
3627.140	1.610	-17.871
3627.150	1.570	-17.505
3627.160	1.570	-17.358
3627.170	1.570	-17.212
3627.180	1.470	-17.139
3627.190	1.470	-16.846
3627.200	1.470	-16.333
3627.210	1.390	-16.333
3627.220	1.390	-16.040
3627.230	1.390	-15.454
3627.240	1.300	-15.234
3627.250	1.300	-15.088
3627.260	1.300	-14.355
3627.270	1.180	-13.989
3627.280	1.180	-13.403
3627.290	1.180	-13.257
3627.300	1.050	-12.671
3627.310	1.050	-12.158
3627.320	1.050	-11.646
3627.330	0.900	-11.206
3627.340	0.900	-10.840
3627.350	0.900	-9.961
3627.360	0.750	-9.521
3627.370	0.750	-8.789
3627.380	0.750	-8.496
3627.390	0.590	-7.617
3627.400	0.590	-7.104
3627.410	0.590	-6.592
3627.420	0.420	-5.933
3627.430	0.420	-5.420
3627.440	0.420	-4.687
3627.450	0.250	-4.175
3627.460	0.250	-3.735
3627.470	0.250	-3.149
3627.480	0.080	-2.417
3627.490	0.080	-1.904
3627.500	0.080	-1.318
3627.510	-0.100	-0.586
3627.520	-0.100	0.220
3627.530	-0.100	0.952
3627.540	-0.250	1.538
3627.550	-0.250	2.051
3627.560	-0.250	2.637
3627.570	-0.410	3.369
3627.580	-0.410	3.882
3627.590	-0.410	4.248
3627.600	-0.550	4.687
3627.610	-0.550	5.420
3627.620	-0.550	5.713
3627.630	-0.700	6.445
3627.640	-0.700	6.958
3627.650	-0.700	7.397
3627.660	-0.850	8.130
3627.670	-0.850	8.423
3627.680	-0.850	9.155
3627.690	-0.960	9.668
3627.700	-0.960	10.400
3627.710	-0.960	10.547
3627.720	-1.090	11.279
3627.730	-1.090	11.426
3627.740	-1.090	12.085
3627.750	-1.220	12.891
3627.760	-1.220	12.744
3627.770	-1.220	13.477
3627.780	-1.350	13.989
3627.790	-1.350	14.355
3627.800	-1.350	14.795
3627.810	-1.440	15.381
3627.820	-1.440	15.454
3627.830	-1.440	16.040
3627.840	-1.570	16.260
3627.850	-1.570	16.626
3627.860	-1.570	17.432
3627.870	-1.650	17.212
3627.880	-1.650	17.505
3627.890	-1.650	18.091
3627.900	-1.740	18.384
3627.910	-1.740	18.604
3627.920	-1.740	18.823
3627.930	-1.790	19.189
3627.940	-1.790	19.263
3627.950	-1.790	19.482
3627.960	-1.830	19.556
3627.970	-1.830	20.215
3627.980	-1.830	20.288
3627.990	-1.890	20.581
3628.000	-1.890	20.508
3628.010	-1.890	20.874
3628.020	-1.890	20.874
3628.030	-1.890	20.581
3628.040	-1.890	20.947
3628.050	-1.890	20.728
3628.060	-1.890	20.947
3628.070	-1.890	20.874
3628.080	-1.910	20.874
3628.090	-1.910	20.801
3628.100	-1.910	20.508
3628.110	-1.870	21.094
3628.120	-1.870	20.581
3628.130	-1.870	20.874
3628.140	-1.860	20.508
3628.150	-1.860	20.581
3628.160	-1.860	20.435
3628.170	-1.810	20.068
3628.180	-1.810	19.849
3628.190	-1.810	19.482
3628.200	-1.710	19.702
3628.210	-1.710	19.116
3628.220	-1.710	18.823
3628.230	-1.660	18.604
3628.240	-1.660	18.457
3628.250	-1.660	17.798
3628.260	-1.540	17.505
3628.270	-1.540	17.358
3628.280	-1.540	16.846
3628.290	-1.440	16.626
3628.300	-1.440	16.187
3628.310	-1.440	15.381
3628.320	-1.310	15.527
3628.330	-1.310	14.722
3628.340	-1.310	14.282
3628.350	-1.170	13.916
3628.360	-1.170	13.477
3628.370	-1.170	12.817
3628.380	-1.040	12.598
3628.390	-1.040	11.719
3628.400	-1.040	11.060
3628.410	-0.880	11.060
3628.420	-0.880	10.107
3628.430	-0.880	9.741
