% Time (s)	Gyro Output (rads/s)	Input Rate (RPM)	%2/21/20249:31 AM
0.000	0.000	0.000
3797.310	-0.010	0.000
3797.320	-0.010	0.000
3797.330	-0.010	0.000
3797.340	-0.010	0.000
3797.350	-0.010	0.000
3797.360	-0.010	0.000
3797.370	-0.010	0.000
3797.380	-0.010	0.000
3797.390	-0.010	0.000
3797.400	-0.010	0.000
3797.410	-0.010	0.000
3797.420	-0.010	0.000
3797.430	0.000	0.000
3797.440	0.000	-0.073
3797.450	0.000	-0.073
3797.460	0.000	-0.073
3797.470	0.000	-0.146
3797.480	0.000	-0.146
3797.490	0.010	-0.220
3797.500	0.010	-0.366
3797.510	0.010	-0.439
3797.520	0.060	-0.513
3797.530	0.060	-0.659
3797.540	0.060	-0.732
3797.550	0.200	-0.879
3797.560	0.200	-1.099
3797.570	0.200	-1.172
3797.580	0.200	-1.465
3797.590	0.200	-1.758
3797.600	0.200	-2.051
3797.610	0.280	-2.344
3797.620	0.280	-2.637
3797.630	0.280	-2.930
3797.640	0.350	-3.369
3797.650	0.350	-3.955
3797.660	0.350	-4.175
3797.670	0.460	-4.541
3797.680	0.460	-4.907
3797.690	0.460	-5.420
3797.700	0.600	-5.713
3797.710	0.600	-6.299
3797.720	0.600	-6.812
3797.730	0.710	-7.104
3797.740	0.710	-7.471
3797.750	0.710	-7.690
3797.760	0.830	-8.423
3797.770	0.830	-8.936
3797.780	0.830	-9.229
3797.790	0.960	-9.741
3797.800	0.960	-10.254
3797.810	0.960	-10.547
3797.820	1.090	-10.913
3797.830	1.090	-11.426
3797.840	1.090	-12.085
3797.850	1.190	-12.378
3797.860	1.190	-12.744
3797.870	1.190	-13.477
3797.880	1.320	-13.770
3797.890	1.320	-13.989
3797.900	1.320	-14.575
3797.910	1.420	-14.722
3797.920	1.420	-15.234
3797.930	1.420	-15.894
3797.940	1.500	-15.820
3797.950	1.500	-16.260
3797.960	1.500	-16.626
3797.970	1.500	-16.699
3797.980	1.500	-17.285
3797.990	1.500	-17.065
3798.000	1.500	-17.065
3798.010	1.500	-17.578
3798.020	1.500	-17.285
3798.030	1.500	-17.212
3798.040	1.500	-17.432
3798.050	1.500	-17.285
3798.060	1.500	-16.992
3798.070	1.500	-16.699
3798.080	1.500	-16.699
3798.090	1.500	-16.992
3798.100	1.500	-16.626
3798.110	1.500	-16.333
3798.120	1.500	-16.406
3798.130	1.500	-16.113
3798.140	1.500	-15.967
3798.150	1.500	-16.040
3798.160	1.500	-15.894
3798.170	1.500	-15.747
3798.180	1.500	-15.527
3798.190	1.500	-15.381
3798.200	1.500	-15.454
3798.210	1.500	-15.308
3798.220	1.500	-15.308
3798.230	1.500	-14.941
3798.240	1.500	-14.795
3798.250	1.500	-14.868
3798.260	1.500	-14.575
3798.270	1.500	-14.575
3798.280	1.500	-14.648
3798.290	1.500	-14.209
3798.300	1.500	-14.136
3798.310	1.500	-13.843
3798.320	1.500	-13.916
3798.330	1.500	-13.843
3798.340	1.500	-13.843
3798.350	1.500	-13.696
3798.360	1.500	-13.623
3798.370	1.500	-13.403
3798.380	1.500	-13.477
3798.390	1.500	-13.477
3798.400	1.500	-13.037
3798.410	1.500	-12.891
3798.420	1.500	-12.891
3798.430	1.500	-13.110
3798.440	1.500	-12.305
3798.450	1.500	-12.305
3798.460	1.500	-12.378
3798.470	1.500	-12.305
3798.480	1.500	-12.158
3798.490	1.500	-11.938
3798.500	1.500	-12.085
3798.510	1.500	-11.865
3798.520	1.500	-11.499
3798.530	1.500	-11.426
3798.540	1.500	-11.499
3798.550	1.500	-11.499
3798.560	1.500	-11.206
3798.570	1.500	-11.206
3798.580	1.500	-11.133
3798.590	1.500	-11.060
3798.600	1.500	-10.840
3798.610	1.500	-10.474
3798.620	1.500	-10.693
3798.630	1.500	-10.400
3798.640	1.500	-10.693
3798.650	1.500	-10.107
3798.660	1.500	-10.327
3798.670	1.500	-10.034
3798.680	1.500	-10.034
3798.690	1.500	-9.888
3798.700	1.500	-9.521
3798.710	1.500	-9.668
3798.720	1.500	-9.521
3798.730	1.500	-9.302
3798.740	1.500	-9.155
3798.750	1.500	-9.229
3798.760	1.500	-8.789
3798.770	1.500	-8.862
3798.780	1.500	-8.716
3798.790	1.500	-8.569
3798.800	1.500	-8.789
3798.810	1.500	-8.423
3798.820	1.500	-8.057
3798.830	1.500	-8.276
3798.840	1.500	-7.910
3798.850	1.500	-7.837
3798.860	1.500	-8.130
3798.870	1.500	-7.617
3798.880	1.500	-7.397
3798.890	1.500	-7.324
3798.900	1.500	-7.178
3798.910	1.500	-7.251
3798.920	1.500	-7.471
3798.930	1.500	-7.251
3798.940	1.500	-6.958
3798.950	1.500	-6.665
3798.960	1.500	-6.372
3798.970	1.500	-6.519
3798.980	1.500	-6.445
3798.990	1.500	-6.079
3799.000	1.500	-6.152
3799.010	1.500	-6.079
3799.020	1.500	-5.713
3799.030	1.500	-5.347
3799.040	1.500	-5.347
3799.050	1.500	-5.566
3799.060	1.500	-5.420
3799.070	1.500	-5.054
3799.080	1.500	-5.054
3799.090	1.500	-4.980
3799.100	1.500	-4.687
3799.110	1.500	-4.687
3799.120	1.500	-4.541
3799.130	1.500	-4.468
3799.140	1.500	-4.248
3799.150	1.500	-3.882
3799.160	1.500	-3.735
3799.170	1.500	-3.809
3799.180	1.500	-3.735
3799.190	1.500	-3.589
3799.200	1.500	-3.223
3799.210	1.500	-3.076
3799.220	1.500	-3.003
3799.230	1.500	-3.076
3799.240	1.500	-3.223
3799.250	1.500	-3.296
3799.260	1.500	-3.149
3799.270	1.500	-2.930
3799.280	1.500	-2.710
3799.290	1.500	-2.563
3799.300	1.500	-2.490
3799.310	1.500	-2.344
3799.320	1.500	-2.271
3799.330	1.500	-2.051
3799.340	1.500	-1.831
3799.350	1.500	-1.611
3799.360	1.500	-1.538
3799.370	1.500	-1.465
3799.380	1.500	-1.465
3799.390	1.500	-1.392
3799.400	1.500	-1.392
3799.410	1.500	-1.318
3799.420	1.500	-1.172
3799.430	1.500	-1.025
3799.440	1.500	-0.952
3799.450	1.500	-0.806
3799.460	1.500	-0.659
3799.470	1.500	-0.513
3799.480	1.500	-0.366
3799.490	1.500	-0.220
3799.500	1.500	0.000
3799.510	1.500	0.146
3799.520	1.500	0.293
3799.530	1.500	0.366
3799.540	1.500	0.586
3799.550	1.500	0.732
3799.560	1.500	0.806
3799.570	1.500	0.952
3799.580	1.500	1.025
3799.590	1.500	1.099
3799.600	1.500	1.099
3799.610	1.500	1.172
3799.620	1.500	1.099
3799.630	1.500	1.172
3799.640	1.500	1.099
3799.650	1.500	1.099
3799.660	1.500	1.172
3799.670	1.500	1.245
3799.680	1.500	1.245
3799.690	1.500	1.318
3799.700	1.500	1.538
3799.710	1.500	1.611
3799.720	1.500	1.758
3799.730	1.500	1.831
3799.740	1.500	1.904
3799.750	1.500	1.904
3799.760	1.500	1.904
3799.770	1.500	1.904
3799.780	1.500	1.978
3799.790	1.500	1.904
3799.800	1.500	1.758
3799.810	1.500	1.758
3799.820	1.500	1.758
3799.830	1.500	1.758
3799.840	1.500	1.831
3799.850	1.500	1.904
3799.860	1.500	1.904
3799.870	1.500	1.904
3799.880	1.500	1.831
3799.890	1.500	1.831
3799.900	1.500	1.831
3799.910	1.500	1.758
3799.920	1.500	1.685
3799.930	1.500	1.611
3799.940	1.500	1.611
3799.950	1.500	1.611
3799.960	1.500	1.758
3799.970	1.500	1.904
3799.980	1.500	2.051
3799.990	1.500	2.051
3800.000	1.500	2.124
3800.010	1.500	2.124
3800.020	1.500	2.197
3800.030	1.500	2.271
3800.040	1.500	2.271
3800.050	1.500	2.271
3800.060	1.500	2.344
3800.070	1.500	2.344
3800.080	1.500	2.271
3800.090	1.500	2.344
3800.100	1.500	2.344
3800.110	1.500	2.344
3800.120	1.500	2.344
3800.130	1.500	2.344
3800.140	1.500	2.344
3800.150	1.500	2.490
3800.160	1.500	2.490
3800.170	1.500	2.563
3800.180	1.500	2.637
3800.190	1.500	2.637
3800.200	1.500	2.710
3800.210	1.500	2.930
3800.220	1.500	2.930
3800.230	1.500	3.076
3800.240	1.500	3.149
3800.250	1.500	3.149
3800.260	1.500	3.003
3800.270	1.500	2.783
3800.280	1.500	2.783
3800.290	1.500	2.856
3800.300	1.500	2.930
3800.310	1.500	3.076
3800.320	1.500	3.223
3800.330	1.500	3.223
3800.340	1.500	3.223
3800.350	1.500	3.223
3800.360	1.500	3.369
3800.370	1.500	3.589
3800.380	1.500	3.809
3800.390	1.500	3.809
3800.400	1.500	3.735
3800.410	1.500	3.516
3800.420	1.500	3.369
3800.430	1.500	3.369
3800.440	1.500	3.516
3800.450	1.500	3.735
3800.460	1.500	3.735
3800.470	1.500	3.589
3800.480	1.500	3.516
3800.490	1.500	3.589
3800.500	1.500	3.809
3800.510	1.500	3.955
3800.520	1.500	3.955
3800.530	1.500	3.882
3800.540	1.500	3.589
3800.550	1.500	3.369
3800.560	1.500	3.442
3800.570	1.500	3.735
3800.580	1.500	3.809
3800.590	1.500	3.809
3800.600	1.500	3.662
3800.610	1.500	3.662
3800.620	1.500	3.882
3800.630	1.500	4.028
3800.640	1.500	4.175
3800.650	1.500	4.175
3800.660	1.500	4.028
3800.670	1.500	3.735
3800.680	1.500	3.809
3800.690	1.500	3.955
3800.700	1.500	3.955
3800.710	1.500	3.955
3800.720	1.500	3.809
3800.730	1.500	3.735
3800.740	1.500	3.735
3800.750	1.500	3.955
3800.760	1.500	3.955
3800.770	1.500	3.955
3800.780	1.500	3.735
3800.790	1.500	3.516
3800.800	1.500	3.442
3800.810	1.500	3.516
3800.820	1.500	3.662
3800.830	1.500	3.735
3800.840	1.500	3.735
3800.850	1.500	3.589
3800.860	1.500	3.662
3800.870	1.500	3.955
3800.880	1.500	4.102
3800.890	1.500	4.102
3800.900	1.500	4.102
3800.910	1.500	4.028
3800.920	1.500	3.955
3800.930	1.500	4.102
3800.940	1.500	4.175
3800.950	1.500	4.175
3800.960	1.500	4.248
3800.970	1.500	4.028
3800.980	1.500	4.102
3800.990	1.500	4.248
3801.000	1.500	4.321
3801.010	1.500	4.248
3801.020	1.500	4.175
3801.030	1.500	3.955
3801.040	1.500	4.102
3801.050	1.500	4.248
3801.060	1.500	4.248
3801.070	1.500	4.248
3801.080	1.500	4.175
3801.090	1.500	4.321
3801.100	1.500	4.395
3801.110	1.500	4.468
3801.120	1.500	4.468
3801.130	1.500	4.468
3801.140	1.500	4.395
3801.150	1.500	4.468
3801.160	1.500	4.468
3801.170	1.500	4.541
3801.180	1.500	4.468
3801.190	1.500	4.395
3801.200	1.500	4.541
3801.210	1.500	4.541
3801.220	1.500	4.468
3801.230	1.500	4.468
3801.240	1.500	4.321
3801.250	1.500	4.321
3801.260	1.500	4.468
3801.270	1.500	4.468
3801.280	1.500	4.468
3801.290	1.500	4.468
3801.300	1.500	4.468
3801.310	1.500	4.541
3801.320	1.500	4.541
3801.330	1.500	4.541
3801.340	1.500	4.614
3801.350	1.500	4.541
3801.360	1.500	4.541
3801.370	1.500	4.614
3801.380	1.500	4.614
3801.390	1.500	4.614
3801.400	1.500	4.541
3801.410	1.500	4.541
3801.420	1.500	4.614
3801.430	1.500	4.614
3801.440	1.500	4.541
3801.450	1.500	4.541
3801.460	1.500	4.614
3801.470	1.500	4.541
3801.480	1.500	4.614
3801.490	1.500	4.687
3801.500	1.500	4.687
3801.510	1.500	4.834
3801.520	1.500	4.761
3801.530	1.500	4.834
3801.540	1.500	4.980
3801.550	1.500	5.127
3801.560	1.500	4.980
3801.570	1.500	5.054
3801.580	1.500	4.980
3801.590	1.500	4.980
3801.600	1.500	5.054
3801.610	1.500	4.834
3801.620	1.500	4.834
3801.630	1.500	4.907
3801.640	1.500	4.907
3801.650	1.500	4.907
3801.660	1.500	4.907
3801.670	1.500	4.834
3801.680	1.500	4.980
3801.690	1.500	5.127
3801.700	1.500	4.980
3801.710	1.500	4.980
3801.720	1.500	5.054
3801.730	1.500	5.054
3801.740	1.500	5.273
3801.750	1.500	5.127
3801.760	1.500	5.054
3801.770	1.500	5.127
3801.780	1.500	5.127
3801.790	1.500	4.980
3801.800	1.500	4.834
3801.810	1.500	4.834
3801.820	1.500	4.761
3801.830	1.500	4.834
3801.840	1.500	4.834
3801.850	1.500	4.761
3801.860	1.500	4.834
3801.870	1.500	4.834
3801.880	1.500	4.834
3801.890	1.500	4.834
3801.900	1.500	4.834
3801.910	1.500	4.907
3801.920	1.500	5.054
3801.930	1.500	5.054
3801.940	1.500	4.980
3801.950	1.500	4.980
3801.960	1.500	4.980
3801.970	1.500	4.980
3801.980	1.500	4.834
3801.990	1.500	4.834
3802.000	1.500	4.907
3802.010	1.500	4.907
3802.020	1.500	4.907
3802.030	1.500	4.980
3802.040	1.500	4.907
3802.050	1.500	4.907
3802.060	1.500	4.980
3802.070	1.500	4.980
3802.080	1.500	4.980
3802.090	1.500	4.980
3802.100	1.500	5.127
3802.110	1.500	5.127
3802.120	1.500	5.347
3802.130	1.500	5.054
3802.140	1.500	5.127
3802.150	1.500	5.200
3802.160	1.500	5.200
3802.170	1.500	5.127
3802.180	1.500	4.980
3802.190	1.500	4.980
3802.200	1.500	5.054
3802.210	1.500	5.273
3802.220	1.500	5.054
3802.230	1.500	5.054
3802.240	1.500	5.054
3802.250	1.500	5.200
3802.260	1.500	5.200
3802.270	1.500	5.054
3802.280	1.500	5.054
3802.290	1.500	5.200
3802.300	1.500	5.420
3802.310	1.500	5.200
3802.320	1.500	5.127
3802.330	1.500	5.054
3802.340	1.500	5.200
3802.350	1.500	5.054
3802.360	1.500	4.834
3802.370	1.500	4.834
3802.380	1.500	4.834
3802.390	1.500	4.761
3802.400	1.500	4.614
3802.410	1.500	4.614
3802.420	1.500	4.614
3802.430	1.500	4.614
3802.440	1.500	4.541
3802.450	1.500	4.614
3802.460	1.500	4.687
3802.470	1.500	4.614
3802.480	1.500	4.614
3802.490	1.500	4.614
3802.500	1.500	4.687
3802.510	1.500	4.687
3802.520	1.500	4.614
3802.530	1.500	4.614
3802.540	1.500	4.468
3802.550	1.500	4.468
3802.560	1.500	4.468
3802.570	1.500	4.468
3802.580	1.500	4.395
3802.590	1.500	4.321
3802.600	1.500	4.028
3802.610	1.500	4.028
3802.620	1.500	4.248
3802.630	1.500	4.175
3802.640	1.500	4.175
3802.650	1.500	3.955
3802.660	1.500	3.955
3802.670	1.500	4.175
3802.680	1.500	4.248
3802.690	1.500	4.175
3802.700	1.500	4.102
3802.710	1.500	3.882
3802.720	1.500	3.735
3802.730	1.500	3.955
3802.740	1.500	3.955
3802.750	1.500	3.955
3802.760	1.500	3.882
3802.770	1.500	3.662
3802.780	1.500	3.735
3802.790	1.500	3.882
3802.800	1.500	3.955
3802.810	1.500	3.882
3802.820	1.500	3.735
3802.830	1.500	3.369
3802.840	1.500	3.296
3802.850	1.500	3.223
3802.860	1.500	3.369
3802.870	1.500	3.442
3802.880	1.500	3.369
3802.890	1.500	3.223
3802.900	1.500	3.076
3802.910	1.500	3.149
3802.920	1.500	3.149
3802.930	1.500	3.223
3802.940	1.500	3.296
3802.950	1.500	3.296
3802.960	1.500	3.003
3802.970	1.500	2.856
3802.980	1.500	2.637
3802.990	1.500	2.563
3803.000	1.500	2.563
3803.010	1.500	2.417
3803.020	1.500	2.417
3803.030	1.500	2.417
3803.040	1.500	2.417
3803.050	1.500	2.417
3803.060	1.500	2.417
3803.070	1.500	2.417
3803.080	1.500	2.417
3803.090	1.500	2.344
3803.100	1.500	2.417
3803.110	1.500	2.417
3803.120	1.500	2.271
3803.130	1.500	2.271
3803.140	1.500	2.197
3803.150	1.500	2.051
3803.160	1.500	2.051
3803.170	1.500	2.051
3803.180	1.500	1.978
3803.190	1.500	1.978
3803.200	1.500	1.904
3803.210	1.500	1.758
3803.220	1.500	1.758
3803.230	1.500	1.685
3803.240	1.500	1.538
3803.250	1.500	1.538
3803.260	1.500	1.538
3803.270	1.500	1.685
3803.280	1.500	1.685
3803.290	1.500	1.685
3803.300	1.500	1.831
3803.310	1.500	1.831
3803.320	1.500	1.831
3803.330	1.500	1.758
3803.340	1.500	1.758
3803.350	1.500	1.685
3803.360	1.500	1.538
3803.370	1.500	1.318
3803.380	1.500	1.318
3803.390	1.500	1.245
3803.400	1.500	1.245
3803.410	1.500	1.172
3803.420	1.500	1.172
3803.430	1.500	1.172
3803.440	1.500	1.245
3803.450	1.500	1.245
3803.460	1.500	1.245
3803.470	1.500	1.245
3803.480	1.500	1.172
3803.490	1.500	1.172
3803.500	1.500	1.099
3803.510	1.500	1.025
3803.520	1.500	1.025
3803.530	1.500	0.879
3803.540	1.500	0.659
3803.550	1.500	0.659
3803.560	1.500	0.659
3803.570	1.500	0.513
3803.580	1.500	0.513
3803.590	1.500	0.439
3803.600	1.500	0.366
3803.610	1.500	0.366
3803.620	1.500	0.293
3803.630	1.500	0.220
3803.640	1.500	0.220
3803.650	1.500	0.293
3803.660	1.500	0.146
3803.670	1.500	0.146
3803.680	1.500	0.146
3803.690	1.500	0.146
3803.700	1.500	0.073
3803.710	1.500	0.073
3803.720	1.500	0.073
3803.730	1.500	0.073
3803.740	1.500	0.073
3803.750	1.500	-0.073
3803.760	1.500	-0.073
3803.770	1.500	-0.073
3803.780	1.500	-0.146
3803.790	1.500	-0.146
3803.800	1.500	-0.146
3803.810	1.500	-0.220
3803.820	1.500	-0.220
3803.830	1.500	-0.293
3803.840	1.500	-0.220
3803.850	1.500	-0.220
3803.860	1.500	-0.293
3803.870	1.500	-0.366
3803.880	1.500	-0.366
3803.890	1.500	-0.366
3803.900	1.500	-0.366
3803.910	1.500	-0.366
3803.920	1.500	-0.366
3803.930	1.500	-0.366
3803.940	1.500	-0.366
3803.950	1.500	-0.439
3803.960	1.500	-0.439
3803.970	1.500	-0.439
3803.980	1.500	-0.439
3803.990	1.500	-0.366
3804.000	1.500	-0.366
3804.010	1.500	-0.366
3804.020	1.500	-0.366
3804.030	1.500	-0.366
3804.040	1.500	-0.439
3804.050	1.500	-0.366
3804.060	1.500	-0.439
3804.070	1.500	-0.366
3804.080	1.500	-0.293
3804.090	1.500	-0.293
3804.100	1.500	-0.366
3804.110	1.500	-0.293
3804.120	1.500	-0.293
3804.130	1.500	-0.220
3804.140	1.500	-0.146
3804.150	1.500	-0.146
3804.160	1.500	-0.073
3804.170	1.500	-0.073
3804.180	1.500	-0.073
3804.190	1.500	-0.073
3804.200	1.500	0.000
3804.210	1.500	0.000
3804.220	1.500	0.000
3804.230	1.500	0.000
3804.240	1.500	0.000
3804.250	1.500	0.000
3804.260	1.500	0.000
3804.270	1.500	0.073
3804.280	1.500	0.073
3804.290	1.500	0.073
3804.300	1.500	0.146
3804.310	1.500	0.146
3804.320	1.500	0.146
3804.330	1.500	0.220
3804.340	1.500	0.220
3804.350	1.500	0.220
3804.360	1.500	0.220
3804.370	1.500	0.146
3804.380	1.500	0.220
3804.390	1.500	0.220
3804.400	1.500	0.146
3804.410	1.500	0.146
3804.420	1.500	0.073
3804.430	1.500	0.146
3804.440	1.500	0.146
3804.450	1.500	0.146
3804.460	1.500	0.146
3804.470	1.500	0.146
3804.480	1.500	0.073
3804.490	1.500	0.073
3804.500	1.500	0.073
3804.510	1.500	0.073
3804.520	1.500	0.073
3804.530	1.500	0.073
3804.540	1.500	0.000
3804.550	1.500	0.000
3804.560	1.500	0.000
3804.570	1.500	0.000
3804.580	1.500	0.000
3804.590	1.500	0.000
3804.600	1.500	0.000
3804.610	1.500	0.000
3804.620	1.500	0.000
3804.630	1.500	0.000
3804.640	1.500	0.000
3804.650	1.500	0.000
3804.660	1.500	0.000
3804.670	1.500	0.000
3804.680	1.500	0.000
3804.690	1.500	0.000
3804.700	1.500	0.000
3804.710	1.500	-0.073
3804.720	1.500	-0.073
3804.730	1.500	-0.073
3804.740	1.500	-0.073
3804.750	1.500	-0.073
3804.760	1.500	-0.073
3804.770	1.500	-0.073
3804.780	1.500	-0.073
3804.790	1.500	-0.073
3804.800	1.500	-0.146
3804.810	1.500	-0.073
3804.820	1.500	-0.073
3804.830	1.500	-0.073
3804.840	1.500	-0.073
3804.850	1.500	-0.073
3804.860	1.500	-0.073
3804.870	1.500	-0.073
3804.880	1.500	-0.073
3804.890	1.500	-0.073
3804.900	1.500	0.000
3804.910	1.500	0.000
3804.920	1.500	0.000
3804.930	1.500	0.000
3804.940	1.500	0.000
3804.950	1.500	0.000
3804.960	1.500	0.000
3804.970	1.500	0.000
3804.980	1.500	0.000
3804.990	1.500	0.000
3805.000	1.500	0.000
3805.010	1.500	0.000
3805.020	1.500	0.000
3805.030	1.500	0.000
3805.040	1.500	0.073
3805.050	1.500	0.073
3805.060	1.500	0.073
3805.070	1.500	0.073
3805.080	1.500	0.073
3805.090	1.500	0.073
3805.100	1.500	0.073
3805.110	1.500	0.073
3805.120	1.500	0.073
3805.130	1.500	0.073
3805.140	1.500	0.000
3805.150	1.500	0.000
3805.160	1.500	0.000
3805.170	1.500	0.000
3805.180	1.500	0.000
3805.190	1.500	0.000
3805.200	1.500	0.000
3805.210	1.500	0.000
3805.220	1.500	0.000
3805.230	1.500	0.000
3805.240	1.500	0.000
3805.250	1.500	0.000
3805.260	1.500	0.000
3805.270	1.500	0.000
3805.280	1.500	0.000
3805.290	1.500	0.000
3805.300	1.500	0.000
3805.310	1.500	0.000
3805.320	1.500	0.000
3805.330	1.500	0.000
3805.340	1.500	0.000
3805.350	1.500	0.000
3805.360	1.500	0.000
3805.370	1.500	0.000
3805.380	1.500	0.000
3805.390	1.500	0.000
3805.400	1.500	0.000
3805.410	1.500	0.000
3805.420	1.500	0.000
3805.430	1.500	0.000
3805.440	1.500	0.000
3805.450	1.500	0.000
3805.460	1.500	0.000
3805.470	1.500	0.000
3805.480	1.500	0.000
3805.490	1.500	0.000
3805.500	1.500	0.000
3805.510	1.500	0.000
3805.520	1.500	0.000
3805.530	1.500	0.000
3805.540	1.500	0.000
3805.550	1.500	0.000
3805.560	1.500	0.000
3805.570	1.500	0.000
3805.580	1.500	0.000
3805.590	1.500	0.000
3805.600	1.500	0.000
3805.610	1.500	0.000
3805.620	1.500	0.000
3805.630	1.500	0.000
3805.640	1.500	0.000
3805.650	1.500	0.000
3805.660	1.500	0.000
3805.670	1.500	0.000
3805.680	1.500	0.000
3805.690	1.500	0.000
3805.700	1.500	0.000
3805.710	1.500	0.000
3805.720	1.500	0.000
3805.730	1.500	0.000
3805.740	1.500	0.000
3805.750	1.500	0.000
3805.760	1.500	0.000
3805.770	1.500	0.000
3805.780	1.500	0.000
3805.790	1.500	0.000
3805.800	1.500	0.000
3805.810	1.500	0.000
3805.820	1.500	0.000
3805.830	1.500	0.000
3805.840	1.500	0.000
3805.850	1.500	0.000
3805.860	1.500	0.000
3805.870	1.500	0.000
3805.880	1.500	0.000
3805.890	1.500	0.000
3805.900	1.500	0.000
3805.910	1.500	0.000
3805.920	1.500	0.000
3805.930	1.500	0.000
3805.940	1.500	0.000
3805.950	1.500	0.000
3805.960	1.500	0.000
3805.970	1.500	0.000
3805.980	1.500	0.000
3805.990	1.500	0.000
3806.000	1.500	0.000
3806.010	1.500	0.000
3806.020	1.500	0.000
3806.030	1.500	0.000
3806.040	1.500	0.000
3806.050	1.500	0.000
3806.060	1.500	0.000
3806.070	1.500	0.000
3806.080	1.500	0.000
3806.090	1.500	0.000
3806.100	1.500	0.000
3806.110	1.500	0.000
3806.120	1.500	0.000
3806.130	1.500	0.000
3806.140	1.500	0.000
3806.150	1.500	0.000
3806.160	1.500	0.000
3806.170	1.500	0.000
3806.180	1.500	0.000
3806.190	1.500	0.000
3806.200	1.500	0.000
3806.210	1.500	0.000
3806.220	1.500	0.000
3806.230	1.500	0.000
3806.240	1.500	0.000
3806.250	1.500	0.000
3806.260	1.500	0.000
3806.270	1.500	0.000
3806.280	1.500	0.000
3806.290	1.500	0.000
3806.300	1.500	0.000
3806.310	1.500	0.000
3806.320	1.500	0.000
3806.330	1.500	0.000
3806.340	1.500	0.000
3806.350	1.500	0.000
3806.360	1.500	0.000
3806.370	1.500	0.000
3806.380	1.500	0.000
3806.390	1.500	0.000
3806.400	1.500	0.000
3806.410	1.500	0.000
3806.420	1.500	0.000
3806.430	1.500	0.000
3806.440	1.500	0.000
3806.450	1.500	0.000
3806.460	1.500	0.000
3806.470	1.500	0.000
3806.480	1.500	0.000
3806.490	1.500	0.000
3806.500	1.500	0.000
3806.510	1.500	0.000
3806.520	1.500	0.000
3806.530	1.500	0.000
3806.540	1.500	0.000
3806.550	1.500	0.000
3806.560	1.500	0.000
3806.570	1.500	0.000
3806.580	1.500	0.000
3806.590	1.500	0.000
3806.600	1.500	0.000
3806.610	1.500	0.000
3806.620	1.500	0.000
3806.630	1.500	0.000
3806.640	1.500	0.000
3806.650	1.500	0.000
3806.660	1.500	0.000
3806.670	1.500	0.000
3806.680	1.500	0.000
3806.690	1.500	0.000
3806.700	1.500	0.000
3806.710	1.500	0.000
3806.720	1.500	0.000
3806.730	1.500	0.000
3806.740	1.500	0.000
3806.750	1.500	0.000
3806.760	1.500	0.000
3806.770	1.500	0.000
3806.780	1.500	0.000
3806.790	1.500	0.000
3806.800	1.500	0.000
3806.810	1.500	0.000
3806.820	1.500	0.000
3806.830	1.500	0.000
3806.840	1.500	0.000
3806.850	1.500	0.000
3806.860	1.500	0.000
3806.870	1.500	0.000
3806.880	1.500	0.000
3806.890	1.500	0.000
3806.900	1.500	0.000
3806.910	1.500	0.000
3806.920	1.500	0.000
3806.930	1.500	0.000
3806.940	1.500	0.000
3806.950	1.500	0.000
3806.960	1.500	0.000
3806.970	1.500	0.000
3806.980	1.500	0.000
3806.990	1.500	0.000
3807.000	1.500	0.000
3807.010	1.500	0.000
3807.020	1.500	0.000
3807.030	1.500	0.000
3807.040	1.500	0.000
3807.050	1.500	0.000
3807.060	1.500	0.000
3807.070	1.500	0.000
3807.080	1.500	0.000
3807.090	1.500	0.000
3807.100	1.500	0.000
3807.110	1.500	0.000
3807.120	1.500	0.000
3807.130	1.500	0.000
3807.140	1.500	0.000
3807.150	1.500	0.000
3807.160	1.500	0.000
3807.170	1.500	0.000
3807.180	1.500	0.000
3807.190	1.500	0.000
3807.200	1.500	0.000
3807.210	1.500	0.000
3807.220	1.500	0.000
3807.230	1.500	0.000
3807.240	1.500	0.000
3807.250	1.500	0.000
3807.260	1.500	0.000
3807.270	1.500	0.000
3807.280	1.500	0.000
3807.290	1.500	0.000
3807.300	1.500	0.000
3807.310	1.500	0.000
3807.320	1.500	0.000
3807.330	1.500	0.000
3807.340	1.500	0.000
3807.350	1.500	0.000
3807.360	1.500	0.000
3807.370	1.500	0.000
3807.380	1.500	0.000
3807.390	1.500	0.000
3807.400	1.500	0.000
3807.410	1.500	0.000
3807.420	1.500	0.000
3807.430	1.500	0.000
3807.440	1.500	0.000
3807.450	1.500	0.000
3807.460	1.500	0.000
3807.470	1.500	0.000
3807.480	1.500	0.000
3807.490	1.500	0.000
3807.500	1.500	0.000
3807.510	1.500	0.000
3807.520	1.500	0.000
3807.530	1.500	0.000
3807.540	1.500	0.000
3807.550	1.500	0.000
3807.560	1.500	0.000
3807.570	1.500	0.000
3807.580	1.500	0.000
3807.590	1.500	0.000
3807.600	1.500	0.000
3807.610	1.500	0.000
3807.620	1.500	0.000
3807.630	1.500	0.000
3807.640	1.500	0.000
3807.650	1.500	0.000
3807.660	1.500	0.000
3807.670	1.500	0.000
3807.680	1.500	0.000
3807.690	1.500	0.000
3807.700	1.500	0.000
3807.710	1.500	0.000
3807.720	1.500	0.000
3807.730	1.500	0.000
3807.740	1.500	0.000
3807.750	1.500	0.000
3807.760	1.500	0.000
3807.770	1.500	0.000
3807.780	1.500	0.000
3807.790	1.500	0.000
3807.800	1.500	0.000
3807.810	1.500	0.000
3807.820	1.500	0.000
3807.830	1.500	0.000
3807.840	1.500	0.000
3807.850	1.500	0.000
3807.860	1.500	0.000
3807.870	1.500	0.000
3807.880	1.500	0.000
3807.890	1.500	0.000
3807.900	1.500	0.000
3807.910	1.500	0.000
3807.920	1.500	0.000
3807.930	1.500	0.000
3807.940	1.500	0.000
3807.950	1.500	0.000
3807.960	1.500	0.000
3807.970	1.500	0.000
3807.980	1.500	0.000
3807.990	1.500	0.000
3808.000	1.500	0.000
3808.010	1.500	0.000
3808.020	1.500	0.000
3808.030	1.500	0.000
3808.040	1.500	0.000
3808.050	1.500	0.000
3808.060	1.500	0.000
3808.070	1.500	0.000
3808.080	1.500	0.000
3808.090	1.500	0.000
3808.100	1.500	0.000
3808.110	1.500	0.000
3808.120	1.500	0.000
3808.130	1.500	0.000
3808.140	1.500	0.000
3808.150	1.500	0.000
3808.160	1.500	0.000
3808.170	1.500	0.000
3808.180	1.500	0.000
3808.190	1.500	0.000
3808.200	1.500	0.000
3808.210	1.500	0.000
3808.220	1.500	0.000
3808.230	1.500	0.000
3808.240	1.500	0.000
3808.250	1.500	0.000
3808.260	1.500	0.000
3808.270	1.500	0.000
3808.280	1.500	0.000
3808.290	1.500	0.000
3808.300	1.500	0.000
3808.310	1.500	0.000
3808.320	1.500	0.000
3808.330	1.500	0.000
3808.340	1.500	0.000
3808.350	1.500	0.000
3808.360	1.500	0.000
3808.370	1.500	0.000
3808.380	1.500	0.000
3808.390	1.500	0.000
3808.400	1.500	0.000
3808.410	1.500	0.000
3808.420	1.500	0.000
3808.430	1.500	0.000
3808.440	1.500	0.000
3808.450	1.500	0.000
3808.460	1.500	0.000
3808.470	1.500	0.000
3808.480	1.500	0.000
3808.490	1.500	0.000
3808.500	1.500	0.000
3808.510	1.500	0.000
3808.520	1.500	0.000
3808.530	1.500	0.000
3808.540	1.500	0.000
3808.550	1.500	0.000
3808.560	1.500	0.000
3808.570	1.500	0.000
3808.580	1.500	0.000
3808.590	1.500	0.000
3808.600	1.500	0.000
3808.610	1.500	0.000
3808.620	1.500	0.000
3808.630	1.500	0.000
3808.640	1.500	0.000
3808.650	1.500	0.000
3808.660	1.500	0.000
3808.670	1.500	0.000
3808.680	1.500	0.000
3808.690	1.500	0.000
3808.700	1.500	0.000
3808.710	1.500	0.000
3808.720	1.500	0.000
3808.730	1.500	0.000
3808.740	1.500	0.000
3808.750	1.500	0.000
3808.760	1.500	0.000
3808.770	1.500	0.000
3808.780	1.500	0.000
3808.790	1.500	0.000
3808.800	1.500	0.000
3808.810	1.500	0.000
3808.820	1.500	0.000
3808.830	1.500	0.000
3808.840	1.500	0.000
3808.850	1.500	0.000
3808.860	1.500	0.000
3808.870	1.500	0.000
3808.880	1.500	0.000
3808.890	1.500	0.000
3808.900	1.500	0.000
3808.910	1.500	0.000
3808.920	1.500	0.000
3808.930	1.500	0.000
3808.940	1.500	0.000
3808.950	1.500	0.000
3808.960	1.500	0.000
3808.970	1.500	0.000
3808.980	1.500	0.000
3808.990	1.500	0.000
3809.000	1.500	0.000
3809.010	1.500	0.000
3809.020	1.500	0.000
3809.030	1.500	0.000
3809.040	1.500	0.000
3809.050	1.500	0.000
3809.060	1.500	0.000
3809.070	1.500	0.000
3809.080	1.500	0.000
3809.090	1.500	0.000
3809.100	1.500	0.000
3809.110	1.500	0.000
3809.120	1.500	0.000
3809.130	1.500	0.000
3809.140	1.500	0.000
3809.150	1.500	0.000
3809.160	1.500	0.000
3809.170	1.500	0.000
3809.180	1.500	0.000
3809.190	1.500	0.000
3809.200	1.500	0.000
3809.210	1.500	0.000
3809.220	1.500	0.000
3809.230	1.500	0.000
3809.240	1.500	0.000
3809.250	1.500	0.000
3809.260	1.500	0.000
3809.270	1.500	0.000
3809.280	1.500	0.000
3809.290	1.500	0.000
3809.300	1.500	0.000
3809.310	1.500	0.000
3809.320	1.500	0.000
3809.330	1.500	0.000
3809.340	1.500	0.000
3809.350	1.500	0.000
3809.360	1.500	0.000
3809.370	1.500	0.000
3809.380	1.500	0.000
3809.390	1.500	0.000
3809.400	1.500	0.000
3809.410	1.500	0.000
3809.420	1.500	0.000
3809.430	1.500	0.000
3809.440	1.500	0.000
3809.450	1.500	0.000
3809.460	1.500	0.000
3809.470	1.500	0.000
3809.480	1.500	0.000
3809.490	1.500	0.000
3809.500	1.500	0.000
3809.510	1.500	0.000
3809.520	1.500	0.000
3809.530	1.500	0.000
3809.540	1.500	0.000
3809.550	1.500	0.000
3809.560	1.500	0.000
3809.570	1.500	0.000
3809.580	1.500	0.000
3809.590	1.500	0.000
3809.600	1.500	0.000
3809.610	1.500	0.000
3809.620	1.500	0.000
3809.630	1.500	0.000
3809.640	1.500	0.000
3809.650	1.500	0.000
3809.660	1.500	0.000
3809.670	1.500	0.000
3809.680	1.500	0.000
3809.690	1.500	0.000
3809.700	1.500	0.000
3809.710	1.500	0.000
3809.720	1.500	0.000
3809.730	1.500	0.000
3809.740	1.500	0.000
3809.750	1.500	0.000
3809.760	1.500	0.000
3809.770	1.500	0.000
3809.780	1.500	0.000
3809.790	1.500	0.000
3809.800	1.500	0.000
3809.810	1.500	0.000
3809.820	1.500	0.000
3809.830	1.500	0.000
3809.840	1.500	0.000
3809.850	1.500	0.000
3809.860	1.500	0.000
3809.870	1.500	0.000
3809.880	1.500	0.000
3809.890	1.500	0.000
3809.900	1.500	0.000
3809.910	1.500	0.000
3809.920	1.500	0.000
3809.930	1.500	0.000
3809.940	1.500	0.000
3809.950	1.500	0.000
3809.960	1.500	0.000
3809.970	1.500	0.000
3809.980	1.500	0.000
3809.990	1.500	0.000
3810.000	1.500	0.000
3810.010	1.500	0.000
3810.020	1.500	0.000
3810.030	1.500	0.000
3810.040	1.500	0.000
3810.050	1.500	0.000
3810.060	1.500	0.000
3810.070	1.500	0.000
3810.080	1.500	0.000
3810.090	1.500	0.000
3810.100	1.500	0.000
3810.110	1.500	0.000
3810.120	1.500	0.000
3810.130	1.500	0.000
3810.140	1.500	0.000
3810.150	1.500	0.000
3810.160	1.500	0.000
3810.170	1.500	0.000
3810.180	1.500	0.000
3810.190	1.500	0.000
3810.200	1.500	0.000
3810.210	1.500	0.000
3810.220	1.500	0.000
3810.230	1.500	0.000
3810.240	1.500	0.000
3810.250	1.500	0.000
3810.260	1.500	0.000
3810.270	1.500	0.000
3810.280	1.500	0.000
3810.290	1.500	0.000
3810.300	1.500	0.000
3810.310	1.500	0.000
3810.320	1.500	0.000
3810.330	1.500	0.000
3810.340	1.500	0.000
3810.350	1.500	0.000
3810.360	1.500	0.000
3810.370	1.500	0.000
3810.380	1.500	0.000
3810.390	1.500	0.000
3810.400	1.500	0.000
3810.410	1.500	0.000
3810.420	1.500	0.000
3810.430	1.500	0.000
3810.440	1.500	0.000
3810.450	1.500	0.000
3810.460	1.500	0.000
3810.470	1.500	0.000
3810.480	1.500	0.000
3810.490	1.500	0.000
3810.500	1.500	0.000
3810.510	1.500	0.000
3810.520	1.500	0.000
3810.530	1.500	0.000
3810.540	1.500	0.000
3810.550	1.500	0.000
3810.560	1.500	0.000
3810.570	1.500	0.000
3810.580	1.500	0.000
3810.590	1.500	0.000
3810.600	1.500	0.000
3810.610	1.500	0.000
3810.620	1.500	0.000
3810.630	1.500	0.000
3810.640	1.500	0.000
3810.650	1.500	0.000
3810.660	1.500	0.000
3810.670	1.500	0.000
3810.680	1.500	0.000
3810.690	1.500	0.000
3810.700	1.500	0.000
3810.710	1.500	0.000
3810.720	1.500	0.000
3810.730	1.500	0.000
3810.740	1.500	0.000
3810.750	1.500	0.000
3810.760	1.500	0.000
3810.770	1.500	0.000
3810.780	1.500	0.000
3810.790	1.500	0.000
3810.800	1.500	0.000
3810.810	1.500	0.000
3810.820	1.500	0.000
3810.830	1.500	0.000
3810.840	1.500	0.000
3810.850	1.500	0.000
3810.860	1.500	0.000
3810.870	1.500	0.000
3810.880	1.500	0.000
3810.890	1.500	0.000
3810.900	1.500	0.000
3810.910	1.500	0.000
3810.920	1.500	0.000
3810.930	1.500	0.000
3810.940	1.500	0.000
3810.950	1.500	0.000
3810.960	1.500	0.000
3810.970	1.500	0.000
3810.980	1.500	0.000
3810.990	1.500	0.000
3811.000	1.500	0.000
3811.010	1.500	0.000
3811.020	1.500	0.000
3811.030	1.500	0.000
3811.040	1.500	0.000
3811.050	1.500	0.000
3811.060	1.500	0.000
3811.070	1.500	0.000
3811.080	1.500	0.000
3811.090	1.500	0.000
3811.100	1.500	0.000
3811.110	1.500	0.000
3811.120	1.500	0.000
3811.130	1.500	0.000
3811.140	1.500	0.000
3811.150	1.500	0.000
3811.160	1.500	0.000
3811.170	1.500	0.000
3811.180	1.500	0.000
3811.190	1.500	0.000
3811.200	1.500	0.000
3811.210	1.500	0.000
3811.220	1.500	0.000
3811.230	1.500	0.000
3811.240	1.500	0.000
3811.250	1.500	0.000
3811.260	1.500	0.000
3811.270	1.500	0.000
3811.280	1.500	0.000
3811.290	1.500	0.000
3811.300	1.500	0.000
3811.310	1.500	0.000
3811.320	1.500	0.000
3811.330	1.500	0.000
3811.340	1.500	0.000
3811.350	1.500	0.000
3811.360	1.500	0.000
3811.370	1.500	0.000
3811.380	1.500	0.000
3811.390	1.500	0.000
3811.400	1.500	0.000
3811.410	1.500	0.000
3811.420	1.500	0.000
3811.430	1.500	0.000
3811.440	1.500	0.000
3811.450	1.500	0.000
3811.460	1.500	0.000
3811.470	1.500	0.000
3811.480	1.500	0.000
3811.490	1.500	0.000
3811.500	1.500	0.000
3811.510	1.500	0.000
3811.520	1.500	0.000
3811.530	1.500	0.000
3811.540	1.500	0.000
3811.550	1.500	0.000
3811.560	1.500	0.000
3811.570	1.500	0.000
3811.580	1.500	0.000
3811.590	1.500	0.000
3811.600	1.500	0.000
3811.610	1.500	0.000
3811.620	1.500	0.000
3811.630	1.500	0.000
3811.640	1.500	0.000
3811.650	1.500	0.000
3811.660	1.500	0.000
3811.670	1.500	0.000
3811.680	1.500	0.000
3811.690	1.500	0.000
3811.700	1.500	0.000
3811.710	1.500	0.000
3811.720	1.500	0.000
3811.730	1.500	0.000
3811.740	1.500	0.000
3811.750	1.500	0.000
3811.760	1.500	0.000
3811.770	1.500	0.000
3811.780	1.500	0.000
3811.790	1.500	0.000
3811.800	1.500	0.000
3811.810	1.500	0.000
3811.820	1.500	0.000
3811.830	1.500	0.000
3811.840	1.500	0.000
3811.850	1.500	0.000
3811.860	1.500	0.000
3811.870	1.500	0.000
3811.880	1.500	0.000
3811.890	1.500	0.000
3811.900	1.500	0.000
3811.910	1.500	0.000
3811.920	1.500	0.000
3811.930	1.500	0.000
3811.940	1.500	0.000
3811.950	1.500	0.000
3811.960	1.500	0.000
3811.970	1.500	0.000
3811.980	1.500	0.000
3811.990	1.500	0.000
3812.000	1.500	0.000
3812.010	1.500	0.000
3812.020	1.500	0.000
3812.030	1.500	0.000
3812.040	1.500	0.000
3812.050	1.500	0.000
3812.060	1.500	0.000
3812.070	1.500	0.000
3812.080	1.500	0.000
3812.090	1.500	0.000
3812.100	1.500	0.000
3812.110	1.500	0.000
3812.120	1.500	0.000
3812.130	1.500	0.000
3812.140	1.500	0.000
3812.150	1.500	0.000
3812.160	1.500	0.000
3812.170	1.500	0.000
3812.180	1.500	0.000
3812.190	1.500	0.000
3812.200	1.500	0.000
3812.210	1.500	0.000
3812.220	1.500	0.000
3812.230	1.500	0.000
3812.240	1.500	0.000
3812.250	1.500	0.000
3812.260	1.500	0.000
3812.270	1.500	0.000
3812.280	1.500	0.000
3812.290	1.500	0.000
3812.300	1.500	0.000
3812.310	1.500	0.000
3812.320	1.500	0.000
3812.330	1.500	0.000
3812.340	1.500	0.000
3812.350	1.500	0.000
3812.360	1.500	0.000
3812.370	1.500	0.000
3812.380	1.500	0.000
3812.390	1.500	0.000
3812.400	1.500	0.000
3812.410	1.500	0.000
3812.420	1.500	0.000
3812.430	1.500	0.000
3812.440	1.500	-0.073
3812.450	1.500	-0.073
3812.460	1.500	-0.073
3812.470	1.500	-0.073
3812.480	1.500	-0.073
3812.490	1.500	-0.073
3812.500	1.500	-0.073
3812.510	1.500	-0.073
3812.520	1.500	-0.073
3812.530	1.500	-0.073
3812.540	1.500	0.000
3812.550	1.500	0.000
3812.560	1.500	0.000
3812.570	1.500	0.000
3812.580	1.500	0.000
3812.590	1.500	0.000
3812.600	1.500	0.000
3812.610	1.500	0.000
3812.620	1.500	0.000
3812.630	1.500	0.000
3812.640	1.500	0.000
3812.650	1.500	0.000
3812.660	1.500	0.000
3812.670	1.500	0.000
3812.680	1.500	0.000
3812.690	1.500	0.073
3812.700	1.500	0.073
3812.710	1.500	0.073
3812.720	1.500	0.073
3812.730	1.500	0.073
3812.740	1.500	0.073
3812.750	1.500	0.073
3812.760	1.500	0.073
3812.770	1.500	0.073
3812.780	1.500	0.073
3812.790	1.500	0.000
3812.800	1.500	0.000
3812.810	1.500	0.000
3812.820	1.500	0.000
3812.830	1.500	0.000
3812.840	1.500	0.000
3812.850	1.500	0.000
3812.860	1.500	0.000
3812.870	1.500	0.000
3812.880	1.500	0.000
3812.890	1.500	0.000
3812.900	1.500	0.000
3812.910	1.500	0.000
3812.920	1.500	0.000
3812.930	1.500	0.000
3812.940	1.500	0.000
3812.950	1.500	0.000
3812.960	1.500	0.000
3812.970	1.500	0.000
3812.980	1.500	0.000
3812.990	1.500	-0.073
3813.000	1.500	-0.073
3813.010	1.500	-0.073
3813.020	1.500	-0.073
3813.030	1.500	-0.073
3813.040	1.500	-0.073
3813.050	1.500	-0.073
3813.060	1.500	-0.073
3813.070	1.500	-0.073
3813.080	1.500	-0.073
3813.090	1.500	0.000
3813.100	1.500	0.000
3813.110	1.500	0.000
3813.120	1.500	0.000
3813.130	1.500	0.000
3813.140	1.500	0.000
3813.150	1.500	0.000
3813.160	1.500	0.000
3813.170	1.500	0.000
3813.180	1.500	0.000
3813.190	1.500	0.000
3813.200	1.500	0.000
3813.210	1.500	0.000
3813.220	1.500	0.000
3813.230	1.500	0.073
3813.240	1.500	0.073
3813.250	1.500	0.073
3813.260	1.500	0.073
3813.270	1.500	0.073
3813.280	1.500	0.073
3813.290	1.500	0.073
3813.300	1.500	0.073
3813.310	1.500	0.073
3813.320	1.500	0.073
3813.330	1.500	0.000
3813.340	1.500	0.000
3813.350	1.500	0.000
3813.360	1.500	0.000
3813.370	1.500	0.000
3813.380	1.500	0.000
3813.390	1.500	0.000
3813.400	1.500	0.000
3813.410	1.500	0.000
3813.420	1.500	0.000
3813.430	1.500	0.000
3813.440	1.500	0.000
3813.450	1.500	0.000
3813.460	1.500	0.000
3813.470	1.500	0.000
3813.480	1.500	0.000
3813.490	1.500	0.000
3813.500	1.500	0.000
3813.510	1.500	0.000
3813.520	1.500	0.000
3813.530	1.500	0.000
3813.540	1.500	0.000
3813.550	1.500	0.000
3813.560	1.500	0.000
3813.570	1.500	0.000
3813.580	1.500	0.000
3813.590	1.500	0.000
3813.600	1.500	0.000
3813.610	1.500	0.000
3813.620	1.500	0.000
3813.630	1.500	0.000
3813.640	1.500	0.000
3813.650	1.500	0.000
3813.660	1.500	0.000
3813.670	1.500	0.000
3813.680	1.500	0.000
3813.690	1.500	0.000
3813.700	1.500	0.000
3813.710	1.500	0.000
3813.720	1.500	0.000
3813.730	1.500	0.000
3813.740	1.500	0.000
3813.750	1.500	0.000
3813.760	1.500	0.000
3813.770	1.500	0.000
3813.780	1.500	0.000
3813.790	1.500	0.000
3813.800	1.500	0.000
3813.810	1.500	0.000
3813.820	1.500	0.000
3813.830	1.500	0.000
3813.840	1.500	0.000
3813.850	1.500	0.000
3813.860	1.500	0.000
3813.870	1.500	0.000
3813.880	1.500	0.000
3813.890	1.500	0.000
3813.900	1.500	0.000
3813.910	1.500	0.000
3813.920	1.500	0.000
3813.930	1.500	0.000
3813.940	1.500	0.000
3813.950	1.500	0.000
3813.960	1.500	0.000
3813.970	1.500	0.000
3813.980	1.500	0.000
3813.990	1.500	0.000
3814.000	1.500	0.000
3814.010	1.500	0.000
3814.020	1.500	0.000
3814.030	1.500	0.000
3814.040	1.500	0.000
3814.050	1.500	0.000
3814.060	1.500	0.000
3814.070	1.500	0.000
3814.080	1.500	0.000
3814.090	1.500	0.000
3814.100	1.500	0.000
3814.110	1.500	0.000
3814.120	1.500	0.000
3814.130	1.500	0.000
3814.140	1.500	0.000
3814.150	1.500	0.000
3814.160	1.500	0.000
3814.170	1.500	0.000
3814.180	1.500	0.000
3814.190	1.500	0.000
3814.200	1.500	0.000
3814.210	1.500	0.000
3814.220	1.500	0.000
3814.230	1.500	0.000
3814.240	1.500	0.000
3814.250	1.500	0.000
3814.260	1.500	0.000
3814.270	1.500	0.000
3814.280	1.500	0.000
3814.290	1.500	0.000
3814.300	1.500	0.000
3814.310	1.500	0.000
3814.320	1.500	0.000
3814.330	1.500	0.000
3814.340	1.500	0.000
3814.350	1.500	0.000
3814.360	1.500	0.000
3814.370	1.500	0.000
3814.380	1.500	0.000
3814.390	1.500	0.000
3814.400	1.500	0.000
3814.410	1.500	0.000
3814.420	1.500	0.000
3814.430	1.500	0.000
3814.440	1.500	0.000
3814.450	1.500	0.000
3814.460	1.500	0.000
3814.470	1.500	0.000
3814.480	1.500	0.000
3814.490	1.500	0.000
3814.500	1.500	0.000
3814.510	1.500	0.000
3814.520	1.500	0.000
3814.530	1.500	0.000
3814.540	1.500	0.000
3814.550	1.500	0.000
3814.560	1.500	0.000
3814.570	1.500	0.000
3814.580	1.500	0.000
3814.590	1.500	0.000
3814.600	1.500	0.000
3814.610	1.500	0.000
3814.620	1.500	0.000
3814.630	1.500	0.000
3814.640	1.500	0.000
3814.650	1.500	0.000
3814.660	1.500	0.000
3814.670	1.500	0.000
3814.680	1.500	0.000
3814.690	1.500	0.000
3814.700	1.500	0.000
3814.710	1.500	0.000
3814.720	1.500	0.000
3814.730	1.500	0.000
3814.740	1.500	0.000
3814.750	1.500	0.000
3814.760	1.500	0.000
3814.770	1.500	0.000
3814.780	1.500	0.000
