%ArduinoTime [ms]	Reference Position [rad]	Measured Position [rad]	Actual Current [A]	Proportional Gain [Kp]	Derivative Gain [Kd]	Integral Gain [Ki]	%3/6/20249:18 AM
0.000	0.000	0.000	0.000	0.000	0.000	0.000
2219570.000	0.500	-0.090	0.000	64.220	34.550	0.000
2219570.000	0.500	-0.090	0.000	64.220	34.550	0.000
2219600.000	0.500	-0.090	0.000	64.220	34.550	0.000
2219600.000	0.500	-0.090	0.000	64.220	34.550	0.000
2219600.000	0.500	-0.090	0.000	64.220	34.550	0.000
2219630.000	0.500	-0.090	0.000	64.220	34.550	0.000
2219630.000	0.500	-0.090	0.000	64.220	34.550	0.000
2219630.000	0.500	-0.090	0.000	64.220	34.550	0.000
2219660.000	0.500	-0.090	0.000	64.220	34.550	0.000
2219660.000	0.500	-0.090	0.000	64.220	34.550	0.000
2219660.000	0.500	-0.090	0.000	64.220	34.550	0.000
2219690.000	0.500	-0.090	0.000	64.220	34.550	0.000
2219690.000	0.500	-0.090	0.000	64.220	34.550	0.000
2219690.000	0.500	-0.090	0.000	64.220	34.550	0.000
2219720.000	0.500	-0.090	0.000	64.220	34.550	0.000
2219720.000	0.500	-0.090	0.000	64.220	34.550	0.000
2219720.000	0.500	-0.090	0.000	64.220	34.550	0.000
2219750.000	0.500	-0.090	0.000	64.220	34.550	0.000
2219750.000	0.500	-0.090	0.000	64.220	34.550	0.000
2219750.000	0.500	-0.090	0.000	64.220	34.550	0.000
2219780.000	0.500	-0.090	0.000	64.220	34.550	0.000
2219780.000	0.500	-0.090	0.000	64.220	34.550	0.000
2219780.000	0.500	-0.090	0.000	64.220	34.550	0.000
2219810.000	0.500	-0.090	0.000	64.220	34.550	0.000
2219810.000	0.500	-0.090	0.000	64.220	34.550	0.000
2219810.000	0.500	-0.090	0.000	64.220	34.550	0.000
2219840.000	0.500	-0.090	0.000	64.220	34.550	0.000
2219840.000	0.500	-0.090	0.000	64.220	34.550	0.000
2219840.000	0.500	-0.090	0.000	64.220	34.550	0.000
2219870.000	0.500	-0.090	0.000	64.220	34.550	0.000
2219870.000	0.500	-0.090	0.000	64.220	34.550	0.000
2219870.000	0.500	-0.090	0.000	64.220	34.550	0.000
2219900.000	0.500	-0.090	0.000	64.220	34.550	0.000
2219900.000	0.500	-0.090	0.000	64.220	34.550	0.000
2219900.000	0.500	-0.090	0.000	64.220	34.550	0.000
2219930.000	0.500	-0.090	0.000	64.220	34.550	0.000
2219930.000	0.500	-0.090	0.000	64.220	34.550	0.000
2219930.000	0.500	-0.090	0.000	64.220	34.550	0.000
2219960.000	0.500	-0.090	0.000	64.220	34.550	0.000
2219960.000	0.500	-0.090	0.000	64.220	34.550	0.000
2219960.000	0.500	-0.090	0.000	64.220	34.550	0.000
2219990.000	0.500	-0.090	0.000	64.220	34.550	0.000
2219990.000	0.500	-0.090	0.000	64.220	34.550	0.000
2219990.000	0.500	-0.090	0.000	64.220	34.550	0.000
2220020.000	0.500	-0.090	0.000	64.220	34.550	0.000
2220020.000	0.500	-0.090	0.000	64.220	34.550	0.000
2220020.000	0.500	-0.090	0.000	64.220	34.550	0.000
2220050.000	0.500	-0.090	0.000	64.220	34.550	0.000
2220050.000	0.500	-0.090	0.000	64.220	34.550	0.000
2220050.000	0.500	-0.090	0.000	64.220	34.550	0.000
2220080.000	0.500	-0.090	0.000	64.220	34.550	0.000
2220080.000	0.500	-0.090	0.000	64.220	34.550	0.000
2220080.000	0.500	-0.090	0.000	64.220	34.550	0.000
2220110.000	0.500	-0.090	0.000	64.220	34.550	0.000
2220110.000	0.500	-0.090	0.000	64.220	34.550	0.000
2220110.000	0.500	-0.090	0.000	64.220	34.550	0.000
2220140.000	0.500	-0.090	0.000	64.220	34.550	0.000
2220140.000	0.500	-0.090	0.000	64.220	34.550	0.000
2220140.000	0.500	-0.090	0.000	64.220	34.550	0.000
2220170.000	0.500	-0.090	0.000	64.220	34.550	0.000
2220170.000	0.500	-0.090	0.000	64.220	34.550	0.000
2220170.000	0.500	-0.090	0.000	64.220	34.550	0.000
2220200.000	0.500	-0.090	0.000	64.220	34.550	0.000
2220200.000	0.500	-0.090	0.000	64.220	34.550	0.000
2220200.000	0.500	-0.090	0.000	64.220	34.550	0.000
2220230.000	0.500	-0.090	0.000	64.220	34.550	0.000
2220230.000	0.500	-0.090	0.000	64.220	34.550	0.000
2220230.000	0.500	-0.090	0.000	64.220	34.550	0.000
2220260.000	0.500	-0.090	0.000	64.220	34.550	0.000
2220260.000	0.500	-0.090	0.000	64.220	34.550	0.000
2220260.000	0.500	-0.090	0.000	64.220	34.550	0.000
2220290.000	0.500	-0.090	0.000	64.220	34.550	0.000
2220290.000	0.500	-0.090	0.000	64.220	34.550	0.000
2220290.000	0.500	-0.090	0.000	64.220	34.550	0.000
2220320.000	0.500	-0.090	0.000	64.220	34.550	0.000
2220320.000	0.500	-0.090	0.000	64.220	34.550	0.000
2220320.000	0.500	-0.090	0.000	64.220	34.550	0.000
2220350.000	0.500	-0.090	0.000	64.220	34.550	0.000
2220350.000	0.500	-0.090	0.000	64.220	34.550	0.000
2220350.000	0.500	-0.090	0.000	64.220	34.550	0.000
2220380.000	0.500	-0.090	0.000	64.220	34.550	0.000
2220380.000	0.500	-0.090	0.000	64.220	34.550	0.000
2220380.000	0.500	-0.090	0.000	64.220	34.550	0.000
2220410.000	0.500	-0.090	0.000	64.220	34.550	0.000
2220410.000	0.500	-0.090	0.000	64.220	34.550	0.000
2220410.000	0.500	-0.090	0.000	64.220	34.550	0.000
2220440.000	0.500	-0.090	0.000	64.220	34.550	0.000
2220440.000	0.500	-0.090	0.000	64.220	34.550	0.000
2220440.000	0.500	-0.090	0.000	64.220	34.550	0.000
2220470.000	0.500	-0.090	0.000	64.220	34.550	0.000
2220470.000	0.500	-0.090	0.000	64.220	34.550	0.000
2220470.000	0.500	-0.090	0.000	64.220	34.550	0.000
2220500.000	0.500	-0.090	0.000	64.220	34.550	0.000
2220500.000	0.500	-0.090	0.000	64.220	34.550	0.000
2220500.000	0.500	-0.090	0.000	64.220	34.550	0.000
2220530.000	0.500	-0.090	0.000	64.220	34.550	0.000
2220530.000	0.500	-0.090	0.000	64.220	34.550	0.000
2220530.000	0.500	-0.090	0.000	64.220	34.550	0.000
2220560.000	0.500	-0.090	0.000	64.220	34.550	0.000
2220560.000	0.500	-0.090	0.000	64.220	34.550	0.000
2220560.000	0.500	-0.090	0.000	64.220	34.550	0.000
2220590.000	0.500	-0.090	0.000	64.220	34.550	0.000
2220590.000	0.500	-0.090	0.000	64.220	34.550	0.000
2220590.000	0.500	-0.090	0.000	64.220	34.550	0.000
2220620.000	0.500	-0.090	0.000	64.220	34.550	0.000
2220620.000	0.500	-0.090	0.000	64.220	34.550	0.000
2220620.000	0.500	-0.090	0.000	64.220	34.550	0.000
2220650.000	0.500	-0.090	0.000	64.220	34.550	0.000
2220650.000	0.500	-0.090	0.000	64.220	34.550	0.000
2220650.000	0.500	-0.090	0.000	64.220	34.550	0.000
2220680.000	0.500	-0.090	0.859	64.220	34.550	0.000
2220680.000	0.500	-0.090	0.859	64.220	34.550	0.000
2220680.000	0.500	-0.090	0.859	64.220	34.550	0.000
2220710.000	0.500	-0.090	0.703	64.220	34.550	0.000
2220710.000	0.500	-0.090	0.703	64.220	34.550	0.000
2220710.000	0.500	-0.090	0.703	64.220	34.550	0.000
2220740.000	0.500	-0.080	0.578	64.220	34.550	0.000
2220740.000	0.500	-0.080	0.578	64.220	34.550	0.000
2220740.000	0.500	-0.080	0.578	64.220	34.550	0.000
2220770.000	0.500	-0.070	0.469	64.220	34.550	0.000
2220770.000	0.500	-0.070	0.469	64.220	34.550	0.000
2220770.000	0.500	-0.070	0.469	64.220	34.550	0.000
2220800.000	0.500	-0.050	0.391	64.220	34.550	0.000
2220800.000	0.500	-0.050	0.391	64.220	34.550	0.000
2220800.000	0.500	-0.050	0.391	64.220	34.550	0.000
2220830.000	0.500	-0.030	0.312	64.220	34.550	0.000
2220830.000	0.500	-0.030	0.312	64.220	34.550	0.000
2220830.000	0.500	-0.030	0.312	64.220	34.550	0.000
2220860.000	0.500	-0.020	0.250	64.220	34.550	0.000
2220860.000	0.500	-0.020	0.250	64.220	34.550	0.000
2220860.000	0.500	-0.020	0.250	64.220	34.550	0.000
2220890.000	0.500	0.000	0.203	64.220	34.550	0.000
2220890.000	0.500	0.000	0.203	64.220	34.550	0.000
2220890.000	0.500	0.000	0.203	64.220	34.550	0.000
2220920.000	0.500	0.020	0.156	64.220	34.550	0.000
2220920.000	0.500	0.020	0.156	64.220	34.550	0.000
2220920.000	0.500	0.020	0.156	64.220	34.550	0.000
2220950.000	0.500	0.040	0.125	64.220	34.550	0.000
2220950.000	0.500	0.040	0.125	64.220	34.550	0.000
2220950.000	0.500	0.040	0.125	64.220	34.550	0.000
2220980.000	0.500	0.060	0.094	64.220	34.550	0.000
2220980.000	0.500	0.060	0.094	64.220	34.550	0.000
2220980.000	0.500	0.060	0.094	64.220	34.550	0.000
2221010.000	0.500	0.080	0.078	64.220	34.550	0.000
2221010.000	0.500	0.080	0.078	64.220	34.550	0.000
2221010.000	0.500	0.080	0.078	64.220	34.550	0.000
2221040.000	0.500	0.100	0.062	64.220	34.550	0.000
2221040.000	0.500	0.100	0.062	64.220	34.550	0.000
2221040.000	0.500	0.100	0.062	64.220	34.550	0.000
2221070.000	0.500	0.120	0.031	64.220	34.550	0.000
2221070.000	0.500	0.120	0.031	64.220	34.550	0.000
2221070.000	0.500	0.120	0.031	64.220	34.550	0.000
2221100.000	0.500	0.140	0.031	64.220	34.550	0.000
2221100.000	0.500	0.140	0.031	64.220	34.550	0.000
2221100.000	0.500	0.140	0.031	64.220	34.550	0.000
2221130.000	0.500	0.160	0.031	64.220	34.550	0.000
2221130.000	0.500	0.160	0.031	64.220	34.550	0.000
2221130.000	0.500	0.160	0.031	64.220	34.550	0.000
2221160.000	0.500	0.180	0.031	64.220	34.550	0.000
2221160.000	0.500	0.180	0.031	64.220	34.550	0.000
2221160.000	0.500	0.180	0.031	64.220	34.550	0.000
2221190.000	0.500	0.190	0.031	64.220	34.550	0.000
2221190.000	0.500	0.190	0.031	64.220	34.550	0.000
2221190.000	0.500	0.190	0.031	64.220	34.550	0.000
2221220.000	0.500	0.210	0.047	64.220	34.550	0.000
2221220.000	0.500	0.210	0.047	64.220	34.550	0.000
2221220.000	0.500	0.210	0.047	64.220	34.550	0.000
2221250.000	0.500	0.220	0.031	64.220	34.550	0.000
2221250.000	0.500	0.220	0.031	64.220	34.550	0.000
2221250.000	0.500	0.220	0.031	64.220	34.550	0.000
2221280.000	0.500	0.230	0.031	64.220	34.550	0.000
2221280.000	0.500	0.230	0.031	64.220	34.550	0.000
2221280.000	0.500	0.230	0.031	64.220	34.550	0.000
2221310.000	0.500	0.250	0.031	64.220	34.550	0.000
2221310.000	0.500	0.250	0.031	64.220	34.550	0.000
2221310.000	0.500	0.250	0.031	64.220	34.550	0.000
2221340.000	0.500	0.260	0.031	64.220	34.550	0.000
2221340.000	0.500	0.260	0.031	64.220	34.550	0.000
2221340.000	0.500	0.260	0.031	64.220	34.550	0.000
2221370.000	0.500	0.270	0.031	64.220	34.550	0.000
2221370.000	0.500	0.270	0.031	64.220	34.550	0.000
2221370.000	0.500	0.270	0.031	64.220	34.550	0.000
2221400.000	0.500	0.280	0.031	64.220	34.550	0.000
2221400.000	0.500	0.280	0.031	64.220	34.550	0.000
2221400.000	0.500	0.280	0.031	64.220	34.550	0.000
2221430.000	0.500	0.290	0.047	64.220	34.550	0.000
2221430.000	0.500	0.290	0.047	64.220	34.550	0.000
2221430.000	0.500	0.290	0.047	64.220	34.550	0.000
2221460.000	0.500	0.300	0.047	64.220	34.550	0.000
2221460.000	0.500	0.300	0.047	64.220	34.550	0.000
2221460.000	0.500	0.300	0.047	64.220	34.550	0.000
2221490.000	0.500	0.310	0.078	64.220	34.550	0.000
2221490.000	0.500	0.310	0.078	64.220	34.550	0.000
2221490.000	0.500	0.310	0.078	64.220	34.550	0.000
2221520.000	0.500	0.320	0.062	64.220	34.550	0.000
2221520.000	0.500	0.320	0.062	64.220	34.550	0.000
2221520.000	0.500	0.320	0.062	64.220	34.550	0.000
2221550.000	0.500	0.320	0.062	64.220	34.550	0.000
2221550.000	0.500	0.320	0.062	64.220	34.550	0.000
2221550.000	0.500	0.320	0.062	64.220	34.550	0.000
2221580.000	0.500	0.330	0.062	64.220	34.550	0.000
2221580.000	0.500	0.330	0.062	64.220	34.550	0.000
2221580.000	0.500	0.330	0.062	64.220	34.550	0.000
2221610.000	0.500	0.340	0.078	64.220	34.550	0.000
2221610.000	0.500	0.340	0.078	64.220	34.550	0.000
2221610.000	0.500	0.340	0.078	64.220	34.550	0.000
2221640.000	0.500	0.340	0.078	64.220	34.550	0.000
2221640.000	0.500	0.340	0.078	64.220	34.550	0.000
2221640.000	0.500	0.340	0.078	64.220	34.550	0.000
2221670.000	0.500	0.350	0.078	64.220	34.550	0.000
2221670.000	0.500	0.350	0.078	64.220	34.550	0.000
2221670.000	0.500	0.350	0.078	64.220	34.550	0.000
2221700.000	0.500	0.350	0.078	64.220	34.550	0.000
2221700.000	0.500	0.350	0.078	64.220	34.550	0.000
2221700.000	0.500	0.350	0.078	64.220	34.550	0.000
2221730.000	0.500	0.360	0.141	64.220	34.550	0.000
2221730.000	0.500	0.360	0.141	64.220	34.550	0.000
2221730.000	0.500	0.360	0.141	64.220	34.550	0.000
2221760.000	0.500	0.360	0.094	64.220	34.550	0.000
2221760.000	0.500	0.360	0.094	64.220	34.550	0.000
2221760.000	0.500	0.360	0.094	64.220	34.550	0.000
2221790.000	0.500	0.360	0.094	64.220	34.550	0.000
2221790.000	0.500	0.360	0.094	64.220	34.550	0.000
2221790.000	0.500	0.360	0.094	64.220	34.550	0.000
2221820.000	0.500	0.370	0.094	64.220	34.550	0.000
2221820.000	0.500	0.370	0.094	64.220	34.550	0.000
2221820.000	0.500	0.370	0.094	64.220	34.550	0.000
2221850.000	0.500	0.370	0.109	64.220	34.550	0.000
2221850.000	0.500	0.370	0.109	64.220	34.550	0.000
2221850.000	0.500	0.370	0.109	64.220	34.550	0.000
2221880.000	0.500	0.370	0.109	64.220	34.550	0.000
2221880.000	0.500	0.370	0.109	64.220	34.550	0.000
2221880.000	0.500	0.370	0.109	64.220	34.550	0.000
2221910.000	0.500	0.370	0.125	64.220	34.550	0.000
2221910.000	0.500	0.370	0.125	64.220	34.550	0.000
2221910.000	0.500	0.370	0.125	64.220	34.550	0.000
2221940.000	0.500	0.380	0.125	64.220	34.550	0.000
2221940.000	0.500	0.380	0.125	64.220	34.550	0.000
2221940.000	0.500	0.380	0.125	64.220	34.550	0.000
2221970.000	0.500	0.380	0.125	64.220	34.550	0.000
2221970.000	0.500	0.380	0.125	64.220	34.550	0.000
2221970.000	0.500	0.380	0.125	64.220	34.550	0.000
2222000.000	0.500	0.380	0.141	64.220	34.550	0.000
2222000.000	0.500	0.380	0.141	64.220	34.550	0.000
2222000.000	0.500	0.380	0.141	64.220	34.550	0.000
2222030.000	0.500	0.380	0.141	64.220	34.550	0.000
2222030.000	0.500	0.380	0.141	64.220	34.550	0.000
2222030.000	0.500	0.380	0.141	64.220	34.550	0.000
2222060.000	0.500	0.380	0.141	64.220	34.550	0.000
2222060.000	0.500	0.380	0.141	64.220	34.550	0.000
2222060.000	0.500	0.380	0.141	64.220	34.550	0.000
2222090.000	0.500	0.380	0.141	64.220	34.550	0.000
2222090.000	0.500	0.380	0.141	64.220	34.550	0.000
2222090.000	0.500	0.380	0.141	64.220	34.550	0.000
2222120.000	0.500	0.380	0.156	64.220	34.550	0.000
2222120.000	0.500	0.380	0.156	64.220	34.550	0.000
2222120.000	0.500	0.380	0.156	64.220	34.550	0.000
2222150.000	0.500	0.380	0.156	64.220	34.550	0.000
2222150.000	0.500	0.380	0.156	64.220	34.550	0.000
2222150.000	0.500	0.380	0.156	64.220	34.550	0.000
2222180.000	0.500	0.380	0.156	64.220	34.550	0.000
2222180.000	0.500	0.380	0.156	64.220	34.550	0.000
2222180.000	0.500	0.380	0.156	64.220	34.550	0.000
2222210.000	0.500	0.380	0.156	64.220	34.550	0.000
2222210.000	0.500	0.380	0.156	64.220	34.550	0.000
2222210.000	0.500	0.380	0.156	64.220	34.550	0.000
2222240.000	0.500	0.380	0.156	64.220	34.550	0.000
2222240.000	0.500	0.380	0.156	64.220	34.550	0.000
2222240.000	0.500	0.380	0.156	64.220	34.550	0.000
2222270.000	0.500	0.380	0.156	64.220	34.550	0.000
2222270.000	0.500	0.380	0.156	64.220	34.550	0.000
2222270.000	0.500	0.380	0.156	64.220	34.550	0.000
2222300.000	0.500	0.380	0.156	64.220	34.550	0.000
2222300.000	0.500	0.380	0.156	64.220	34.550	0.000
2222300.000	0.500	0.380	0.156	64.220	34.550	0.000
2222330.000	0.500	0.380	0.172	64.220	34.550	0.000
2222330.000	0.500	0.380	0.172	64.220	34.550	0.000
2222330.000	0.500	0.380	0.172	64.220	34.550	0.000
2222360.000	0.500	0.380	0.172	64.220	34.550	0.000
2222360.000	0.500	0.380	0.172	64.220	34.550	0.000
2222360.000	0.500	0.380	0.172	64.220	34.550	0.000
2222390.000	0.500	0.380	0.172	64.220	34.550	0.000
2222390.000	0.500	0.380	0.172	64.220	34.550	0.000
2222390.000	0.500	0.380	0.172	64.220	34.550	0.000
2222420.000	0.500	0.380	0.172	64.220	34.550	0.000
2222420.000	0.500	0.380	0.172	64.220	34.550	0.000
2222420.000	0.500	0.380	0.172	64.220	34.550	0.000
2222450.000	0.500	0.380	0.156	64.220	34.550	0.000
2222450.000	0.500	0.380	0.156	64.220	34.550	0.000
2222450.000	0.500	0.380	0.156	64.220	34.550	0.000
2222480.000	0.500	0.380	0.156	64.220	34.550	0.000
2222480.000	0.500	0.380	0.156	64.220	34.550	0.000
2222480.000	0.500	0.380	0.156	64.220	34.550	0.000
2222510.000	0.500	0.380	0.172	64.220	34.550	0.000
2222510.000	0.500	0.380	0.172	64.220	34.550	0.000
2222510.000	0.500	0.380	0.172	64.220	34.550	0.000
2222540.000	0.500	0.380	0.172	64.220	34.550	0.000
2222540.000	0.500	0.380	0.172	64.220	34.550	0.000
2222540.000	0.500	0.380	0.172	64.220	34.550	0.000
2222570.000	0.500	0.380	0.172	64.220	34.550	0.000
2222570.000	0.500	0.380	0.172	64.220	34.550	0.000
2222570.000	0.500	0.380	0.172	64.220	34.550	0.000
2222600.000	0.500	0.380	0.172	64.220	34.550	0.000
2222600.000	0.500	0.380	0.172	64.220	34.550	0.000
2222600.000	0.500	0.380	0.172	64.220	34.550	0.000
2222630.000	0.500	0.380	0.156	64.220	34.550	0.000
2222630.000	0.500	0.380	0.156	64.220	34.550	0.000
2222630.000	0.500	0.380	0.156	64.220	34.550	0.000
2222660.000	0.500	0.380	0.172	64.220	34.550	0.000
2222660.000	0.500	0.380	0.172	64.220	34.550	0.000
2222660.000	0.500	0.380	0.172	64.220	34.550	0.000
2222690.000	0.500	0.380	0.172	64.220	34.550	0.000
2222690.000	0.500	0.380	0.172	64.220	34.550	0.000
2222690.000	0.500	0.380	0.172	64.220	34.550	0.000
2222720.000	0.500	0.380	0.156	64.220	34.550	0.000
2222720.000	0.500	0.380	0.156	64.220	34.550	0.000
2222720.000	0.500	0.380	0.156	64.220	34.550	0.000
2222750.000	0.500	0.380	0.172	64.220	34.550	0.000
2222750.000	0.500	0.380	0.172	64.220	34.550	0.000
2222750.000	0.500	0.380	0.172	64.220	34.550	0.000
2222780.000	0.500	0.380	0.156	64.220	34.550	0.000
2222780.000	0.500	0.380	0.156	64.220	34.550	0.000
2222780.000	0.500	0.380	0.156	64.220	34.550	0.000
2222810.000	0.500	0.380	0.172	64.220	34.550	0.000
2222810.000	0.500	0.380	0.172	64.220	34.550	0.000
2222810.000	0.500	0.380	0.172	64.220	34.550	0.000
2222840.000	0.500	0.380	0.172	64.220	34.550	0.000
2222840.000	0.500	0.380	0.172	64.220	34.550	0.000
2222840.000	0.500	0.380	0.172	64.220	34.550	0.000
2222870.000	0.500	0.380	0.172	64.220	34.550	0.000
2222870.000	0.500	0.380	0.172	64.220	34.550	0.000
2222870.000	0.500	0.380	0.172	64.220	34.550	0.000
2222900.000	0.500	0.380	0.156	64.220	34.550	0.000
2222900.000	0.500	0.380	0.156	64.220	34.550	0.000
2222900.000	0.500	0.380	0.156	64.220	34.550	0.000
2222930.000	0.500	0.380	0.156	64.220	34.550	0.000
2222930.000	0.500	0.380	0.156	64.220	34.550	0.000
2222930.000	0.500	0.380	0.156	64.220	34.550	0.000
2222960.000	0.500	0.380	0.172	64.220	34.550	0.000
2222960.000	0.500	0.380	0.172	64.220	34.550	0.000
2222960.000	0.500	0.380	0.172	64.220	34.550	0.000
2222990.000	0.500	0.380	0.156	64.220	34.550	0.000
2222990.000	0.500	0.380	0.156	64.220	34.550	0.000
2222990.000	0.500	0.380	0.156	64.220	34.550	0.000
2223020.000	0.500	0.380	0.172	64.220	34.550	0.000
2223020.000	0.500	0.380	0.172	64.220	34.550	0.000
2223020.000	0.500	0.380	0.172	64.220	34.550	0.000
2223050.000	0.500	0.380	0.156	64.220	34.550	0.000
2223050.000	0.500	0.380	0.156	64.220	34.550	0.000
2223050.000	0.500	0.380	0.156	64.220	34.550	0.000
2223080.000	0.500	0.380	0.172	64.220	34.550	0.000
2223080.000	0.500	0.380	0.172	64.220	34.550	0.000
2223080.000	0.500	0.380	0.172	64.220	34.550	0.000
2223110.000	0.500	0.380	0.156	64.220	34.550	0.000
2223110.000	0.500	0.380	0.156	64.220	34.550	0.000
2223110.000	0.500	0.380	0.156	64.220	34.550	0.000
2223140.000	0.500	0.380	0.172	64.220	34.550	0.000
2223140.000	0.500	0.380	0.172	64.220	34.550	0.000
2223140.000	0.500	0.380	0.172	64.220	34.550	0.000
2223170.000	0.500	0.380	0.172	64.220	34.550	0.000
2223170.000	0.500	0.380	0.172	64.220	34.550	0.000
2223170.000	0.500	0.380	0.172	64.220	34.550	0.000
2223200.000	0.500	0.380	0.172	64.220	34.550	0.000
2223200.000	0.500	0.380	0.172	64.220	34.550	0.000
2223200.000	0.500	0.380	0.172	64.220	34.550	0.000
2223230.000	0.500	0.380	0.156	64.220	34.550	0.000
2223230.000	0.500	0.380	0.156	64.220	34.550	0.000
2223230.000	0.500	0.380	0.156	64.220	34.550	0.000
2223260.000	0.500	0.380	0.172	64.220	34.550	0.000
2223260.000	0.500	0.380	0.172	64.220	34.550	0.000
2223260.000	0.500	0.380	0.172	64.220	34.550	0.000
2223290.000	0.500	0.380	0.156	64.220	34.550	0.000
2223290.000	0.500	0.380	0.156	64.220	34.550	0.000
2223290.000	0.500	0.380	0.156	64.220	34.550	0.000
2223320.000	0.500	0.380	0.172	64.220	34.550	0.000
2223320.000	0.500	0.380	0.172	64.220	34.550	0.000
2223320.000	0.500	0.380	0.172	64.220	34.550	0.000
2223350.000	0.500	0.380	0.156	64.220	34.550	0.000
2223350.000	0.500	0.380	0.156	64.220	34.550	0.000
2223350.000	0.500	0.380	0.156	64.220	34.550	0.000
2223380.000	0.500	0.380	0.172	64.220	34.550	0.000
2223380.000	0.500	0.380	0.172	64.220	34.550	0.000
2223380.000	0.500	0.380	0.172	64.220	34.550	0.000
2223410.000	0.500	0.380	0.156	64.220	34.550	0.000
2223410.000	0.500	0.380	0.156	64.220	34.550	0.000
2223410.000	0.500	0.380	0.156	64.220	34.550	0.000
2223440.000	0.500	0.380	0.172	64.220	34.550	0.000
2223440.000	0.500	0.380	0.172	64.220	34.550	0.000
2223440.000	0.500	0.380	0.172	64.220	34.550	0.000
2223470.000	0.500	0.380	0.156	64.220	34.550	0.000
2223470.000	0.500	0.380	0.156	64.220	34.550	0.000
2223470.000	0.500	0.380	0.156	64.220	34.550	0.000
2223500.000	0.500	0.380	0.172	64.220	34.550	0.000
2223500.000	0.500	0.380	0.172	64.220	34.550	0.000
2223500.000	0.500	0.380	0.172	64.220	34.550	0.000
2223530.000	0.500	0.380	0.156	64.220	34.550	0.000
2223530.000	0.500	0.380	0.156	64.220	34.550	0.000
2223530.000	0.500	0.380	0.156	64.220	34.550	0.000
2223560.000	0.500	0.380	0.172	64.220	34.550	0.000
2223560.000	0.500	0.380	0.172	64.220	34.550	0.000
2223560.000	0.500	0.380	0.172	64.220	34.550	0.000
2223590.000	0.500	0.380	0.172	64.220	34.550	0.000
2223590.000	0.500	0.380	0.172	64.220	34.550	0.000
2223590.000	0.500	0.380	0.172	64.220	34.550	0.000
2223620.000	0.500	0.380	0.156	64.220	34.550	0.000
2223620.000	0.500	0.380	0.156	64.220	34.550	0.000
2223620.000	0.500	0.380	0.156	64.220	34.550	0.000
2223650.000	0.500	0.380	0.187	64.220	34.550	0.000
2223650.000	0.500	0.380	0.187	64.220	34.550	0.000
2223650.000	0.500	0.380	0.187	64.220	34.550	0.000
2223680.000	0.500	0.380	0.156	64.220	34.550	0.000
2223680.000	0.500	0.380	0.156	64.220	34.550	0.000
2223680.000	0.500	0.380	0.156	64.220	34.550	0.000
2223710.000	0.500	0.380	0.172	64.220	34.550	0.000
2223710.000	0.500	0.380	0.172	64.220	34.550	0.000
2223710.000	0.500	0.380	0.172	64.220	34.550	0.000
2223740.000	0.500	0.380	0.156	64.220	34.550	0.000
2223740.000	0.500	0.380	0.156	64.220	34.550	0.000
2223740.000	0.500	0.380	0.156	64.220	34.550	0.000
2223770.000	0.500	0.380	0.156	64.220	34.550	0.000
2223770.000	0.500	0.380	0.156	64.220	34.550	0.000
2223770.000	0.500	0.380	0.156	64.220	34.550	0.000
2223800.000	0.500	0.380	0.187	64.220	34.550	0.000
2223800.000	0.500	0.380	0.187	64.220	34.550	0.000
2223800.000	0.500	0.380	0.187	64.220	34.550	0.000
2223830.000	0.500	0.380	0.156	64.220	34.550	0.000
2223830.000	0.500	0.380	0.156	64.220	34.550	0.000
2223830.000	0.500	0.380	0.156	64.220	34.550	0.000
2223860.000	0.500	0.380	0.172	64.220	34.550	0.000
2223860.000	0.500	0.380	0.172	64.220	34.550	0.000
2223860.000	0.500	0.380	0.172	64.220	34.550	0.000
2223890.000	0.500	0.380	0.172	64.220	34.550	0.000
2223890.000	0.500	0.380	0.172	64.220	34.550	0.000
2223890.000	0.500	0.380	0.172	64.220	34.550	0.000
2223920.000	0.500	0.380	0.156	64.220	34.550	0.000
2223920.000	0.500	0.380	0.156	64.220	34.550	0.000
2223920.000	0.500	0.380	0.156	64.220	34.550	0.000
2223950.000	0.500	0.380	0.203	64.220	34.550	0.000
2223950.000	0.500	0.380	0.203	64.220	34.550	0.000
2223950.000	0.500	0.380	0.203	64.220	34.550	0.000
2223980.000	0.500	0.380	0.172	64.220	34.550	0.000
2223980.000	0.500	0.380	0.172	64.220	34.550	0.000
2223980.000	0.500	0.380	0.172	64.220	34.550	0.000
2224010.000	0.500	0.380	0.141	64.220	34.550	0.000
2224010.000	0.500	0.380	0.141	64.220	34.550	0.000
2224010.000	0.500	0.380	0.141	64.220	34.550	0.000
2224040.000	0.500	0.380	0.187	64.220	34.550	0.000
2224040.000	0.500	0.380	0.187	64.220	34.550	0.000
2224040.000	0.500	0.380	0.187	64.220	34.550	0.000
2224070.000	0.500	0.380	0.156	64.220	34.550	0.000
2224070.000	0.500	0.380	0.156	64.220	34.550	0.000
2224070.000	0.500	0.380	0.156	64.220	34.550	0.000
2224100.000	0.500	0.380	0.172	64.220	34.550	0.000
2224100.000	0.500	0.380	0.172	64.220	34.550	0.000
2224100.000	0.500	0.380	0.172	64.220	34.550	0.000
2224130.000	0.500	0.380	0.187	64.220	34.550	0.000
2224130.000	0.500	0.380	0.187	64.220	34.550	0.000
2224130.000	0.500	0.380	0.187	64.220	34.550	0.000
2224160.000	0.500	0.380	0.141	64.220	34.550	0.000
2224160.000	0.500	0.380	0.141	64.220	34.550	0.000
2224160.000	0.500	0.380	0.141	64.220	34.550	0.000
2224190.000	0.500	0.380	0.156	64.220	34.550	0.000
2224190.000	0.500	0.380	0.156	64.220	34.550	0.000
2224190.000	0.500	0.380	0.156	64.220	34.550	0.000
2224220.000	0.500	0.380	0.187	64.220	34.550	0.000
2224220.000	0.500	0.380	0.187	64.220	34.550	0.000
2224220.000	0.500	0.380	0.187	64.220	34.550	0.000
2224250.000	0.500	0.380	0.156	64.220	34.550	0.000
2224250.000	0.500	0.380	0.156	64.220	34.550	0.000
2224250.000	0.500	0.380	0.156	64.220	34.550	0.000
2224280.000	0.500	0.380	0.156	64.220	34.550	0.000
2224280.000	0.500	0.380	0.156	64.220	34.550	0.000
2224280.000	0.500	0.380	0.156	64.220	34.550	0.000
2224310.000	0.500	0.380	0.172	64.220	34.550	0.000
2224310.000	0.500	0.380	0.172	64.220	34.550	0.000
2224310.000	0.500	0.380	0.172	64.220	34.550	0.000
2224340.000	0.500	0.380	0.172	64.220	34.550	0.000
2224340.000	0.500	0.380	0.172	64.220	34.550	0.000
2224340.000	0.500	0.380	0.172	64.220	34.550	0.000
2224370.000	0.500	0.380	0.156	64.220	34.550	0.000
2224370.000	0.500	0.380	0.156	64.220	34.550	0.000
2224370.000	0.500	0.380	0.156	64.220	34.550	0.000
2224400.000	0.500	0.380	0.156	64.220	34.550	0.000
2224400.000	0.500	0.380	0.156	64.220	34.550	0.000
2224400.000	0.500	0.380	0.156	64.220	34.550	0.000
2224430.000	0.500	0.380	0.187	64.220	34.550	0.000
2224430.000	0.500	0.380	0.187	64.220	34.550	0.000
2224430.000	0.500	0.380	0.187	64.220	34.550	0.000
2224460.000	0.500	0.380	0.172	64.220	34.550	0.000
2224460.000	0.500	0.380	0.172	64.220	34.550	0.000
2224460.000	0.500	0.380	0.172	64.220	34.550	0.000
2224490.000	0.500	0.380	0.141	64.220	34.550	0.000
2224490.000	0.500	0.380	0.141	64.220	34.550	0.000
2224490.000	0.500	0.380	0.141	64.220	34.550	0.000
2224520.000	0.500	0.380	0.172	64.220	34.550	0.000
2224520.000	0.500	0.380	0.172	64.220	34.550	0.000
2224520.000	0.500	0.380	0.172	64.220	34.550	0.000
2224550.000	0.500	0.380	0.187	64.220	34.550	0.000
2224550.000	0.500	0.380	0.187	64.220	34.550	0.000
2224550.000	0.500	0.380	0.187	64.220	34.550	0.000
2224580.000	0.500	0.380	0.172	64.220	34.550	0.000
2224580.000	0.500	0.380	0.172	64.220	34.550	0.000
2224580.000	0.500	0.380	0.172	64.220	34.550	0.000
2224610.000	0.500	0.380	0.141	64.220	34.550	0.000
2224610.000	0.500	0.380	0.141	64.220	34.550	0.000
2224610.000	0.500	0.380	0.141	64.220	34.550	0.000
2224640.000	0.500	0.380	0.156	64.220	34.550	0.000
2224640.000	0.500	0.380	0.156	64.220	34.550	0.000
2224640.000	0.500	0.380	0.156	64.220	34.550	0.000
2224670.000	0.500	0.380	0.187	64.220	34.550	0.000
2224670.000	0.500	0.380	0.187	64.220	34.550	0.000
2224670.000	0.500	0.380	0.187	64.220	34.550	0.000
2224700.000	0.500	0.380	0.187	64.220	34.550	0.000
2224700.000	0.500	0.380	0.187	64.220	34.550	0.000
2224700.000	0.500	0.380	0.187	64.220	34.550	0.000
2224730.000	0.500	0.380	0.172	64.220	34.550	0.000
2224730.000	0.500	0.380	0.172	64.220	34.550	0.000
2224730.000	0.500	0.380	0.172	64.220	34.550	0.000
2224760.000	0.500	0.380	0.156	64.220	34.550	0.000
2224760.000	0.500	0.380	0.156	64.220	34.550	0.000
2224760.000	0.500	0.380	0.156	64.220	34.550	0.000
2224790.000	0.500	0.380	0.172	64.220	34.550	0.000
2224790.000	0.500	0.380	0.172	64.220	34.550	0.000
2224790.000	0.500	0.380	0.172	64.220	34.550	0.000
2224820.000	0.500	0.380	0.187	64.220	34.550	0.000
2224820.000	0.500	0.380	0.187	64.220	34.550	0.000
2224820.000	0.500	0.380	0.187	64.220	34.550	0.000
2224850.000	0.500	0.380	0.172	64.220	34.550	0.000
2224850.000	0.500	0.380	0.172	64.220	34.550	0.000
2224850.000	0.500	0.380	0.172	64.220	34.550	0.000
2224880.000	0.500	0.380	0.156	64.220	34.550	0.000
2224880.000	0.500	0.380	0.156	64.220	34.550	0.000
2224880.000	0.500	0.380	0.156	64.220	34.550	0.000
2224910.000	0.500	0.380	0.156	64.220	34.550	0.000
2224910.000	0.500	0.380	0.156	64.220	34.550	0.000
2224910.000	0.500	0.380	0.156	64.220	34.550	0.000
2224940.000	0.500	0.380	0.156	64.220	34.550	0.000
2224940.000	0.500	0.380	0.156	64.220	34.550	0.000
2224940.000	0.500	0.380	0.156	64.220	34.550	0.000
2224970.000	0.500	0.380	0.187	64.220	34.550	0.000
2224970.000	0.500	0.380	0.187	64.220	34.550	0.000
2224970.000	0.500	0.380	0.187	64.220	34.550	0.000
2225000.000	0.500	0.380	0.187	64.220	34.550	0.000
2225000.000	0.500	0.380	0.187	64.220	34.550	0.000
2225000.000	0.500	0.380	0.187	64.220	34.550	0.000
2225030.000	0.500	0.380	0.187	64.220	34.550	0.000
2225030.000	0.500	0.380	0.187	64.220	34.550	0.000
2225030.000	0.500	0.380	0.187	64.220	34.550	0.000
2225060.000	0.500	0.380	0.156	64.220	34.550	0.000
2225060.000	0.500	0.380	0.156	64.220	34.550	0.000
2225060.000	0.500	0.380	0.156	64.220	34.550	0.000
2225090.000	0.500	0.380	0.156	64.220	34.550	0.000
2225090.000	0.500	0.380	0.156	64.220	34.550	0.000
2225090.000	0.500	0.380	0.156	64.220	34.550	0.000
2225120.000	0.500	0.380	0.156	64.220	34.550	0.000
2225120.000	0.500	0.380	0.156	64.220	34.550	0.000
2225120.000	0.500	0.380	0.156	64.220	34.550	0.000
2225150.000	0.500	0.380	0.187	64.220	34.550	0.000
2225150.000	0.500	0.380	0.187	64.220	34.550	0.000
2225150.000	0.500	0.380	0.187	64.220	34.550	0.000
2225180.000	0.500	0.380	0.187	64.220	34.550	0.000
2225180.000	0.500	0.380	0.187	64.220	34.550	0.000
2225180.000	0.500	0.380	0.187	64.220	34.550	0.000
2225210.000	0.500	0.380	0.172	64.220	34.550	0.000
2225210.000	0.500	0.380	0.172	64.220	34.550	0.000
2225210.000	0.500	0.380	0.172	64.220	34.550	0.000
2225240.000	0.500	0.380	0.172	64.220	34.550	0.000
2225240.000	0.500	0.380	0.172	64.220	34.550	0.000
2225240.000	0.500	0.380	0.172	64.220	34.550	0.000
2225270.000	0.500	0.380	0.156	64.220	34.550	0.000
2225270.000	0.500	0.380	0.156	64.220	34.550	0.000
2225270.000	0.500	0.380	0.156	64.220	34.550	0.000
2225300.000	0.500	0.380	0.156	64.220	34.550	0.000
2225300.000	0.500	0.380	0.156	64.220	34.550	0.000
2225300.000	0.500	0.380	0.156	64.220	34.550	0.000
2225330.000	0.500	0.380	0.172	64.220	34.550	0.000
2225330.000	0.500	0.380	0.172	64.220	34.550	0.000
2225330.000	0.500	0.380	0.172	64.220	34.550	0.000
2225360.000	0.500	0.380	0.172	64.220	34.550	0.000
2225360.000	0.500	0.380	0.172	64.220	34.550	0.000
2225360.000	0.500	0.380	0.172	64.220	34.550	0.000
2225390.000	0.500	0.380	0.172	64.220	34.550	0.000
2225390.000	0.500	0.380	0.172	64.220	34.550	0.000
2225390.000	0.500	0.380	0.172	64.220	34.550	0.000
2225420.000	0.500	0.380	0.172	64.220	34.550	0.000
2225420.000	0.500	0.380	0.172	64.220	34.550	0.000
2225420.000	0.500	0.380	0.172	64.220	34.550	0.000
2225450.000	0.500	0.380	0.156	64.220	34.550	0.000
2225450.000	0.500	0.380	0.156	64.220	34.550	0.000
2225450.000	0.500	0.380	0.156	64.220	34.550	0.000
2225480.000	0.500	0.380	0.172	64.220	34.550	0.000
2225480.000	0.500	0.380	0.172	64.220	34.550	0.000
2225480.000	0.500	0.380	0.172	64.220	34.550	0.000
2225510.000	0.500	0.380	0.187	64.220	34.550	0.000
2225510.000	0.500	0.380	0.187	64.220	34.550	0.000
2225510.000	0.500	0.380	0.187	64.220	34.550	0.000
2225540.000	0.500	0.380	0.187	64.220	34.550	0.000
2225540.000	0.500	0.380	0.187	64.220	34.550	0.000
2225540.000	0.500	0.380	0.187	64.220	34.550	0.000
2225570.000	0.500	0.380	0.187	64.220	34.550	0.000
2225570.000	0.500	0.380	0.187	64.220	34.550	0.000
2225570.000	0.500	0.380	0.187	64.220	34.550	0.000
2225600.000	0.500	0.380	0.187	64.220	34.550	0.000
2225600.000	0.500	0.380	0.187	64.220	34.550	0.000
2225600.000	0.500	0.380	0.187	64.220	34.550	0.000
2225630.000	0.500	0.380	0.187	64.220	34.550	0.000
2225630.000	0.500	0.380	0.187	64.220	34.550	0.000
2225630.000	0.500	0.380	0.187	64.220	34.550	0.000
2225660.000	0.500	0.380	0.172	64.220	34.550	0.000
2225660.000	0.500	0.380	0.172	64.220	34.550	0.000
2225660.000	0.500	0.380	0.172	64.220	34.550	0.000
2225690.000	0.500	0.380	0.125	64.220	34.550	0.000
2225690.000	0.500	0.380	0.125	64.220	34.550	0.000
2225690.000	0.500	0.380	0.125	64.220	34.550	0.000
2225720.000	0.500	0.380	0.141	64.220	34.550	0.000
2225720.000	0.500	0.380	0.141	64.220	34.550	0.000
2225720.000	0.500	0.380	0.141	64.220	34.550	0.000
2225750.000	0.500	0.380	0.156	64.220	34.550	0.000
2225750.000	0.500	0.380	0.156	64.220	34.550	0.000
2225750.000	0.500	0.380	0.156	64.220	34.550	0.000
2225780.000	0.500	0.380	0.187	64.220	34.550	0.000
2225780.000	0.500	0.380	0.187	64.220	34.550	0.000
2225780.000	0.500	0.380	0.187	64.220	34.550	0.000
2225810.000	0.500	0.380	0.203	64.220	34.550	0.000
2225810.000	0.500	0.380	0.203	64.220	34.550	0.000
2225810.000	0.500	0.380	0.203	64.220	34.550	0.000
2225840.000	0.500	0.380	0.187	64.220	34.550	0.000
2225840.000	0.500	0.380	0.187	64.220	34.550	0.000
2225840.000	0.500	0.380	0.187	64.220	34.550	0.000
2225870.000	0.500	0.380	0.125	64.220	34.550	0.000
2225870.000	0.500	0.380	0.125	64.220	34.550	0.000
2225870.000	0.500	0.380	0.125	64.220	34.550	0.000
2225900.000	0.500	0.380	0.141	64.220	34.550	0.000
2225900.000	0.500	0.380	0.141	64.220	34.550	0.000
2225900.000	0.500	0.380	0.141	64.220	34.550	0.000
2225930.000	0.500	0.380	0.141	64.220	34.550	0.000
2225930.000	0.500	0.380	0.141	64.220	34.550	0.000
2225930.000	0.500	0.380	0.141	64.220	34.550	0.000
2225960.000	0.500	0.380	0.156	64.220	34.550	0.000
2225960.000	0.500	0.380	0.156	64.220	34.550	0.000
2225960.000	0.500	0.380	0.156	64.220	34.550	0.000
2225990.000	0.500	0.380	0.172	64.220	34.550	0.000
2225990.000	0.500	0.380	0.172	64.220	34.550	0.000
2225990.000	0.500	0.380	0.172	64.220	34.550	0.000
2226020.000	0.500	0.380	0.156	64.220	34.550	0.000
2226020.000	0.500	0.380	0.156	64.220	34.550	0.000
2226020.000	0.500	0.380	0.156	64.220	34.550	0.000
2226050.000	0.500	0.380	0.156	64.220	34.550	0.000
2226050.000	0.500	0.380	0.156	64.220	34.550	0.000
2226050.000	0.500	0.380	0.156	64.220	34.550	0.000
2226080.000	0.500	0.380	0.156	64.220	34.550	0.000
2226080.000	0.500	0.380	0.156	64.220	34.550	0.000
2226080.000	0.500	0.380	0.156	64.220	34.550	0.000
2226110.000	0.500	0.380	0.172	64.220	34.550	0.000
2226110.000	0.500	0.380	0.172	64.220	34.550	0.000
2226110.000	0.500	0.380	0.172	64.220	34.550	0.000
2226140.000	0.500	0.380	0.172	64.220	34.550	0.000
2226140.000	0.500	0.380	0.172	64.220	34.550	0.000
2226140.000	0.500	0.380	0.172	64.220	34.550	0.000
2226170.000	0.500	0.380	0.187	64.220	34.550	0.000
2226170.000	0.500	0.380	0.187	64.220	34.550	0.000
2226170.000	0.500	0.380	0.187	64.220	34.550	0.000
2226200.000	0.500	0.380	0.172	64.220	34.550	0.000
2226200.000	0.500	0.380	0.172	64.220	34.550	0.000
2226200.000	0.500	0.380	0.172	64.220	34.550	0.000
2226230.000	0.500	0.380	0.156	64.220	34.550	0.000
2226230.000	0.500	0.380	0.156	64.220	34.550	0.000
2226230.000	0.500	0.380	0.156	64.220	34.550	0.000
2226260.000	0.500	0.380	0.187	64.220	34.550	0.000
2226260.000	0.500	0.380	0.187	64.220	34.550	0.000
2226260.000	0.500	0.380	0.187	64.220	34.550	0.000
2226290.000	0.500	0.380	0.203	64.220	34.550	0.000
2226290.000	0.500	0.380	0.203	64.220	34.550	0.000
2226290.000	0.500	0.380	0.203	64.220	34.550	0.000
2226320.000	0.500	0.380	0.203	64.220	34.550	0.000
2226320.000	0.500	0.380	0.203	64.220	34.550	0.000
2226320.000	0.500	0.380	0.203	64.220	34.550	0.000
2226350.000	0.500	0.380	0.187	64.220	34.550	0.000
2226350.000	0.500	0.380	0.187	64.220	34.550	0.000
2226350.000	0.500	0.380	0.187	64.220	34.550	0.000
2226380.000	0.500	0.380	0.187	64.220	34.550	0.000
2226380.000	0.500	0.380	0.187	64.220	34.550	0.000
2226380.000	0.500	0.380	0.187	64.220	34.550	0.000
2226410.000	0.500	0.380	0.187	64.220	34.550	0.000
2226410.000	0.500	0.380	0.187	64.220	34.550	0.000
2226410.000	0.500	0.380	0.187	64.220	34.550	0.000
2226440.000	0.500	0.380	0.187	64.220	34.550	0.000
2226440.000	0.500	0.380	0.187	64.220	34.550	0.000
2226440.000	0.500	0.380	0.187	64.220	34.550	0.000
2226470.000	0.500	0.380	0.172	64.220	34.550	0.000
2226470.000	0.500	0.380	0.172	64.220	34.550	0.000
2226470.000	0.500	0.380	0.172	64.220	34.550	0.000
2226500.000	0.500	0.380	0.156	64.220	34.550	0.000
2226500.000	0.500	0.380	0.156	64.220	34.550	0.000
2226500.000	0.500	0.380	0.156	64.220	34.550	0.000
2226530.000	0.500	0.380	0.156	64.220	34.550	0.000
2226530.000	0.500	0.380	0.156	64.220	34.550	0.000
2226530.000	0.500	0.380	0.156	64.220	34.550	0.000
2226560.000	0.500	0.380	0.156	64.220	34.550	0.000
2226560.000	0.500	0.380	0.156	64.220	34.550	0.000
2226560.000	0.500	0.380	0.156	64.220	34.550	0.000
2226590.000	0.500	0.380	0.156	64.220	34.550	0.000
2226590.000	0.500	0.380	0.156	64.220	34.550	0.000
2226590.000	0.500	0.380	0.156	64.220	34.550	0.000
2226620.000	0.500	0.380	0.172	64.220	34.550	0.000
2226620.000	0.500	0.380	0.172	64.220	34.550	0.000
2226620.000	0.500	0.380	0.172	64.220	34.550	0.000
2226650.000	0.500	0.380	0.187	64.220	34.550	0.000
2226650.000	0.500	0.380	0.187	64.220	34.550	0.000
2226650.000	0.500	0.380	0.187	64.220	34.550	0.000
2226680.000	0.500	0.380	0.187	64.220	34.550	0.000
2226680.000	0.500	0.380	0.187	64.220	34.550	0.000
2226680.000	0.500	0.380	0.187	64.220	34.550	0.000
2226710.000	0.500	0.380	0.172	64.220	34.550	0.000
2226710.000	0.500	0.380	0.172	64.220	34.550	0.000
2226710.000	0.500	0.380	0.172	64.220	34.550	0.000
2226740.000	0.500	0.380	0.156	64.220	34.550	0.000
2226740.000	0.500	0.380	0.156	64.220	34.550	0.000
2226740.000	0.500	0.380	0.156	64.220	34.550	0.000
2226770.000	0.500	0.380	0.172	64.220	34.550	0.000
2226770.000	0.500	0.380	0.172	64.220	34.550	0.000
2226770.000	0.500	0.380	0.172	64.220	34.550	0.000
2226800.000	0.500	0.380	0.156	64.220	34.550	0.000
2226800.000	0.500	0.380	0.156	64.220	34.550	0.000
2226800.000	0.500	0.380	0.156	64.220	34.550	0.000
2226830.000	0.500	0.380	0.172	64.220	34.550	0.000
2226830.000	0.500	0.380	0.172	64.220	34.550	0.000
2226830.000	0.500	0.380	0.172	64.220	34.550	0.000
2226860.000	0.500	0.380	0.172	64.220	34.550	0.000
2226860.000	0.500	0.380	0.172	64.220	34.550	0.000
2226860.000	0.500	0.380	0.172	64.220	34.550	0.000
2226890.000	0.500	0.380	0.187	64.220	34.550	0.000
2226890.000	0.500	0.380	0.187	64.220	34.550	0.000
2226890.000	0.500	0.380	0.187	64.220	34.550	0.000
2226920.000	0.500	0.380	0.172	64.220	34.550	0.000
2226920.000	0.500	0.380	0.172	64.220	34.550	0.000
2226920.000	0.500	0.380	0.172	64.220	34.550	0.000
2226950.000	0.500	0.380	0.172	64.220	34.550	0.000
2226950.000	0.500	0.380	0.172	64.220	34.550	0.000
2226950.000	0.500	0.380	0.172	64.220	34.550	0.000
2226980.000	0.500	0.380	0.156	64.220	34.550	0.000
2226980.000	0.500	0.380	0.156	64.220	34.550	0.000
2226980.000	0.500	0.380	0.156	64.220	34.550	0.000
2227010.000	0.500	0.380	0.172	64.220	34.550	0.000
2227010.000	0.500	0.380	0.172	64.220	34.550	0.000
2227010.000	0.500	0.380	0.172	64.220	34.550	0.000
2227040.000	0.500	0.380	0.187	64.220	34.550	0.000
2227040.000	0.500	0.380	0.187	64.220	34.550	0.000
2227040.000	0.500	0.380	0.187	64.220	34.550	0.000
2227070.000	0.500	0.380	0.187	64.220	34.550	0.000
2227070.000	0.500	0.380	0.187	64.220	34.550	0.000
2227070.000	0.500	0.380	0.187	64.220	34.550	0.000
2227100.000	0.500	0.380	0.172	64.220	34.550	0.000
2227100.000	0.500	0.380	0.172	64.220	34.550	0.000
2227100.000	0.500	0.380	0.172	64.220	34.550	0.000
2227130.000	0.500	0.380	0.156	64.220	34.550	0.000
2227130.000	0.500	0.380	0.156	64.220	34.550	0.000
2227130.000	0.500	0.380	0.156	64.220	34.550	0.000
2227160.000	0.500	0.380	0.141	64.220	34.550	0.000
2227160.000	0.500	0.380	0.141	64.220	34.550	0.000
2227160.000	0.500	0.380	0.141	64.220	34.550	0.000
2227190.000	0.500	0.380	0.172	64.220	34.550	0.000
2227190.000	0.500	0.380	0.172	64.220	34.550	0.000
2227190.000	0.500	0.380	0.172	64.220	34.550	0.000
2227220.000	0.500	0.380	0.187	64.220	34.550	0.000
2227220.000	0.500	0.380	0.187	64.220	34.550	0.000
2227220.000	0.500	0.380	0.187	64.220	34.550	0.000
2227250.000	0.500	0.380	0.172	64.220	34.550	0.000
2227250.000	0.500	0.380	0.172	64.220	34.550	0.000
2227250.000	0.500	0.380	0.172	64.220	34.550	0.000
2227280.000	0.500	0.380	0.156	64.220	34.550	0.000
2227280.000	0.500	0.380	0.156	64.220	34.550	0.000
2227280.000	0.500	0.380	0.156	64.220	34.550	0.000
2227310.000	0.500	0.380	0.156	64.220	34.550	0.000
2227310.000	0.500	0.380	0.156	64.220	34.550	0.000
2227310.000	0.500	0.380	0.156	64.220	34.550	0.000
2227340.000	0.500	0.380	0.172	64.220	34.550	0.000
2227340.000	0.500	0.380	0.172	64.220	34.550	0.000
2227340.000	0.500	0.380	0.172	64.220	34.550	0.000
2227370.000	0.500	0.380	0.187	64.220	34.550	0.000
2227370.000	0.500	0.380	0.187	64.220	34.550	0.000
2227370.000	0.500	0.380	0.187	64.220	34.550	0.000
2227400.000	0.500	0.380	0.156	64.220	34.550	0.000
2227400.000	0.500	0.380	0.156	64.220	34.550	0.000
2227400.000	0.500	0.380	0.156	64.220	34.550	0.000
2227430.000	0.500	0.380	0.156	64.220	34.550	0.000
2227430.000	0.500	0.380	0.156	64.220	34.550	0.000
2227430.000	0.500	0.380	0.156	64.220	34.550	0.000
2227460.000	0.500	0.380	0.187	64.220	34.550	0.000
2227460.000	0.500	0.380	0.187	64.220	34.550	0.000
2227460.000	0.500	0.380	0.187	64.220	34.550	0.000
2227490.000	0.500	0.380	0.187	64.220	34.550	0.000
2227490.000	0.500	0.380	0.187	64.220	34.550	0.000
2227490.000	0.500	0.380	0.187	64.220	34.550	0.000
2227520.000	0.500	0.380	0.172	64.220	34.550	0.000
2227520.000	0.500	0.380	0.172	64.220	34.550	0.000
2227520.000	0.500	0.380	0.172	64.220	34.550	0.000
2227550.000	0.500	0.380	0.156	64.220	34.550	0.000
2227550.000	0.500	0.380	0.156	64.220	34.550	0.000
2227550.000	0.500	0.380	0.156	64.220	34.550	0.000
2227580.000	0.500	0.380	0.187	64.220	34.550	0.000
2227580.000	0.500	0.380	0.187	64.220	34.550	0.000
2227580.000	0.500	0.380	0.187	64.220	34.550	0.000
2227610.000	0.500	0.380	0.187	64.220	34.550	0.000
2227610.000	0.500	0.380	0.187	64.220	34.550	0.000
2227610.000	0.500	0.380	0.187	64.220	34.550	0.000
2227640.000	0.500	0.380	0.156	64.220	34.550	0.000
2227640.000	0.500	0.380	0.156	64.220	34.550	0.000
2227640.000	0.500	0.380	0.156	64.220	34.550	0.000
2227670.000	0.500	0.380	0.156	64.220	34.550	0.000
2227670.000	0.500	0.380	0.156	64.220	34.550	0.000
2227670.000	0.500	0.380	0.156	64.220	34.550	0.000
2227700.000	0.500	0.380	0.172	64.220	34.550	0.000
2227700.000	0.500	0.380	0.172	64.220	34.550	0.000
2227700.000	0.500	0.380	0.172	64.220	34.550	0.000
2227730.000	0.500	0.380	0.187	64.220	34.550	0.000
2227730.000	0.500	0.380	0.187	64.220	34.550	0.000
2227730.000	0.500	0.380	0.187	64.220	34.550	0.000
2227760.000	0.500	0.380	0.156	64.220	34.550	0.000
2227760.000	0.500	0.380	0.156	64.220	34.550	0.000
2227760.000	0.500	0.380	0.156	64.220	34.550	0.000
2227790.000	0.500	0.380	0.187	64.220	34.550	0.000
2227790.000	0.500	0.380	0.187	64.220	34.550	0.000
2227790.000	0.500	0.380	0.187	64.220	34.550	0.000
2227820.000	0.500	0.380	0.187	64.220	34.550	0.000
2227820.000	0.500	0.380	0.187	64.220	34.550	0.000
2227820.000	0.500	0.380	0.187	64.220	34.550	0.000
2227850.000	0.500	0.380	0.172	64.220	34.550	0.000
2227850.000	0.500	0.380	0.172	64.220	34.550	0.000
2227850.000	0.500	0.380	0.172	64.220	34.550	0.000
2227880.000	0.500	0.380	0.156	64.220	34.550	0.000
2227880.000	0.500	0.380	0.156	64.220	34.550	0.000
2227880.000	0.500	0.380	0.156	64.220	34.550	0.000
2227910.000	0.500	0.380	0.187	64.220	34.550	0.000
2227910.000	0.500	0.380	0.187	64.220	34.550	0.000
2227910.000	0.500	0.380	0.187	64.220	34.550	0.000
2227940.000	0.500	0.380	0.172	64.220	34.550	0.000
2227940.000	0.500	0.380	0.172	64.220	34.550	0.000
2227940.000	0.500	0.380	0.172	64.220	34.550	0.000
2227970.000	0.500	0.380	0.156	64.220	34.550	0.000
2227970.000	0.500	0.380	0.156	64.220	34.550	0.000
2227970.000	0.500	0.380	0.156	64.220	34.550	0.000
2228000.000	0.500	0.380	0.203	64.220	34.550	0.000
2228000.000	0.500	0.380	0.203	64.220	34.550	0.000
2228000.000	0.500	0.380	0.203	64.220	34.550	0.000
2228030.000	0.500	0.380	0.187	64.220	34.550	0.000
2228030.000	0.500	0.380	0.187	64.220	34.550	0.000
2228030.000	0.500	0.380	0.187	64.220	34.550	0.000
2228060.000	0.500	0.380	0.156	64.220	34.550	0.000
2228060.000	0.500	0.380	0.156	64.220	34.550	0.000
2228060.000	0.500	0.380	0.156	64.220	34.550	0.000
2228090.000	0.500	0.380	0.187	64.220	34.550	0.000
2228090.000	0.500	0.380	0.187	64.220	34.550	0.000
2228090.000	0.500	0.380	0.187	64.220	34.550	0.000
2228120.000	0.500	0.380	0.172	64.220	34.550	0.000
2228120.000	0.500	0.380	0.172	64.220	34.550	0.000
2228120.000	0.500	0.380	0.172	64.220	34.550	0.000
2228150.000	0.500	0.380	0.156	64.220	34.550	0.000
2228150.000	0.500	0.380	0.156	64.220	34.550	0.000
2228150.000	0.500	0.380	0.156	64.220	34.550	0.000
2228180.000	0.500	0.380	0.203	64.220	34.550	0.000
2228180.000	0.500	0.380	0.203	64.220	34.550	0.000
2228180.000	0.500	0.380	0.203	64.220	34.550	0.000
2228210.000	0.500	0.380	0.187	64.220	34.550	0.000
2228210.000	0.500	0.380	0.187	64.220	34.550	0.000
2228210.000	0.500	0.380	0.187	64.220	34.550	0.000
2228240.000	0.500	0.380	0.156	64.220	34.550	0.000
2228240.000	0.500	0.380	0.156	64.220	34.550	0.000
2228240.000	0.500	0.380	0.156	64.220	34.550	0.000
2228270.000	0.500	0.380	0.203	64.220	34.550	0.000
2228270.000	0.500	0.380	0.203	64.220	34.550	0.000
2228270.000	0.500	0.380	0.203	64.220	34.550	0.000
2228300.000	0.500	0.380	0.172	64.220	34.550	0.000
2228300.000	0.500	0.380	0.172	64.220	34.550	0.000
2228300.000	0.500	0.380	0.172	64.220	34.550	0.000
2228330.000	0.500	0.380	0.172	64.220	34.550	0.000
2228330.000	0.500	0.380	0.172	64.220	34.550	0.000
2228330.000	0.500	0.380	0.172	64.220	34.550	0.000
2228360.000	0.500	0.380	0.187	64.220	34.550	0.000
2228360.000	0.500	0.380	0.187	64.220	34.550	0.000
2228360.000	0.500	0.380	0.187	64.220	34.550	0.000
2228390.000	0.500	0.380	0.156	64.220	34.550	0.000
2228390.000	0.500	0.380	0.156	64.220	34.550	0.000
2228390.000	0.500	0.380	0.156	64.220	34.550	0.000
2228420.000	0.500	0.380	0.172	64.220	34.550	0.000
2228420.000	0.500	0.380	0.172	64.220	34.550	0.000
2228420.000	0.500	0.380	0.172	64.220	34.550	0.000
2228450.000	0.500	0.380	0.172	64.220	34.550	0.000
2228450.000	0.500	0.380	0.172	64.220	34.550	0.000
2228450.000	0.500	0.380	0.172	64.220	34.550	0.000
2228480.000	0.500	0.380	0.156	64.220	34.550	0.000
2228480.000	0.500	0.380	0.156	64.220	34.550	0.000
2228480.000	0.500	0.380	0.156	64.220	34.550	0.000
2228510.000	0.500	0.380	0.203	64.220	34.550	0.000
2228510.000	0.500	0.380	0.203	64.220	34.550	0.000
2228510.000	0.500	0.380	0.203	64.220	34.550	0.000
2228540.000	0.500	0.380	0.156	64.220	34.550	0.000
2228540.000	0.500	0.380	0.156	64.220	34.550	0.000
2228540.000	0.500	0.380	0.156	64.220	34.550	0.000
2228570.000	0.500	0.380	0.172	64.220	34.550	0.000
2228570.000	0.500	0.380	0.172	64.220	34.550	0.000
2228570.000	0.500	0.380	0.172	64.220	34.550	0.000
2228600.000	0.500	0.380	0.187	64.220	34.550	0.000
2228600.000	0.500	0.380	0.187	64.220	34.550	0.000
2228600.000	0.500	0.380	0.187	64.220	34.550	0.000
2228630.000	0.500	0.380	0.141	64.220	34.550	0.000
2228630.000	0.500	0.380	0.141	64.220	34.550	0.000
2228630.000	0.500	0.380	0.141	64.220	34.550	0.000
2228660.000	0.500	0.380	0.187	64.220	34.550	0.000
2228660.000	0.500	0.380	0.187	64.220	34.550	0.000
2228660.000	0.500	0.380	0.187	64.220	34.550	0.000
2228690.000	0.500	0.380	0.156	64.220	34.550	0.000
2228690.000	0.500	0.380	0.156	64.220	34.550	0.000
2228690.000	0.500	0.380	0.156	64.220	34.550	0.000
2228720.000	0.500	0.380	0.203	64.220	34.550	0.000
2228720.000	0.500	0.380	0.203	64.220	34.550	0.000
2228720.000	0.500	0.380	0.203	64.220	34.550	0.000
2228750.000	0.500	0.380	0.172	64.220	34.550	0.000
2228750.000	0.500	0.380	0.172	64.220	34.550	0.000
2228750.000	0.500	0.380	0.172	64.220	34.550	0.000
2228780.000	0.500	0.380	0.156	64.220	34.550	0.000
2228780.000	0.500	0.380	0.156	64.220	34.550	0.000
2228780.000	0.500	0.380	0.156	64.220	34.550	0.000
2228810.000	0.500	0.380	0.187	64.220	34.550	0.000
2228810.000	0.500	0.380	0.187	64.220	34.550	0.000
2228810.000	0.500	0.380	0.187	64.220	34.550	0.000
2228840.000	0.500	0.380	0.172	64.220	34.550	0.000
2228840.000	0.500	0.380	0.172	64.220	34.550	0.000
2228840.000	0.500	0.380	0.172	64.220	34.550	0.000
2228870.000	0.500	0.380	0.203	64.220	34.550	0.000
2228870.000	0.500	0.380	0.203	64.220	34.550	0.000
2228870.000	0.500	0.380	0.203	64.220	34.550	0.000
2228900.000	0.500	0.380	0.156	64.220	34.550	0.000
2228900.000	0.500	0.380	0.156	64.220	34.550	0.000
2228900.000	0.500	0.380	0.156	64.220	34.550	0.000
2228930.000	0.500	0.380	0.203	64.220	34.550	0.000
2228930.000	0.500	0.380	0.203	64.220	34.550	0.000
2228930.000	0.500	0.380	0.203	64.220	34.550	0.000
2228960.000	0.500	0.380	0.156	64.220	34.550	0.000
2228960.000	0.500	0.380	0.156	64.220	34.550	0.000
2228960.000	0.500	0.380	0.156	64.220	34.550	0.000
2228990.000	0.500	0.380	0.187	64.220	34.550	0.000
2228990.000	0.500	0.380	0.187	64.220	34.550	0.000
2228990.000	0.500	0.380	0.187	64.220	34.550	0.000
2229020.000	0.500	0.380	0.156	64.220	34.550	0.000
2229020.000	0.500	0.380	0.156	64.220	34.550	0.000
2229020.000	0.500	0.380	0.156	64.220	34.550	0.000
2229050.000	0.500	0.380	0.203	64.220	34.550	0.000
2229050.000	0.500	0.380	0.203	64.220	34.550	0.000
2229050.000	0.500	0.380	0.203	64.220	34.550	0.000
2229080.000	0.500	0.380	0.156	64.220	34.550	0.000
2229080.000	0.500	0.380	0.156	64.220	34.550	0.000
2229080.000	0.500	0.380	0.156	64.220	34.550	0.000
2229110.000	0.500	0.380	0.156	64.220	34.550	0.000
2229110.000	0.500	0.380	0.156	64.220	34.550	0.000
2229110.000	0.500	0.380	0.156	64.220	34.550	0.000
2229140.000	0.500	0.380	0.187	64.220	34.550	0.000
2229140.000	0.500	0.380	0.187	64.220	34.550	0.000
2229140.000	0.500	0.380	0.187	64.220	34.550	0.000
2229170.000	0.500	0.380	0.172	64.220	34.550	0.000
2229170.000	0.500	0.380	0.172	64.220	34.550	0.000
2229170.000	0.500	0.380	0.172	64.220	34.550	0.000
2229200.000	0.500	0.380	0.172	64.220	34.550	0.000
2229200.000	0.500	0.380	0.172	64.220	34.550	0.000
2229200.000	0.500	0.380	0.172	64.220	34.550	0.000
2229230.000	0.500	0.380	0.187	64.220	34.550	0.000
2229230.000	0.500	0.380	0.187	64.220	34.550	0.000
2229230.000	0.500	0.380	0.187	64.220	34.550	0.000
2229260.000	0.500	0.380	0.172	64.220	34.550	0.000
2229260.000	0.500	0.380	0.172	64.220	34.550	0.000
2229260.000	0.500	0.380	0.172	64.220	34.550	0.000
2229290.000	0.500	0.380	0.156	64.220	34.550	0.000
2229290.000	0.500	0.380	0.156	64.220	34.550	0.000
2229290.000	0.500	0.380	0.156	64.220	34.550	0.000
2229320.000	0.500	0.380	0.172	64.220	34.550	0.000
2229320.000	0.500	0.380	0.172	64.220	34.550	0.000
2229320.000	0.500	0.380	0.172	64.220	34.550	0.000
2229350.000	0.500	0.380	0.172	64.220	34.550	0.000
2229350.000	0.500	0.380	0.172	64.220	34.550	0.000
2229350.000	0.500	0.380	0.172	64.220	34.550	0.000
2229380.000	0.500	0.380	0.172	64.220	34.550	0.000
2229380.000	0.500	0.380	0.172	64.220	34.550	0.000
2229380.000	0.500	0.380	0.172	64.220	34.550	0.000
2229410.000	0.500	0.380	0.203	64.220	34.550	0.000
2229410.000	0.500	0.380	0.203	64.220	34.550	0.000
2229410.000	0.500	0.380	0.203	64.220	34.550	0.000
2229440.000	0.500	0.380	0.156	64.220	34.550	0.000
2229440.000	0.500	0.380	0.156	64.220	34.550	0.000
2229440.000	0.500	0.380	0.156	64.220	34.550	0.000
2229470.000	0.500	0.380	0.172	64.220	34.550	0.000
2229470.000	0.500	0.380	0.172	64.220	34.550	0.000
2229470.000	0.500	0.380	0.172	64.220	34.550	0.000
2229500.000	0.500	0.380	0.172	64.220	34.550	0.000
2229500.000	0.500	0.380	0.172	64.220	34.550	0.000
2229500.000	0.500	0.380	0.172	64.220	34.550	0.000
2229530.000	0.500	0.380	0.203	64.220	34.550	0.000
2229530.000	0.500	0.380	0.203	64.220	34.550	0.000
2229530.000	0.500	0.380	0.203	64.220	34.550	0.000
2229560.000	0.500	0.380	0.156	64.220	34.550	0.000
2229560.000	0.500	0.380	0.156	64.220	34.550	0.000
2229560.000	0.500	0.380	0.156	64.220	34.550	0.000
2229590.000	0.500	0.380	0.203	64.220	34.550	0.000
2229590.000	0.500	0.380	0.203	64.220	34.550	0.000
2229590.000	0.500	0.380	0.203	64.220	34.550	0.000
2229620.000	0.500	0.380	0.172	64.220	34.550	0.000
2229620.000	0.500	0.380	0.172	64.220	34.550	0.000
2229620.000	0.500	0.380	0.172	64.220	34.550	0.000
2229650.000	0.500	0.380	0.203	64.220	34.550	0.000
2229650.000	0.500	0.380	0.203	64.220	34.550	0.000
2229650.000	0.500	0.380	0.203	64.220	34.550	0.000
2229680.000	0.500	0.380	0.156	64.220	34.550	0.000
2229680.000	0.500	0.380	0.156	64.220	34.550	0.000
2229680.000	0.500	0.380	0.156	64.220	34.550	0.000
2229710.000	0.500	0.380	0.187	64.220	34.550	0.000
2229710.000	0.500	0.380	0.187	64.220	34.550	0.000
2229710.000	0.500	0.380	0.187	64.220	34.550	0.000
2229740.000	0.500	0.380	0.187	64.220	34.550	0.000
2229740.000	0.500	0.380	0.187	64.220	34.550	0.000
2229740.000	0.500	0.380	0.187	64.220	34.550	0.000
2229770.000	0.500	0.380	0.156	64.220	34.550	0.000
2229770.000	0.500	0.380	0.156	64.220	34.550	0.000
2229770.000	0.500	0.380	0.156	64.220	34.550	0.000
2229800.000	0.500	0.380	0.203	64.220	34.550	0.000
2229800.000	0.500	0.380	0.203	64.220	34.550	0.000
2229800.000	0.500	0.380	0.203	64.220	34.550	0.000
2229830.000	0.500	0.380	0.141	64.220	34.550	0.000
2229830.000	0.500	0.380	0.141	64.220	34.550	0.000
2229830.000	0.500	0.380	0.141	64.220	34.550	0.000
2229860.000	0.500	0.380	0.203	64.220	34.550	0.000
2229860.000	0.500	0.380	0.203	64.220	34.550	0.000
2229860.000	0.500	0.380	0.203	64.220	34.550	0.000
2229890.000	0.500	0.380	0.172	64.220	34.550	0.000
2229890.000	0.500	0.380	0.172	64.220	34.550	0.000
2229890.000	0.500	0.380	0.172	64.220	34.550	0.000
2229920.000	0.500	0.370	0.187	64.220	34.550	0.000
2229920.000	0.500	0.370	0.187	64.220	34.550	0.000
2229920.000	0.500	0.370	0.187	64.220	34.550	0.000
2229950.000	0.500	0.370	0.219	64.220	34.550	0.000
2229950.000	0.500	0.370	0.219	64.220	34.550	0.000
2229950.000	0.500	0.370	0.219	64.220	34.550	0.000
2229980.000	0.500	0.370	0.141	64.220	34.550	0.000
2229980.000	0.500	0.370	0.141	64.220	34.550	0.000
2229980.000	0.500	0.370	0.141	64.220	34.550	0.000
2230010.000	0.500	0.370	0.187	64.220	34.550	0.000
2230010.000	0.500	0.370	0.187	64.220	34.550	0.000
2230010.000	0.500	0.370	0.187	64.220	34.550	0.000
2230040.000	0.500	0.370	0.156	64.220	34.550	0.000
2230040.000	0.500	0.370	0.156	64.220	34.550	0.000
2230040.000	0.500	0.370	0.156	64.220	34.550	0.000
2230070.000	0.500	0.370	0.187	64.220	34.550	0.000
2230070.000	0.500	0.370	0.187	64.220	34.550	0.000
2230070.000	0.500	0.370	0.187	64.220	34.550	0.000
2230100.000	0.500	0.370	0.219	64.220	34.550	0.000
2230100.000	0.500	0.370	0.219	64.220	34.550	0.000
2230100.000	0.500	0.370	0.219	64.220	34.550	0.000
2230130.000	0.500	0.370	0.156	64.220	34.550	0.000
2230130.000	0.500	0.370	0.156	64.220	34.550	0.000
2230130.000	0.500	0.370	0.156	64.220	34.550	0.000
2230160.000	0.500	0.370	0.172	64.220	34.550	0.000
2230160.000	0.500	0.370	0.172	64.220	34.550	0.000
2230160.000	0.500	0.370	0.172	64.220	34.550	0.000
2230190.000	0.500	0.370	0.156	64.220	34.550	0.000
2230190.000	0.500	0.370	0.156	64.220	34.550	0.000
2230190.000	0.500	0.370	0.156	64.220	34.550	0.000
2230220.000	0.500	0.370	0.156	64.220	34.550	0.000
2230220.000	0.500	0.370	0.156	64.220	34.550	0.000
2230220.000	0.500	0.370	0.156	64.220	34.550	0.000
2230250.000	0.500	0.370	0.203	64.220	34.550	0.000
2230250.000	0.500	0.370	0.203	64.220	34.550	0.000
2230250.000	0.500	0.370	0.203	64.220	34.550	0.000
2230280.000	0.500	0.370	0.156	64.220	34.550	0.000
2230280.000	0.500	0.370	0.156	64.220	34.550	0.000
2230280.000	0.500	0.370	0.156	64.220	34.550	0.000
2230310.000	0.500	0.370	0.156	64.220	34.550	0.000
2230310.000	0.500	0.370	0.156	64.220	34.550	0.000
2230310.000	0.500	0.370	0.156	64.220	34.550	0.000
2230340.000	0.500	0.370	0.203	64.220	34.550	0.000
2230340.000	0.500	0.370	0.203	64.220	34.550	0.000
2230340.000	0.500	0.370	0.203	64.220	34.550	0.000
2230370.000	0.500	0.370	0.156	64.220	34.550	0.000
2230370.000	0.500	0.370	0.156	64.220	34.550	0.000
2230370.000	0.500	0.370	0.156	64.220	34.550	0.000
2230400.000	0.500	0.370	0.187	64.220	34.550	0.000
2230400.000	0.500	0.370	0.187	64.220	34.550	0.000
2230400.000	0.500	0.370	0.187	64.220	34.550	0.000
2230430.000	0.500	0.370	0.203	64.220	34.550	0.000
2230430.000	0.500	0.370	0.203	64.220	34.550	0.000
2230430.000	0.500	0.370	0.203	64.220	34.550	0.000
2230460.000	0.500	0.370	0.156	64.220	34.550	0.000
2230460.000	0.500	0.370	0.156	64.220	34.550	0.000
2230460.000	0.500	0.370	0.156	64.220	34.550	0.000
2230490.000	0.500	0.370	0.172	64.220	34.550	0.000
2230490.000	0.500	0.370	0.172	64.220	34.550	0.000
2230490.000	0.500	0.370	0.172	64.220	34.550	0.000
2230520.000	0.500	0.370	0.203	64.220	34.550	0.000
2230520.000	0.500	0.370	0.203	64.220	34.550	0.000
2230520.000	0.500	0.370	0.203	64.220	34.550	0.000
2230550.000	0.500	0.370	0.156	64.220	34.550	0.000
2230550.000	0.500	0.370	0.156	64.220	34.550	0.000
2230550.000	0.500	0.370	0.156	64.220	34.550	0.000
2230580.000	0.500	0.370	0.187	64.220	34.550	0.000
2230580.000	0.500	0.370	0.187	64.220	34.550	0.000
2230580.000	0.500	0.370	0.187	64.220	34.550	0.000
2230610.000	0.500	0.370	0.203	64.220	34.550	0.000
2230610.000	0.500	0.370	0.203	64.220	34.550	0.000
2230610.000	0.500	0.370	0.203	64.220	34.550	0.000
2230640.000	0.500	0.370	0.141	64.220	34.550	0.000
2230640.000	0.500	0.370	0.141	64.220	34.550	0.000
2230640.000	0.500	0.370	0.141	64.220	34.550	0.000
2230670.000	0.000	0.370	-0.609	64.220	34.550	0.000
2230670.000	0.000	0.370	-0.609	64.220	34.550	0.000
2230670.000	0.000	0.370	-0.609	64.220	34.550	0.000
2230700.000	0.000	0.370	-0.422	64.220	34.550	0.000
2230700.000	0.000	0.370	-0.422	64.220	34.550	0.000
2230700.000	0.000	0.370	-0.422	64.220	34.550	0.000
2230730.000	0.000	0.360	-0.344	64.220	34.550	0.000
2230730.000	0.000	0.360	-0.344	64.220	34.550	0.000
2230730.000	0.000	0.360	-0.344	64.220	34.550	0.000
2230760.000	0.000	0.350	-0.203	64.220	34.550	0.000
2230760.000	0.000	0.350	-0.203	64.220	34.550	0.000
2230760.000	0.000	0.350	-0.203	64.220	34.550	0.000
2230790.000	0.000	0.340	-0.156	64.220	34.550	0.000
2230790.000	0.000	0.340	-0.156	64.220	34.550	0.000
2230790.000	0.000	0.340	-0.156	64.220	34.550	0.000
2230820.000	0.000	0.320	-0.078	64.220	34.550	0.000
2230820.000	0.000	0.320	-0.078	64.220	34.550	0.000
2230820.000	0.000	0.320	-0.078	64.220	34.550	0.000
2230850.000	0.000	0.310	-0.031	64.220	34.550	0.000
2230850.000	0.000	0.310	-0.031	64.220	34.550	0.000
2230850.000	0.000	0.310	-0.031	64.220	34.550	0.000
2230880.000	0.000	0.290	0.016	64.220	34.550	0.000
2230880.000	0.000	0.290	0.016	64.220	34.550	0.000
2230880.000	0.000	0.290	0.016	64.220	34.550	0.000
2230910.000	0.000	0.270	0.062	64.220	34.550	0.000
2230910.000	0.000	0.270	0.062	64.220	34.550	0.000
2230910.000	0.000	0.270	0.062	64.220	34.550	0.000
2230940.000	0.000	0.250	0.141	64.220	34.550	0.000
2230940.000	0.000	0.250	0.141	64.220	34.550	0.000
2230940.000	0.000	0.250	0.141	64.220	34.550	0.000
2230970.000	0.000	0.230	0.125	64.220	34.550	0.000
2230970.000	0.000	0.230	0.125	64.220	34.550	0.000
2230970.000	0.000	0.230	0.125	64.220	34.550	0.000
2231000.000	0.000	0.220	0.172	64.220	34.550	0.000
2231000.000	0.000	0.220	0.172	64.220	34.550	0.000
2231000.000	0.000	0.220	0.172	64.220	34.550	0.000
2231030.000	0.000	0.200	0.172	64.220	34.550	0.000
2231030.000	0.000	0.200	0.172	64.220	34.550	0.000
2231030.000	0.000	0.200	0.172	64.220	34.550	0.000
2231060.000	0.000	0.180	0.203	64.220	34.550	0.000
2231060.000	0.000	0.180	0.203	64.220	34.550	0.000
2231060.000	0.000	0.180	0.203	64.220	34.550	0.000
2231090.000	0.000	0.160	0.203	64.220	34.550	0.000
2231090.000	0.000	0.160	0.203	64.220	34.550	0.000
2231090.000	0.000	0.160	0.203	64.220	34.550	0.000
2231120.000	0.000	0.140	0.250	64.220	34.550	0.000
2231120.000	0.000	0.140	0.250	64.220	34.550	0.000
2231120.000	0.000	0.140	0.250	64.220	34.550	0.000
2231150.000	0.000	0.130	0.219	64.220	34.550	0.000
2231150.000	0.000	0.130	0.219	64.220	34.550	0.000
2231150.000	0.000	0.130	0.219	64.220	34.550	0.000
2231180.000	0.000	0.110	0.250	64.220	34.550	0.000
2231180.000	0.000	0.110	0.250	64.220	34.550	0.000
2231180.000	0.000	0.110	0.250	64.220	34.550	0.000
2231210.000	0.000	0.090	0.250	64.220	34.550	0.000
2231210.000	0.000	0.090	0.250	64.220	34.550	0.000
2231210.000	0.000	0.090	0.250	64.220	34.550	0.000
2231240.000	0.000	0.080	0.219	64.220	34.550	0.000
2231240.000	0.000	0.080	0.219	64.220	34.550	0.000
2231240.000	0.000	0.080	0.219	64.220	34.550	0.000
2231270.000	0.000	0.070	0.234	64.220	34.550	0.000
2231270.000	0.000	0.070	0.234	64.220	34.550	0.000
2231270.000	0.000	0.070	0.234	64.220	34.550	0.000
2231300.000	0.000	0.050	0.234	64.220	34.550	0.000
2231300.000	0.000	0.050	0.234	64.220	34.550	0.000
2231300.000	0.000	0.050	0.234	64.220	34.550	0.000
2231330.000	0.000	0.040	0.266	64.220	34.550	0.000
2231330.000	0.000	0.040	0.266	64.220	34.550	0.000
2231330.000	0.000	0.040	0.266	64.220	34.550	0.000
2231360.000	0.000	0.030	0.203	64.220	34.550	0.000
2231360.000	0.000	0.030	0.203	64.220	34.550	0.000
2231360.000	0.000	0.030	0.203	64.220	34.550	0.000
2231390.000	0.000	0.020	0.234	64.220	34.550	0.000
2231390.000	0.000	0.020	0.234	64.220	34.550	0.000
2231390.000	0.000	0.020	0.234	64.220	34.550	0.000
2231420.000	0.000	0.010	0.234	64.220	34.550	0.000
2231420.000	0.000	0.010	0.234	64.220	34.550	0.000
2231420.000	0.000	0.010	0.234	64.220	34.550	0.000
2231450.000	0.000	0.000	0.219	64.220	34.550	0.000
2231450.000	0.000	0.000	0.219	64.220	34.550	0.000
2231450.000	0.000	0.000	0.219	64.220	34.550	0.000
2231480.000	0.000	0.000	0.203	64.220	34.550	0.000
2231480.000	0.000	0.000	0.203	64.220	34.550	0.000
2231480.000	0.000	0.000	0.203	64.220	34.550	0.000
2231510.000	0.000	-0.010	0.156	64.220	34.550	0.000
2231510.000	0.000	-0.010	0.156	64.220	34.550	0.000
2231510.000	0.000	-0.010	0.156	64.220	34.550	0.000
2231540.000	0.000	-0.020	0.187	64.220	34.550	0.000
2231540.000	0.000	-0.020	0.187	64.220	34.550	0.000
2231540.000	0.000	-0.020	0.187	64.220	34.550	0.000
2231570.000	0.000	-0.020	0.187	64.220	34.550	0.000
2231570.000	0.000	-0.020	0.187	64.220	34.550	0.000
2231570.000	0.000	-0.020	0.187	64.220	34.550	0.000
2231600.000	0.000	-0.030	0.141	64.220	34.550	0.000
2231600.000	0.000	-0.030	0.141	64.220	34.550	0.000
2231600.000	0.000	-0.030	0.141	64.220	34.550	0.000
2231630.000	0.000	-0.030	0.187	64.220	34.550	0.000
2231630.000	0.000	-0.030	0.187	64.220	34.550	0.000
2231630.000	0.000	-0.030	0.187	64.220	34.550	0.000
2231660.000	0.000	-0.040	0.125	64.220	34.550	0.000
2231660.000	0.000	-0.040	0.125	64.220	34.550	0.000
2231660.000	0.000	-0.040	0.125	64.220	34.550	0.000
2231690.000	0.000	-0.040	0.141	64.220	34.550	0.000
2231690.000	0.000	-0.040	0.141	64.220	34.550	0.000
2231690.000	0.000	-0.040	0.141	64.220	34.550	0.000
2231720.000	0.000	-0.050	0.187	64.220	34.550	0.000
2231720.000	0.000	-0.050	0.187	64.220	34.550	0.000
2231720.000	0.000	-0.050	0.187	64.220	34.550	0.000
2231750.000	0.000	-0.050	0.125	64.220	34.550	0.000
2231750.000	0.000	-0.050	0.125	64.220	34.550	0.000
2231750.000	0.000	-0.050	0.125	64.220	34.550	0.000
2231780.000	0.000	-0.050	0.125	64.220	34.550	0.000
2231780.000	0.000	-0.050	0.125	64.220	34.550	0.000
2231780.000	0.000	-0.050	0.125	64.220	34.550	0.000
2231810.000	0.000	-0.060	0.156	64.220	34.550	0.000
2231810.000	0.000	-0.060	0.156	64.220	34.550	0.000
2231810.000	0.000	-0.060	0.156	64.220	34.550	0.000
2231840.000	0.000	-0.060	0.125	64.220	34.550	0.000
2231840.000	0.000	-0.060	0.125	64.220	34.550	0.000
2231840.000	0.000	-0.060	0.125	64.220	34.550	0.000
2231870.000	0.000	-0.060	0.172	64.220	34.550	0.000
2231870.000	0.000	-0.060	0.172	64.220	34.550	0.000
2231870.000	0.000	-0.060	0.172	64.220	34.550	0.000
2231900.000	0.000	-0.060	0.172	64.220	34.550	0.000
2231900.000	0.000	-0.060	0.172	64.220	34.550	0.000
2231900.000	0.000	-0.060	0.172	64.220	34.550	0.000
2231930.000	0.000	-0.070	0.125	64.220	34.550	0.000
2231930.000	0.000	-0.070	0.125	64.220	34.550	0.000
2231930.000	0.000	-0.070	0.125	64.220	34.550	0.000
2231960.000	0.000	-0.070	0.156	64.220	34.550	0.000
2231960.000	0.000	-0.070	0.156	64.220	34.550	0.000
2231960.000	0.000	-0.070	0.156	64.220	34.550	0.000
2231990.000	0.000	-0.070	0.125	64.220	34.550	0.000
2231990.000	0.000	-0.070	0.125	64.220	34.550	0.000
2231990.000	0.000	-0.070	0.125	64.220	34.550	0.000
2232020.000	0.000	-0.070	0.109	64.220	34.550	0.000
2232020.000	0.000	-0.070	0.109	64.220	34.550	0.000
2232020.000	0.000	-0.070	0.109	64.220	34.550	0.000
2232050.000	0.000	-0.070	0.141	64.220	34.550	0.000
2232050.000	0.000	-0.070	0.141	64.220	34.550	0.000
2232050.000	0.000	-0.070	0.141	64.220	34.550	0.000
2232080.000	0.000	-0.070	0.125	64.220	34.550	0.000
2232080.000	0.000	-0.070	0.125	64.220	34.550	0.000
2232080.000	0.000	-0.070	0.125	64.220	34.550	0.000
2232110.000	0.000	-0.080	0.094	64.220	34.550	0.000
2232110.000	0.000	-0.080	0.094	64.220	34.550	0.000
2232110.000	0.000	-0.080	0.094	64.220	34.550	0.000
2232140.000	0.000	-0.080	0.125	64.220	34.550	0.000
2232140.000	0.000	-0.080	0.125	64.220	34.550	0.000
2232140.000	0.000	-0.080	0.125	64.220	34.550	0.000
2232170.000	0.000	-0.080	0.125	64.220	34.550	0.000
2232170.000	0.000	-0.080	0.125	64.220	34.550	0.000
2232170.000	0.000	-0.080	0.125	64.220	34.550	0.000
2232200.000	0.000	-0.080	0.094	64.220	34.550	0.000
2232200.000	0.000	-0.080	0.094	64.220	34.550	0.000
2232200.000	0.000	-0.080	0.094	64.220	34.550	0.000
2232230.000	0.000	-0.080	0.125	64.220	34.550	0.000
2232230.000	0.000	-0.080	0.125	64.220	34.550	0.000
2232230.000	0.000	-0.080	0.125	64.220	34.550	0.000
2232260.000	0.000	-0.080	0.094	64.220	34.550	0.000
2232260.000	0.000	-0.080	0.094	64.220	34.550	0.000
2232260.000	0.000	-0.080	0.094	64.220	34.550	0.000
2232290.000	0.000	-0.080	0.062	64.220	34.550	0.000
2232290.000	0.000	-0.080	0.062	64.220	34.550	0.000
2232290.000	0.000	-0.080	0.062	64.220	34.550	0.000
2232320.000	0.000	-0.080	0.109	64.220	34.550	0.000
2232320.000	0.000	-0.080	0.109	64.220	34.550	0.000
2232320.000	0.000	-0.080	0.109	64.220	34.550	0.000
2232350.000	0.000	-0.080	0.109	64.220	34.550	0.000
2232350.000	0.000	-0.080	0.109	64.220	34.550	0.000
2232350.000	0.000	-0.080	0.109	64.220	34.550	0.000
2232380.000	0.000	-0.080	0.094	64.220	34.550	0.000
2232380.000	0.000	-0.080	0.094	64.220	34.550	0.000
2232380.000	0.000	-0.080	0.094	64.220	34.550	0.000
2232410.000	0.000	-0.080	0.141	64.220	34.550	0.000
2232410.000	0.000	-0.080	0.141	64.220	34.550	0.000
2232410.000	0.000	-0.080	0.141	64.220	34.550	0.000
2232440.000	0.000	-0.080	0.109	64.220	34.550	0.000
2232440.000	0.000	-0.080	0.109	64.220	34.550	0.000
2232440.000	0.000	-0.080	0.109	64.220	34.550	0.000
2232470.000	0.000	-0.080	0.062	64.220	34.550	0.000
2232470.000	0.000	-0.080	0.062	64.220	34.550	0.000
2232470.000	0.000	-0.080	0.062	64.220	34.550	0.000
2232500.000	0.000	-0.080	0.109	64.220	34.550	0.000
2232500.000	0.000	-0.080	0.109	64.220	34.550	0.000
2232500.000	0.000	-0.080	0.109	64.220	34.550	0.000
2232530.000	0.000	-0.080	0.094	64.220	34.550	0.000
2232530.000	0.000	-0.080	0.094	64.220	34.550	0.000
2232530.000	0.000	-0.080	0.094	64.220	34.550	0.000
2232560.000	0.000	-0.080	0.094	64.220	34.550	0.000
2232560.000	0.000	-0.080	0.094	64.220	34.550	0.000
2232560.000	0.000	-0.080	0.094	64.220	34.550	0.000
2232590.000	0.000	-0.080	0.141	64.220	34.550	0.000
2232590.000	0.000	-0.080	0.141	64.220	34.550	0.000
2232590.000	0.000	-0.080	0.141	64.220	34.550	0.000
2232620.000	0.000	-0.080	0.109	64.220	34.550	0.000
2232620.000	0.000	-0.080	0.109	64.220	34.550	0.000
2232620.000	0.000	-0.080	0.109	64.220	34.550	0.000
2232650.000	0.000	-0.080	0.078	64.220	34.550	0.000
2232650.000	0.000	-0.080	0.078	64.220	34.550	0.000
2232650.000	0.000	-0.080	0.078	64.220	34.550	0.000
2232680.000	0.000	-0.080	0.109	64.220	34.550	0.000
2232680.000	0.000	-0.080	0.109	64.220	34.550	0.000
2232680.000	0.000	-0.080	0.109	64.220	34.550	0.000
2232705.000	0.000	-0.080	0.094	64.220	34.550	0.000
2232705.000	0.000	-0.080	0.094	64.220	34.550	0.000
2232705.000	0.000	-0.080	0.094	64.220	34.550	0.000
2232740.000	0.000	-0.080	0.109	64.220	34.550	0.000
2232740.000	0.000	-0.080	0.109	64.220	34.550	0.000
2232740.000	0.000	-0.080	0.109	64.220	34.550	0.000
2232770.000	0.000	-0.080	0.125	64.220	34.550	0.000
2232770.000	0.000	-0.080	0.125	64.220	34.550	0.000
2232770.000	0.000	-0.080	0.125	64.220	34.550	0.000
2232800.000	0.000	-0.080	0.078	64.220	34.550	0.000
2232800.000	0.000	-0.080	0.078	64.220	34.550	0.000
2232800.000	0.000	-0.080	0.078	64.220	34.550	0.000
2232830.000	0.000	-0.080	0.094	64.220	34.550	0.000
2232830.000	0.000	-0.080	0.094	64.220	34.550	0.000
2232830.000	0.000	-0.080	0.094	64.220	34.550	0.000
2232855.000	0.000	-0.080	0.078	64.220	34.550	0.000
2232855.000	0.000	-0.080	0.078	64.220	34.550	0.000
2232855.000	0.000	-0.080	0.078	64.220	34.550	0.000
2232890.000	0.000	-0.080	0.078	64.220	34.550	0.000
2232890.000	0.000	-0.080	0.078	64.220	34.550	0.000
2232890.000	0.000	-0.080	0.078	64.220	34.550	0.000
2232920.000	0.000	-0.080	0.125	64.220	34.550	0.000
2232920.000	0.000	-0.080	0.125	64.220	34.550	0.000
2232920.000	0.000	-0.080	0.125	64.220	34.550	0.000
2232950.000	0.000	-0.080	0.109	64.220	34.550	0.000
2232950.000	0.000	-0.080	0.109	64.220	34.550	0.000
2232950.000	0.000	-0.080	0.109	64.220	34.550	0.000
2232980.000	0.000	-0.080	0.094	64.220	34.550	0.000
2232980.000	0.000	-0.080	0.094	64.220	34.550	0.000
2232980.000	0.000	-0.080	0.094	64.220	34.550	0.000
2233005.000	0.000	-0.080	0.125	64.220	34.550	0.000
2233005.000	0.000	-0.080	0.125	64.220	34.550	0.000
2233005.000	0.000	-0.080	0.125	64.220	34.550	0.000
2233040.000	0.000	-0.080	0.125	64.220	34.550	0.000
2233040.000	0.000	-0.080	0.125	64.220	34.550	0.000
2233040.000	0.000	-0.080	0.125	64.220	34.550	0.000
2233070.000	0.000	-0.080	0.094	64.220	34.550	0.000
2233070.000	0.000	-0.080	0.094	64.220	34.550	0.000
2233070.000	0.000	-0.080	0.094	64.220	34.550	0.000
2233100.000	0.000	-0.080	0.109	64.220	34.550	0.000
2233100.000	0.000	-0.080	0.109	64.220	34.550	0.000
2233100.000	0.000	-0.080	0.109	64.220	34.550	0.000
2233130.000	0.000	-0.080	0.078	64.220	34.550	0.000
2233130.000	0.000	-0.080	0.078	64.220	34.550	0.000
2233130.000	0.000	-0.080	0.078	64.220	34.550	0.000
2233160.000	0.000	-0.080	0.094	64.220	34.550	0.000
2233160.000	0.000	-0.080	0.094	64.220	34.550	0.000
2233160.000	0.000	-0.080	0.094	64.220	34.550	0.000
2233190.000	0.000	-0.080	0.109	64.220	34.550	0.000
2233190.000	0.000	-0.080	0.109	64.220	34.550	0.000
2233190.000	0.000	-0.080	0.109	64.220	34.550	0.000
2233215.000	0.000	-0.080	0.141	64.220	34.550	0.000
2233215.000	0.000	-0.080	0.141	64.220	34.550	0.000
2233215.000	0.000	-0.080	0.141	64.220	34.550	0.000
2233245.000	0.000	-0.080	0.094	64.220	34.550	0.000
2233245.000	0.000	-0.080	0.094	64.220	34.550	0.000
2233245.000	0.000	-0.080	0.094	64.220	34.550	0.000
2233280.000	0.000	-0.080	0.078	64.220	34.550	0.000
2233280.000	0.000	-0.080	0.078	64.220	34.550	0.000
2233280.000	0.000	-0.080	0.078	64.220	34.550	0.000
2233310.000	0.000	-0.080	0.078	64.220	34.550	0.000
2233310.000	0.000	-0.080	0.078	64.220	34.550	0.000
2233310.000	0.000	-0.080	0.078	64.220	34.550	0.000
2233340.000	0.000	-0.080	0.125	64.220	34.550	0.000
2233340.000	0.000	-0.080	0.125	64.220	34.550	0.000
2233340.000	0.000	-0.080	0.125	64.220	34.550	0.000
2233370.000	0.000	-0.080	0.078	64.220	34.550	0.000
2233370.000	0.000	-0.080	0.078	64.220	34.550	0.000
2233370.000	0.000	-0.080	0.078	64.220	34.550	0.000
2233395.000	0.000	-0.080	0.125	64.220	34.550	0.000
2233395.000	0.000	-0.080	0.125	64.220	34.550	0.000
2233395.000	0.000	-0.080	0.125	64.220	34.550	0.000
2233430.000	0.000	-0.080	0.109	64.220	34.550	0.000
2233430.000	0.000	-0.080	0.109	64.220	34.550	0.000
2233430.000	0.000	-0.080	0.109	64.220	34.550	0.000
2233460.000	0.000	-0.080	0.094	64.220	34.550	0.000
2233460.000	0.000	-0.080	0.094	64.220	34.550	0.000
2233460.000	0.000	-0.080	0.094	64.220	34.550	0.000
2233485.000	0.000	-0.080	0.125	64.220	34.550	0.000
2233485.000	0.000	-0.080	0.125	64.220	34.550	0.000
2233485.000	0.000	-0.080	0.125	64.220	34.550	0.000
2233520.000	0.000	-0.080	0.094	64.220	34.550	0.000
2233520.000	0.000	-0.080	0.094	64.220	34.550	0.000
2233520.000	0.000	-0.080	0.094	64.220	34.550	0.000
2233545.000	0.000	-0.080	0.125	64.220	34.550	0.000
2233545.000	0.000	-0.080	0.125	64.220	34.550	0.000
2233545.000	0.000	-0.080	0.125	64.220	34.550	0.000
2233575.000	0.000	-0.080	0.094	64.220	34.550	0.000
2233575.000	0.000	-0.080	0.094	64.220	34.550	0.000
2233575.000	0.000	-0.080	0.094	64.220	34.550	0.000
2233610.000	0.000	-0.080	0.094	64.220	34.550	0.000
2233610.000	0.000	-0.080	0.094	64.220	34.550	0.000
2233610.000	0.000	-0.080	0.094	64.220	34.550	0.000
2233640.000	0.000	-0.080	0.141	64.220	34.550	0.000
2233640.000	0.000	-0.080	0.141	64.220	34.550	0.000
2233640.000	0.000	-0.080	0.141	64.220	34.550	0.000
2233665.000	0.000	-0.080	0.078	64.220	34.550	0.000
2233665.000	0.000	-0.080	0.078	64.220	34.550	0.000
2233665.000	0.000	-0.080	0.078	64.220	34.550	0.000
2233695.000	0.000	-0.080	0.125	64.220	34.550	0.000
2233695.000	0.000	-0.080	0.125	64.220	34.550	0.000
2233695.000	0.000	-0.080	0.125	64.220	34.550	0.000
2233730.000	0.000	-0.080	0.141	64.220	34.550	0.000
2233730.000	0.000	-0.080	0.141	64.220	34.550	0.000
2233730.000	0.000	-0.080	0.141	64.220	34.550	0.000
2233760.000	0.000	-0.080	0.078	64.220	34.550	0.000
2233760.000	0.000	-0.080	0.078	64.220	34.550	0.000
2233760.000	0.000	-0.080	0.078	64.220	34.550	0.000
2233785.000	0.000	-0.080	0.125	64.220	34.550	0.000
2233785.000	0.000	-0.080	0.125	64.220	34.550	0.000
2233785.000	0.000	-0.080	0.125	64.220	34.550	0.000
2233815.000	0.000	-0.080	0.078	64.220	34.550	0.000
2233815.000	0.000	-0.080	0.078	64.220	34.550	0.000
2233815.000	0.000	-0.080	0.078	64.220	34.550	0.000
2233850.000	0.000	-0.080	0.078	64.220	34.550	0.000
2233850.000	0.000	-0.080	0.078	64.220	34.550	0.000
2233850.000	0.000	-0.080	0.078	64.220	34.550	0.000
2233880.000	0.000	-0.080	0.141	64.220	34.550	0.000
2233880.000	0.000	-0.080	0.141	64.220	34.550	0.000
2233880.000	0.000	-0.080	0.141	64.220	34.550	0.000
2233910.000	0.000	-0.080	0.094	64.220	34.550	0.000
2233910.000	0.000	-0.080	0.094	64.220	34.550	0.000
2233910.000	0.000	-0.080	0.094	64.220	34.550	0.000
2233935.000	0.000	-0.080	0.125	64.220	34.550	0.000
2233935.000	0.000	-0.080	0.125	64.220	34.550	0.000
2233935.000	0.000	-0.080	0.125	64.220	34.550	0.000
2233965.000	0.000	-0.080	0.078	64.220	34.550	0.000
2233965.000	0.000	-0.080	0.078	64.220	34.550	0.000
2233965.000	0.000	-0.080	0.078	64.220	34.550	0.000
2233995.000	0.000	-0.080	0.125	64.220	34.550	0.000
2233995.000	0.000	-0.080	0.125	64.220	34.550	0.000
2233995.000	0.000	-0.080	0.125	64.220	34.550	0.000
2234030.000	0.000	-0.080	0.125	64.220	34.550	0.000
2234030.000	0.000	-0.080	0.125	64.220	34.550	0.000
2234030.000	0.000	-0.080	0.125	64.220	34.550	0.000
2234055.000	0.000	-0.080	0.078	64.220	34.550	0.000
2234055.000	0.000	-0.080	0.078	64.220	34.550	0.000
2234055.000	0.000	-0.080	0.078	64.220	34.550	0.000
2234085.000	0.000	-0.080	0.125	64.220	34.550	0.000
2234085.000	0.000	-0.080	0.125	64.220	34.550	0.000
2234085.000	0.000	-0.080	0.125	64.220	34.550	0.000
2234115.000	0.000	-0.080	0.062	64.220	34.550	0.000
2234115.000	0.000	-0.080	0.062	64.220	34.550	0.000
2234115.000	0.000	-0.080	0.062	64.220	34.550	0.000
2234150.000	0.000	-0.080	0.094	64.220	34.550	0.000
2234150.000	0.000	-0.080	0.094	64.220	34.550	0.000
2234150.000	0.000	-0.080	0.094	64.220	34.550	0.000
2234175.000	0.000	-0.080	0.109	64.220	34.550	0.000
2234175.000	0.000	-0.080	0.109	64.220	34.550	0.000
2234175.000	0.000	-0.080	0.109	64.220	34.550	0.000
2234205.000	0.000	-0.080	0.094	64.220	34.550	0.000
2234205.000	0.000	-0.080	0.094	64.220	34.550	0.000
2234205.000	0.000	-0.080	0.094	64.220	34.550	0.000
2234235.000	0.000	-0.080	0.141	64.220	34.550	0.000
2234235.000	0.000	-0.080	0.141	64.220	34.550	0.000
2234235.000	0.000	-0.080	0.141	64.220	34.550	0.000
2234265.000	0.000	-0.080	0.078	64.220	34.550	0.000
2234265.000	0.000	-0.080	0.078	64.220	34.550	0.000
2234265.000	0.000	-0.080	0.078	64.220	34.550	0.000
2234295.000	0.000	-0.080	0.125	64.220	34.550	0.000
2234295.000	0.000	-0.080	0.125	64.220	34.550	0.000
2234295.000	0.000	-0.080	0.125	64.220	34.550	0.000
2234330.000	0.000	-0.080	0.125	64.220	34.550	0.000
2234330.000	0.000	-0.080	0.125	64.220	34.550	0.000
2234330.000	0.000	-0.080	0.125	64.220	34.550	0.000
2234355.000	0.000	-0.080	0.109	64.220	34.550	0.000
2234355.000	0.000	-0.080	0.109	64.220	34.550	0.000
2234355.000	0.000	-0.080	0.109	64.220	34.550	0.000
2234385.000	0.000	-0.080	0.125	64.220	34.550	0.000
2234385.000	0.000	-0.080	0.125	64.220	34.550	0.000
2234385.000	0.000	-0.080	0.125	64.220	34.550	0.000
2234415.000	0.000	-0.080	0.062	64.220	34.550	0.000
2234415.000	0.000	-0.080	0.062	64.220	34.550	0.000
2234415.000	0.000	-0.080	0.062	64.220	34.550	0.000
2234445.000	0.000	-0.080	0.109	64.220	34.550	0.000
2234445.000	0.000	-0.080	0.109	64.220	34.550	0.000
2234445.000	0.000	-0.080	0.109	64.220	34.550	0.000
2234475.000	0.000	-0.080	0.078	64.220	34.550	0.000
2234475.000	0.000	-0.080	0.078	64.220	34.550	0.000
2234475.000	0.000	-0.080	0.078	64.220	34.550	0.000
2234505.000	0.000	-0.080	0.125	64.220	34.550	0.000
2234505.000	0.000	-0.080	0.125	64.220	34.550	0.000
2234505.000	0.000	-0.080	0.125	64.220	34.550	0.000
2234535.000	0.000	-0.080	0.109	64.220	34.550	0.000
2234535.000	0.000	-0.080	0.109	64.220	34.550	0.000
2234535.000	0.000	-0.080	0.109	64.220	34.550	0.000
2234565.000	0.000	-0.080	0.078	64.220	34.550	0.000
2234565.000	0.000	-0.080	0.078	64.220	34.550	0.000
2234565.000	0.000	-0.080	0.078	64.220	34.550	0.000
2234595.000	0.000	-0.080	0.125	64.220	34.550	0.000
2234595.000	0.000	-0.080	0.125	64.220	34.550	0.000
2234595.000	0.000	-0.080	0.125	64.220	34.550	0.000
2234625.000	0.000	-0.080	0.078	64.220	34.550	0.000
2234625.000	0.000	-0.080	0.078	64.220	34.550	0.000
2234625.000	0.000	-0.080	0.078	64.220	34.550	0.000
2234655.000	0.000	-0.080	0.141	64.220	34.550	0.000
2234655.000	0.000	-0.080	0.141	64.220	34.550	0.000
2234655.000	0.000	-0.080	0.141	64.220	34.550	0.000
2234685.000	0.000	-0.080	0.094	64.220	34.550	0.000
2234685.000	0.000	-0.080	0.094	64.220	34.550	0.000
2234685.000	0.000	-0.080	0.094	64.220	34.550	0.000
2234715.000	0.000	-0.080	0.094	64.220	34.550	0.000
2234715.000	0.000	-0.080	0.094	64.220	34.550	0.000
2234715.000	0.000	-0.080	0.094	64.220	34.550	0.000
2234745.000	0.000	-0.080	0.109	64.220	34.550	0.000
2234745.000	0.000	-0.080	0.109	64.220	34.550	0.000
2234745.000	0.000	-0.080	0.109	64.220	34.550	0.000
2234775.000	0.000	-0.080	0.062	64.220	34.550	0.000
2234775.000	0.000	-0.080	0.062	64.220	34.550	0.000
2234775.000	0.000	-0.080	0.062	64.220	34.550	0.000
2234805.000	0.000	-0.080	0.125	64.220	34.550	0.000
2234805.000	0.000	-0.080	0.125	64.220	34.550	0.000
2234805.000	0.000	-0.080	0.125	64.220	34.550	0.000
2234835.000	0.000	-0.080	0.094	64.220	34.550	0.000
2234835.000	0.000	-0.080	0.094	64.220	34.550	0.000
2234835.000	0.000	-0.080	0.094	64.220	34.550	0.000
2234865.000	0.000	-0.080	0.141	64.220	34.550	0.000
2234865.000	0.000	-0.080	0.141	64.220	34.550	0.000
2234865.000	0.000	-0.080	0.141	64.220	34.550	0.000
2234895.000	0.000	-0.080	0.078	64.220	34.550	0.000
2234895.000	0.000	-0.080	0.078	64.220	34.550	0.000
2234895.000	0.000	-0.080	0.078	64.220	34.550	0.000
2234925.000	0.000	-0.080	0.000	64.220	34.550	0.000
2234925.000	0.000	-0.080	0.000	64.220	34.550	0.000
2234925.000	0.000	-0.080	0.000	64.220	34.550	0.000
2234955.000	0.000	-0.080	0.000	64.220	34.550	0.000
2234955.000	0.000	-0.080	0.000	64.220	34.550	0.000
2234955.000	0.000	-0.080	0.000	64.220	34.550	0.000
2234990.000	0.000	-0.080	0.000	64.220	34.550	0.000
2234990.000	0.000	-0.080	0.000	64.220	34.550	0.000
2234990.000	0.000	-0.080	0.000	64.220	34.550	0.000
2235015.000	0.000	-0.080	0.000	64.220	34.550	0.000
2235015.000	0.000	-0.080	0.000	64.220	34.550	0.000
2235015.000	0.000	-0.080	0.000	64.220	34.550	0.000
2235045.000	0.000	-0.080	0.000	64.220	34.550	0.000
2235045.000	0.000	-0.080	0.000	64.220	34.550	0.000
2235045.000	0.000	-0.080	0.000	64.220	34.550	0.000
2235075.000	0.000	-0.090	0.000	64.220	34.550	0.000
2235075.000	0.000	-0.090	0.000	64.220	34.550	0.000
2235075.000	0.000	-0.090	0.000	64.220	34.550	0.000
2235105.000	0.000	-0.090	0.000	64.220	34.550	0.000
2235105.000	0.000	-0.090	0.000	64.220	34.550	0.000
2235105.000	0.000	-0.090	0.000	64.220	34.550	0.000
2235135.000	0.000	-0.090	0.000	64.220	34.550	0.000
2235135.000	0.000	-0.090	0.000	64.220	34.550	0.000
2235135.000	0.000	-0.090	0.000	64.220	34.550	0.000
2235165.000	0.000	-0.090	0.000	64.220	34.550	0.000
2235165.000	0.000	-0.090	0.000	64.220	34.550	0.000
2235165.000	0.000	-0.090	0.000	64.220	34.550	0.000
2235195.000	0.000	-0.100	0.000	64.220	34.550	0.000
2235195.000	0.000	-0.100	0.000	64.220	34.550	0.000
2235195.000	0.000	-0.100	0.000	64.220	34.550	0.000
2235225.000	0.000	-0.100	0.000	64.220	34.550	0.000
2235225.000	0.000	-0.100	0.000	64.220	34.550	0.000
2235225.000	0.000	-0.100	0.000	64.220	34.550	0.000
2235255.000	0.000	-0.110	0.000	64.220	34.550	0.000
2235255.000	0.000	-0.110	0.000	64.220	34.550	0.000
2235255.000	0.000	-0.110	0.000	64.220	34.550	0.000
2235285.000	0.000	-0.110	0.000	64.220	34.550	0.000
2235285.000	0.000	-0.110	0.000	64.220	34.550	0.000
2235285.000	0.000	-0.110	0.000	64.220	34.550	0.000
2235315.000	0.000	-0.120	0.000	64.220	34.550	0.000
2235315.000	0.000	-0.120	0.000	64.220	34.550	0.000
2235315.000	0.000	-0.120	0.000	64.220	34.550	0.000
2235345.000	0.000	-0.120	0.000	64.220	34.550	0.000
2235345.000	0.000	-0.120	0.000	64.220	34.550	0.000
2235345.000	0.000	-0.120	0.000	64.220	34.550	0.000
2235375.000	0.000	-0.130	0.000	64.220	34.550	0.000
2235375.000	0.000	-0.130	0.000	64.220	34.550	0.000
2235375.000	0.000	-0.130	0.000	64.220	34.550	0.000
2235405.000	0.000	-0.130	0.000	64.220	34.550	0.000
2235405.000	0.000	-0.130	0.000	64.220	34.550	0.000
2235405.000	0.000	-0.130	0.000	64.220	34.550	0.000
2235435.000	0.000	-0.140	0.000	64.220	34.550	0.000
2235435.000	0.000	-0.140	0.000	64.220	34.550	0.000
2235435.000	0.000	-0.140	0.000	64.220	34.550	0.000
2235465.000	0.000	-0.150	0.000	64.220	34.550	0.000
2235465.000	0.000	-0.150	0.000	64.220	34.550	0.000
2235465.000	0.000	-0.150	0.000	64.220	34.550	0.000
2235495.000	0.000	-0.160	0.000	64.220	34.550	0.000
2235495.000	0.000	-0.160	0.000	64.220	34.550	0.000
2235495.000	0.000	-0.160	0.000	64.220	34.550	0.000
2235525.000	0.000	-0.160	0.000	64.220	34.550	0.000
2235525.000	0.000	-0.160	0.000	64.220	34.550	0.000
2235525.000	0.000	-0.160	0.000	64.220	34.550	0.000
2235555.000	0.000	-0.170	0.000	64.220	34.550	0.000
2235555.000	0.000	-0.170	0.000	64.220	34.550	0.000
2235555.000	0.000	-0.170	0.000	64.220	34.550	0.000
2235585.000	0.000	-0.180	0.000	64.220	34.550	0.000
2235585.000	0.000	-0.180	0.000	64.220	34.550	0.000
2235585.000	0.000	-0.180	0.000	64.220	34.550	0.000
2235615.000	0.000	-0.190	0.000	64.220	34.550	0.000
2235615.000	0.000	-0.190	0.000	64.220	34.550	0.000
2235615.000	0.000	-0.190	0.000	64.220	34.550	0.000
2235645.000	0.000	-0.200	0.000	64.220	34.550	0.000
2235645.000	0.000	-0.200	0.000	64.220	34.550	0.000
2235645.000	0.000	-0.200	0.000	64.220	34.550	0.000
2235675.000	0.000	-0.210	0.000	64.220	34.550	0.000
2235675.000	0.000	-0.210	0.000	64.220	34.550	0.000
2235675.000	0.000	-0.210	0.000	64.220	34.550	0.000
2235705.000	0.000	-0.220	0.000	64.220	34.550	0.000
2235705.000	0.000	-0.220	0.000	64.220	34.550	0.000
2235705.000	0.000	-0.220	0.000	64.220	34.550	0.000
