%Time [ms]	Commanded Torque [mNm]	Angular Velocity [RPM]	Actual Current [Amp]	%2/21/202410:09 AM
0.000	0.000	0.000	0.000
20.000	10.000	0.000	0.007
30.000	10.000	0.000	0.004
40.000	10.000	0.000	0.004
50.000	10.000	0.000	0.003
60.000	10.000	0.000	0.003
70.000	10.000	0.000	0.006
80.000	10.000	0.000	0.004
90.000	10.000	0.000	0.002
100.000	10.000	0.000	0.002
110.000	10.000	0.000	0.007
120.000	10.000	0.000	0.007
130.000	10.000	0.000	0.007
140.000	10.000	0.000	0.006
150.000	10.000	0.000	0.004
160.000	10.000	0.000	0.006
170.000	10.000	0.000	0.007
180.000	10.000	0.000	0.004
190.000	10.000	0.000	0.004
200.000	10.000	0.000	0.006
210.000	10.000	0.000	0.007
220.000	10.000	0.000	0.007
230.000	10.000	0.000	0.006
240.000	10.000	0.000	0.004
250.000	10.000	0.000	0.004
260.000	10.000	0.000	0.006
270.000	10.000	0.000	0.007
280.000	10.000	0.000	0.007
290.000	10.000	0.000	0.004
300.000	10.000	0.000	0.001
310.000	10.000	0.000	0.003
320.000	10.000	0.000	0.003
330.000	10.000	0.000	0.007
340.000	10.000	0.000	0.002
350.000	10.000	0.000	0.007
360.000	10.000	0.000	0.007
370.000	10.000	0.000	0.008
380.000	10.000	0.000	0.003
390.000	10.000	0.000	0.003
400.000	10.000	0.000	0.006
410.000	10.000	0.000	0.004
420.000	10.000	0.000	0.006
430.000	10.000	0.000	0.006
440.000	10.000	0.000	0.004
450.000	10.000	0.000	0.006
460.000	10.000	0.000	0.007
470.000	10.000	0.000	0.007
480.000	10.000	0.000	0.004
490.000	10.000	0.000	0.003
500.000	10.000	0.000	0.003
510.000	10.000	0.000	0.007
520.000	10.000	0.000	0.007
530.000	10.000	0.000	0.007
540.000	10.000	0.000	0.004
550.000	10.000	0.000	0.006
560.000	10.000	0.000	0.004
570.000	10.000	0.000	0.006
580.000	10.000	0.000	0.006
590.000	10.000	0.000	0.006
600.000	10.000	0.000	0.006
610.000	10.000	0.000	0.006
620.000	10.000	0.000	0.004
630.000	10.000	0.000	0.004
640.000	10.000	0.000	0.017
650.000	10.000	0.000	0.007
660.000	10.000	0.000	0.003
670.000	10.000	0.000	0.007
680.000	10.000	0.000	0.007
690.000	10.000	0.000	0.006
700.000	10.000	0.000	0.003
710.000	10.000	0.000	0.007
720.000	10.000	0.000	0.004
730.000	10.000	0.000	0.006
740.000	10.000	0.000	0.006
750.000	10.000	0.000	0.004
760.000	10.000	0.000	0.007
770.000	10.000	0.000	0.007
780.000	10.000	0.000	0.004
790.000	10.000	0.000	0.009
800.000	10.000	0.000	0.006
810.000	10.000	0.000	0.004
820.000	10.000	0.000	0.007
830.000	10.000	0.000	0.004
840.000	10.000	0.000	-0.000
850.000	10.000	0.000	0.006
860.000	10.000	0.000	0.006
870.000	10.000	0.000	0.007
880.000	10.000	0.000	0.003
890.000	10.000	0.000	-0.000
900.000	10.000	0.000	0.006
910.000	10.000	0.000	0.004
920.000	10.000	0.000	0.004
930.000	10.000	0.000	0.006
940.000	10.000	0.000	0.004
950.000	10.000	0.000	0.006
960.000	10.000	0.000	0.006
970.000	10.000	0.000	0.007
980.000	10.000	0.000	0.004
990.000	10.000	0.000	0.008
1000.000	10.000	0.000	0.003
1010.000	10.000	0.000	0.006
1020.000	10.000	0.000	0.003
1030.000	10.000	-0.146	0.058
1040.000	10.000	-0.146	0.151
1050.000	10.000	-0.146	0.218
1060.000	10.000	-0.220	0.267
1070.000	10.000	-0.293	0.302
1080.000	10.000	-0.366	0.330
1090.000	10.000	-0.439	0.351
1100.000	10.000	-0.513	0.362
1110.000	10.000	-0.659	0.372
1120.000	10.000	-0.732	0.380
1130.000	10.000	-0.732	0.382
1140.000	10.000	-0.879	0.390
1150.000	10.000	-1.025	0.389
1160.000	10.000	-1.099	0.391
1170.000	10.000	-1.172	0.394
1180.000	10.000	-1.318	0.394
1190.000	10.000	-1.538	0.395
1200.000	10.000	-1.758	0.395
1210.000	10.000	-1.904	0.395
1220.000	10.000	-2.124	0.399
1230.000	10.000	-2.197	0.395
1240.000	10.000	-2.344	0.400
1250.000	10.000	-2.490	0.399
1260.000	10.000	-2.710	0.400
1270.000	10.000	-3.076	0.400
1280.000	10.000	-3.223	0.397
1290.000	10.000	-3.296	0.394
1300.000	10.000	-3.296	0.400
1310.000	10.000	-3.369	0.400
1320.000	10.000	-3.442	0.399
1330.000	10.000	-3.735	0.397
1340.000	10.000	-3.955	0.397
1350.000	10.000	-4.102	0.396
1360.000	10.000	-4.175	0.400
1370.000	10.000	-4.175	0.399
1380.000	10.000	-4.541	0.396
1390.000	10.000	-4.687	0.400
1400.000	10.000	-4.834	0.399
1410.000	10.000	-4.907	0.396
1420.000	10.000	-5.200	0.400
1430.000	10.000	-5.347	0.399
1440.000	10.000	-5.347	0.401
1450.000	10.000	-5.493	0.400
1460.000	10.000	-5.859	0.399
1470.000	10.000	-6.006	0.401
1480.000	10.000	-5.786	0.399
1490.000	10.000	-5.859	0.393
1500.000	10.000	-6.226	0.399
1510.000	10.000	-6.445	0.400
1520.000	10.000	-6.519	0.396
1530.000	10.000	-6.812	0.395
1540.000	10.000	-6.958	0.401
1550.000	10.000	-6.885	0.399
1560.000	10.000	-6.958	0.396
1570.000	10.000	-7.104	0.400
1580.000	10.000	-7.251	0.396
1590.000	10.000	-7.764	0.396
1600.000	10.000	-7.690	0.397
1610.000	10.000	-7.690	0.400
1620.000	10.000	-7.983	0.400
1630.000	10.000	-7.837	0.399
1640.000	10.000	-8.203	0.395
1650.000	10.000	-8.643	0.402
1660.000	10.000	-8.496	0.401
1670.000	10.000	-8.643	0.397
1680.000	10.000	-8.862	0.396
1690.000	10.000	-8.789	0.399
1700.000	10.000	-9.155	0.400
1710.000	10.000	-9.229	0.400
1720.000	10.000	-9.375	0.402
1730.000	10.000	-9.448	0.397
1740.000	10.000	-9.741	0.402
1750.000	10.000	-9.668	0.400
1760.000	10.000	-9.741	0.397
1770.000	10.000	-10.034	0.397
1780.000	10.000	-10.181	0.397
1790.000	10.000	-10.400	0.396
1800.000	10.000	-10.181	0.397
1810.000	10.000	-10.693	0.397
1820.000	10.000	-10.547	0.399
1830.000	10.000	-11.060	0.396
1840.000	10.000	-10.620	0.396
1850.000	10.000	-11.206	0.397
1860.000	10.000	-11.353	0.401
1870.000	10.000	-11.353	0.401
1880.000	10.000	-11.279	0.401
1890.000	10.000	-11.646	0.400
1900.000	10.000	-11.646	0.400
1910.000	10.000	-11.938	0.396
1920.000	10.000	-11.865	0.400
1930.000	10.000	-11.865	0.400
1940.000	10.000	-12.231	0.397
1950.000	10.000	-12.451	0.400
1960.000	10.000	-12.451	0.400
1970.000	10.000	-12.451	0.395
1980.000	10.000	-13.110	0.399
1990.000	10.000	-12.891	0.401
2000.000	10.000	-13.184	0.397
2010.000	10.000	-12.891	0.399
2020.000	10.000	-13.477	0.401
2030.000	10.000	-13.477	0.397
2040.000	10.000	-13.550	0.389
2050.000	10.000	-13.916	0.397
2060.000	10.000	-13.843	0.400
2070.000	10.000	-13.989	0.404
2080.000	10.000	-14.136	0.399
2090.000	10.000	-14.136	0.401
2100.000	10.000	-14.355	0.400
2110.000	10.000	-14.795	0.396
2120.000	10.000	-14.502	0.399
2130.000	10.000	-14.648	0.396
2140.000	10.000	-15.088	0.404
2150.000	10.000	-14.722	0.399
2160.000	10.000	-15.234	0.400
2170.000	10.000	-15.527	0.395
2180.000	10.000	-15.088	0.399
2190.000	10.000	-15.674	0.402
2200.000	10.000	-15.747	0.397
2210.000	10.000	-15.381	0.400
2220.000	10.000	-15.894	0.401
2230.000	10.000	-16.260	0.400
2240.000	10.000	-15.894	0.407
2250.000	10.000	-16.260	0.401
2260.000	10.000	-16.553	0.399
2270.000	10.000	-16.333	0.402
2280.000	10.000	-16.772	0.400
2290.000	10.000	-16.772	0.399
2300.000	10.000	-16.699	0.397
2310.000	10.000	-17.285	0.397
2320.000	10.000	-17.065	0.397
2330.000	10.000	-17.065	0.400
2340.000	10.000	-17.578	0.393
2350.000	10.000	-17.578	0.399
2360.000	10.000	-17.358	0.399
2370.000	10.000	-17.578	0.399
2380.000	10.000	-17.798	0.400
2390.000	10.000	-18.164	0.401
2400.000	10.000	-18.164	0.401
2410.000	10.000	-18.091	0.399
2420.000	10.000	-18.384	0.397
2430.000	10.000	-18.457	0.402
2440.000	10.000	-18.677	0.405
2450.000	10.000	-18.677	0.399
2460.000	10.000	-18.896	0.400
2470.000	10.000	-18.896	0.397
2480.000	10.000	-18.970	0.400
2490.000	10.000	-19.043	0.395
2500.000	10.000	-19.263	0.400
2510.000	10.000	-19.556	0.396
2520.000	10.000	-19.482	0.399
2530.000	10.000	-19.775	0.400
2540.000	10.000	-19.556	0.400
2550.000	10.000	-19.849	0.397
2560.000	10.000	-20.068	0.401
2570.000	10.000	-20.361	0.400
2580.000	10.000	-20.508	0.399
2590.000	10.000	-20.435	0.399
2600.000	10.000	-20.654	0.397
2610.000	10.000	-20.361	0.400
2620.000	10.000	-20.947	0.401
2630.000	10.000	-20.728	0.399
2640.000	10.000	-21.021	0.401
2650.000	10.000	-21.240	0.402
2660.000	10.000	-21.313	0.400
2670.000	10.000	-21.460	0.399
2680.000	10.000	-21.387	0.400
2690.000	10.000	-21.606	0.401
2700.000	10.000	-21.680	0.399
2710.000	10.000	-22.266	0.399
2720.000	10.000	-21.973	0.399
2730.000	10.000	-22.412	0.401
2740.000	10.000	-22.412	0.399
2750.000	10.000	-22.778	0.399
2760.000	10.000	-22.705	0.400
2770.000	10.000	-22.925	0.397
2780.000	10.000	-22.925	0.400
2790.000	10.000	-23.145	0.404
2800.000	10.000	-23.291	0.401
2810.000	10.000	-23.291	0.399
2820.000	10.000	-23.511	0.401
2830.000	10.000	-23.584	0.399
2840.000	10.000	-23.657	0.401
2850.000	10.000	-23.584	0.397
2860.000	10.000	-23.950	0.399
2870.000	10.000	-24.023	0.400
2880.000	10.000	-24.243	0.399
2890.000	10.000	-24.243	0.388
2900.000	10.000	-24.390	0.400
2910.000	10.000	-24.463	0.400
2920.000	10.000	-24.829	0.404
2930.000	10.000	-24.609	0.401
2940.000	10.000	-25.195	0.397
2950.000	10.000	-25.195	0.401
2960.000	10.000	-25.415	0.400
2970.000	10.000	-25.195	0.399
2980.000	10.000	-25.562	0.401
2990.000	10.000	-25.488	0.404
3000.000	10.000	-25.635	0.399
3010.000	10.000	-25.928	0.396
3020.000	10.000	-25.928	0.400
3030.000	10.000	-26.514	0.399
3040.000	10.000	-26.294	0.399
3050.000	10.000	-26.514	0.401
3060.000	10.000	-26.367	0.400
3070.000	10.000	-26.807	0.401
3080.000	10.000	-27.026	0.397
3090.000	10.000	-27.393	0.400
3100.000	10.000	-27.539	0.400
3110.000	10.000	-27.466	0.397
3120.000	10.000	-27.612	0.400
3130.000	10.000	-27.612	0.396
3140.000	10.000	-27.905	0.394
3150.000	10.000	-28.125	0.399
3160.000	10.000	-28.198	0.401
3170.000	10.000	-28.271	0.399
3180.000	10.000	-28.638	0.400
3190.000	10.000	-28.711	0.397
3200.000	10.000	-28.784	0.396
3210.000	10.000	-29.077	0.399
3220.000	10.000	-29.297	0.399
3230.000	10.000	-29.370	0.399
3240.000	10.000	-29.297	0.400
3250.000	10.000	-29.590	0.397
3260.000	10.000	-30.029	0.400
3270.000	10.000	-30.029	0.396
3280.000	10.000	-29.810	0.396
3290.000	10.000	-30.249	0.391
3300.000	10.000	-30.396	0.400
3310.000	10.000	-30.688	0.399
3320.000	10.000	-30.981	0.400
3330.000	10.000	-30.908	0.400
3340.000	10.000	-31.348	0.400
3350.000	10.000	-31.348	0.399
3360.000	10.000	-31.421	0.400
3370.000	10.000	-31.934	0.401
3380.000	10.000	-32.007	0.399
3390.000	10.000	-32.153	0.399
3400.000	10.000	-32.300	0.399
3410.000	10.000	-32.080	0.396
3420.000	10.000	-32.446	0.405
3430.000	10.000	-32.739	0.397
3440.000	10.000	-32.812	0.391
3450.000	10.000	-33.032	0.401
3460.000	10.000	-33.252	0.397
3470.000	10.000	-33.252	0.399
3480.000	10.000	-33.398	0.406
3490.000	10.000	-33.691	0.402
3500.000	10.000	-33.838	0.396
3510.000	10.000	-34.351	0.401
3520.000	10.000	-34.058	0.400
3530.000	10.000	-34.570	0.402
3540.000	10.000	-34.570	0.399
3550.000	10.000	-34.863	0.397
3560.000	10.000	-34.863	0.400
3570.000	10.000	-35.229	0.399
3580.000	10.000	-35.596	0.400
3590.000	10.000	-35.303	0.399
3600.000	10.000	-35.669	0.397
3610.000	10.000	-35.962	0.396
3620.000	10.000	-36.401	0.400
3630.000	10.000	-36.182	0.396
3640.000	10.000	-36.548	0.391
3650.000	10.000	-36.328	0.399
3660.000	10.000	-36.841	0.400
3670.000	10.000	-37.207	0.397
3680.000	10.000	-37.207	0.397
3690.000	10.000	-37.427	0.395
3700.000	10.000	-37.646	0.396
3710.000	10.000	-37.573	0.397
3720.000	10.000	-37.573	0.397
3730.000	10.000	-38.159	0.396
3740.000	10.000	-38.086	0.402
3750.000	10.000	-38.599	0.400
3760.000	10.000	-38.672	0.399
3770.000	10.000	-38.306	0.400
3780.000	10.000	-39.111	0.396
3790.000	10.000	-39.111	0.396
3800.000	10.000	-38.892	0.400
3810.000	10.000	-39.331	0.400
3820.000	10.000	-39.624	0.400
3830.000	10.000	-39.404	0.397
3840.000	10.000	-39.771	0.397
3850.000	10.000	-39.990	0.399
3860.000	10.000	-40.137	0.399
3870.000	10.000	-40.430	0.397
3880.000	10.000	-40.283	0.396
3890.000	10.000	-40.356	0.397
3900.000	10.000	-40.869	0.396
3910.000	10.000	-40.942	0.397
3920.000	10.000	-40.796	0.396
3930.000	10.000	-41.162	0.401
3940.000	10.000	-41.528	0.401
3950.000	10.000	-41.309	0.401
3960.000	10.000	-41.309	0.399
3970.000	10.000	-41.602	0.399
3980.000	10.000	-41.895	0.396
3990.000	10.000	-42.041	0.404
4000.000	10.000	-42.114	0.401
4010.000	10.000	-42.041	0.399
4020.000	10.000	-42.261	0.404
4030.000	10.000	-42.627	0.400
4040.000	10.000	-42.480	0.396
4050.000	10.000	-42.847	0.401
4060.000	10.000	-43.066	0.399
4070.000	10.000	-43.140	0.397
4080.000	10.000	-42.993	0.397
4090.000	10.000	-43.359	0.401
4100.000	10.000	-43.359	0.396
4110.000	10.000	-43.652	0.405
4120.000	10.000	-43.799	0.400
4130.000	10.000	-43.652	0.399
4140.000	10.000	-43.799	0.400
4150.000	10.000	-44.092	0.400
4160.000	10.000	-44.092	0.397
4170.000	10.000	-44.019	0.399
4180.000	10.000	-44.531	0.400
4190.000	10.000	-44.385	0.412
4200.000	10.000	-44.751	0.399
4210.000	10.000	-45.044	0.400
4220.000	10.000	-45.117	0.396
4230.000	10.000	-45.190	0.399
4240.000	10.000	-45.483	0.394
4250.000	10.000	-45.264	0.400
4260.000	10.000	-45.630	0.400
4270.000	10.000	-46.069	0.396
4280.000	10.000	-45.996	0.397
4290.000	10.000	-46.143	0.397
4300.000	10.000	-46.289	0.400
4310.000	10.000	-46.216	0.395
4320.000	10.000	-46.436	0.402
4330.000	10.000	-46.582	0.399
4340.000	10.000	-46.509	0.401
4350.000	10.000	-46.802	0.397
4360.000	10.000	-46.802	0.397
4370.000	10.000	-46.729	0.399
4380.000	10.000	-47.021	0.399
4390.000	10.000	-47.021	0.397
4400.000	10.000	-47.168	0.400
4410.000	10.000	-47.168	0.400
4420.000	10.000	-47.241	0.399
4430.000	10.000	-47.314	0.399
4440.000	10.000	-47.534	0.400
4450.000	10.000	-47.534	0.400
4460.000	10.000	-47.681	0.401
4470.000	10.000	-48.120	0.401
4480.000	10.000	-48.120	0.401
4490.000	10.000	-48.340	0.397
4500.000	10.000	-48.560	0.399
4510.000	10.000	-48.706	0.399
4520.000	10.000	-48.633	0.400
4530.000	10.000	-48.779	0.400
4540.000	10.000	-49.072	0.401
4550.000	10.000	-49.219	0.399
4560.000	10.000	-49.219	0.401
4570.000	10.000	-49.585	0.401
4580.000	10.000	-49.512	0.400
4590.000	10.000	-49.731	0.385
4600.000	10.000	-49.805	0.397
4610.000	10.000	-49.805	0.399
4620.000	10.000	-49.951	0.396
4630.000	10.000	-50.171	0.395
4640.000	10.000	-50.244	0.395
4650.000	10.000	-50.537	0.400
4660.000	10.000	-50.903	0.400
4670.000	10.000	-50.684	0.399
4680.000	10.000	-50.903	0.399
4690.000	10.000	-51.050	0.395
4700.000	10.000	-51.196	0.399
4710.000	10.000	-51.343	0.401
4720.000	10.000	-51.855	0.397
4730.000	10.000	-51.855	0.397
4740.000	10.000	-52.148	0.401
4750.000	10.000	-52.148	0.401
4760.000	10.000	-52.002	0.397
4770.000	10.000	-52.588	0.400
4780.000	10.000	-52.808	0.399
4790.000	10.000	-52.661	0.395
4800.000	10.000	-52.734	0.400
4810.000	10.000	-53.247	0.400
4820.000	10.000	-53.101	0.400
4830.000	10.000	-53.247	0.400
4840.000	10.000	-53.760	0.397
4850.000	10.000	-53.760	0.400
4860.000	10.000	-53.906	0.401
4870.000	10.000	-53.979	0.400
4880.000	10.000	-53.979	0.402
4890.000	10.000	-54.272	0.407
4900.000	10.000	-54.858	0.399
4910.000	10.000	-54.712	0.401
4920.000	10.000	-55.151	0.395
4930.000	10.000	-54.712	0.404
4940.000	10.000	-55.298	0.399
4950.000	10.000	-55.737	0.400
4960.000	10.000	-55.444	0.399
4970.000	10.000	-55.737	0.400
4980.000	10.000	-55.811	0.399
4990.000	10.000	-55.811	0.399
5000.000	10.000	-56.030	0.399
5010.000	10.000	-56.396	0.400
5020.000	10.000	-56.396	0.400
5030.000	10.000	-56.543	0.397
5040.000	10.000	-56.909	0.399
5050.000	10.000	-56.909	0.399
5060.000	10.000	-56.836	0.399
5070.000	10.000	-57.349	0.400
5080.000	10.000	-57.349	0.400
5090.000	10.000	-57.935	0.402
5100.000	10.000	-57.861	0.397
5110.000	10.000	-58.081	0.400
5120.000	10.000	-58.081	0.400
5130.000	10.000	-58.374	0.400
5140.000	10.000	-58.374	0.401
5150.000	10.000	-58.447	0.401
5160.000	10.000	-58.447	0.401
5170.000	10.000	-58.887	0.395
5180.000	10.000	-58.740	0.396
5190.000	10.000	-58.813	0.401
5200.000	10.000	-59.692	0.397
5210.000	10.000	-59.253	0.401
5220.000	10.000	-59.546	0.401
5230.000	10.000	-59.473	0.396
5240.000	10.000	-59.912	0.397
5250.000	10.000	-59.692	0.397
5260.000	10.000	-60.425	0.401
5270.000	10.000	-59.985	0.397
5280.000	10.000	-60.571	0.400
5290.000	10.000	-60.571	0.399
5300.000	10.000	-60.132	0.400
5310.000	10.000	-60.791	0.400
5320.000	10.000	-60.937	0.402
5330.000	10.000	-60.937	0.401
5340.000	10.000	-61.230	0.396
5350.000	10.000	-61.743	0.396
5360.000	10.000	-61.230	0.399
5370.000	10.000	-61.816	0.400
5380.000	10.000	-61.743	0.402
5390.000	10.000	-61.743	0.396
5400.000	10.000	-62.329	0.399
5410.000	10.000	-62.256	0.396
5420.000	10.000	-62.183	0.396
5430.000	10.000	-62.695	0.397
5440.000	10.000	-62.329	0.399
5450.000	10.000	-62.329	0.400
5460.000	10.000	-62.842	0.399
5470.000	10.000	-62.695	0.400
5480.000	10.000	-62.842	0.404
5490.000	10.000	-63.208	0.399
5500.000	10.000	-63.062	0.397
5510.000	10.000	-62.988	0.399
5520.000	10.000	-63.354	0.400
5530.000	10.000	-63.354	0.401
5540.000	10.000	-63.794	0.401
5550.000	10.000	-63.647	0.400
5560.000	10.000	-63.940	0.406
5570.000	10.000	-63.940	0.401
5580.000	10.000	-64.014	0.405
5590.000	10.000	-63.940	0.397
5600.000	10.000	-64.087	0.402
5610.000	10.000	-64.380	0.397
5620.000	10.000	-64.966	0.400
5630.000	10.000	-64.600	0.401
5640.000	10.000	-64.526	0.399
5650.000	10.000	-65.112	0.397
5660.000	10.000	-64.893	0.396
5670.000	10.000	-65.259	0.401
5680.000	10.000	-65.771	0.400
5690.000	10.000	-65.771	0.402
5700.000	10.000	-65.771	0.397
5710.000	10.000	-65.918	0.395
5720.000	10.000	-65.845	0.395
5730.000	10.000	-66.211	0.401
5740.000	10.000	-66.724	0.399
5750.000	10.000	-66.284	0.405
5760.000	10.000	-66.504	0.395
5770.000	10.000	-66.504	0.395
5780.000	10.000	-66.650	0.396
5790.000	10.000	-67.310	0.399
5800.000	10.000	-67.310	0.399
5810.000	10.000	-67.529	0.401
5820.000	10.000	-67.822	0.401
5830.000	10.000	-67.822	0.401
5840.000	10.000	-67.529	0.402
5850.000	10.000	-68.115	0.402
5860.000	10.000	-68.115	0.402
5870.000	10.000	-68.481	0.401
5880.000	10.000	-68.481	0.401
5890.000	10.000	-68.848	0.400
5900.000	10.000	-68.774	0.397
5910.000	10.000	-68.921	0.400
5920.000	10.000	-69.214	0.396
5930.000	10.000	-69.360	0.399
5940.000	10.000	-69.507	0.401
5950.000	10.000	-69.727	0.404
5960.000	10.000	-69.580	0.399
5970.000	10.000	-69.873	0.399
5980.000	10.000	-69.873	0.399
5990.000	10.000	-69.800	0.399
6000.000	10.000	-70.239	0.401
6010.000	10.000	-70.239	0.401
6020.000	10.000	-70.386	0.400
6030.000	10.000	-70.825	0.400
6040.000	10.000	-70.972	0.397
6050.000	10.000	-70.972	0.349
6060.000	10.000	-70.972	0.258
6070.000	10.000	-71.704	0.185
6080.000	10.000	-71.265	0.141
6090.000	10.000	-71.411	0.107
6100.000	10.000	-71.631	0.080
6110.000	10.000	-71.631	0.061
6120.000	10.000	-71.338	0.046
6130.000	10.000	-71.631	0.029
6140.000	10.000	-71.265	0.025
6150.000	10.000	-71.411	0.020
6160.000	10.000	-71.484	0.021
6170.000	10.000	-70.898	0.012
6180.000	10.000	-71.118	0.013
6190.000	10.000	-71.118	0.012
6200.000	10.000	-70.679	0.007
6210.000	10.000	-70.752	0.004
6220.000	10.000	-71.118	0.007
6230.000	10.000	-70.752	0.002
6240.000	10.000	-70.825	0.009
6250.000	10.000	-70.752	0.006
6260.000	10.000	-70.679	0.003
6270.000	10.000	-70.752	0.006
6280.000	10.000	-71.045	0.002
6290.000	10.000	-70.679	0.007
6300.000	10.000	-70.825	0.006
6310.000	10.000	-70.679	0.006
6320.000	10.000	-70.386	0.006
6330.000	10.000	-70.312	0.009
6340.000	10.000	-70.605	0.006
6350.000	10.000	-70.459	0.006
6360.000	10.000	-70.386	0.006
6370.000	10.000	-70.312	0.006
6380.000	10.000	-69.873	-0.002
6390.000	10.000	-70.020	0.004
6400.000	10.000	-70.166	0.004
6410.000	10.000	-70.093	0.006
6420.000	10.000	-70.020	0.006
6430.000	10.000	-70.020	0.012
6440.000	10.000	-69.507	0.003
6450.000	10.000	-69.434	0.006
6460.000	10.000	-69.434	0.006
6470.000	10.000	-69.507	0.006
6480.000	10.000	-69.434	0.006
6490.000	10.000	-69.434	0.006
6500.000	10.000	-69.067	0.007
6510.000	10.000	-68.921	0.007
6520.000	10.000	-68.921	0.007
6530.000	10.000	-68.848	0.002
6540.000	10.000	-68.921	0.004
6550.000	10.000	-68.921	0.004
6560.000	10.000	-68.994	0.004
6570.000	10.000	-69.067	0.003
6580.000	10.000	-69.067	0.003
6590.000	10.000	-68.921	0.006
6600.000	10.000	-69.214	0.007
6610.000	10.000	-69.141	0.009
6620.000	10.000	-69.434	0.007
6630.000	10.000	-69.067	0.013
6640.000	10.000	-69.067	0.007
6650.000	10.000	-69.214	0.007
6660.000	10.000	-68.848	0.007
6670.000	10.000	-68.848	0.007
6680.000	10.000	-68.701	0.004
6690.000	10.000	-68.481	0.007
6700.000	10.000	-68.481	0.007
6710.000	10.000	-68.408	0.007
6720.000	10.000	-68.262	0.003
6730.000	10.000	-68.628	0.008
6740.000	10.000	-68.335	0.006
6750.000	10.000	-68.701	0.004
6760.000	10.000	-68.628	0.004
6770.000	10.000	-68.994	0.003
6780.000	10.000	-68.701	-0.000
6790.000	10.000	-68.921	0.007
6800.000	10.000	-68.628	0.004
6810.000	10.000	-68.774	0.007
6820.000	10.000	-68.701	0.003
6830.000	10.000	-68.335	-0.000
6840.000	10.000	-68.335	0.007
6850.000	10.000	-68.408	0.004
6860.000	10.000	-68.188	0.006
6870.000	10.000	-68.042	0.006
6880.000	10.000	-68.481	0.004
6890.000	10.000	-67.969	0.004
6900.000	10.000	-68.262	0.006
6910.000	10.000	-67.822	0.004
6920.000	10.000	-67.822	0.006
6930.000	10.000	-67.969	0.012
6940.000	10.000	-68.188	0.004
6950.000	10.000	-67.896	0.006
6960.000	10.000	-67.896	0.003
6970.000	10.000	-67.969	0.004
6980.000	10.000	-67.603	0.003
6990.000	10.000	-68.042	0.006
7000.000	10.000	-67.969	0.006
7010.000	10.000	-67.969	0.003
7020.000	10.000	-67.822	0.007
