%Time [ms]	Commanded Torque [mNm]	Angular Velocity [RPM]	Actual Current [Amp]	%2/21/202410:04 AM
0.000	0.000	0.000	0.000
20.000	20.000	35.156	0.018
30.000	20.000	35.156	0.018
40.000	20.000	35.156	0.018
50.000	20.000	17.578	-0.012
60.000	20.000	17.578	-0.012
70.000	20.000	17.578	-0.012
80.000	20.000	25.391	-0.001
90.000	20.000	25.391	-0.001
100.000	20.000	25.391	-0.001
110.000	20.000	3.906	-0.014
120.000	20.000	3.906	-0.014
130.000	20.000	3.906	-0.014
140.000	20.000	-9.766	-0.008
150.000	20.000	-9.766	-0.008
160.000	20.000	-9.766	-0.008
170.000	20.000	17.578	-0.007
180.000	20.000	17.578	-0.007
190.000	20.000	17.578	-0.007
200.000	20.000	46.875	0.005
210.000	20.000	46.875	0.005
220.000	20.000	46.875	0.005
230.000	20.000	15.625	0.001
240.000	20.000	15.625	0.001
250.000	20.000	15.625	0.001
260.000	20.000	-7.812	0.017
270.000	20.000	-7.812	0.017
280.000	20.000	-7.812	0.017
290.000	20.000	21.484	0.004
300.000	20.000	21.484	0.004
310.000	20.000	21.484	0.004
320.000	20.000	37.109	0.008
330.000	20.000	37.109	0.008
340.000	20.000	37.109	0.008
350.000	20.000	-13.672	0.003
360.000	20.000	-13.672	0.003
370.000	20.000	-13.672	0.003
380.000	20.000	41.016	0.011
390.000	20.000	41.016	0.011
400.000	20.000	41.016	0.011
410.000	20.000	35.156	0.010
420.000	20.000	35.156	0.010
430.000	20.000	35.156	0.010
440.000	20.000	35.156	0.007
450.000	20.000	35.156	0.007
460.000	20.000	35.156	0.007
470.000	20.000	29.297	0.016
480.000	20.000	29.297	0.016
490.000	20.000	29.297	0.016
500.000	20.000	-19.531	0.002
510.000	20.000	-19.531	0.002
520.000	20.000	-19.531	0.002
530.000	20.000	13.672	0.012
540.000	20.000	13.672	0.012
550.000	20.000	13.672	0.012
560.000	20.000	-1.953	-0.002
570.000	20.000	-1.953	-0.002
580.000	20.000	-1.953	-0.002
590.000	20.000	25.391	-0.003
600.000	20.000	25.391	-0.003
610.000	20.000	25.391	-0.003
620.000	20.000	13.672	-0.011
630.000	20.000	13.672	-0.011
640.000	20.000	13.672	-0.011
650.000	20.000	9.766	0.002
660.000	20.000	9.766	0.002
670.000	20.000	9.766	0.002
680.000	20.000	9.766	-0.005
690.000	20.000	9.766	-0.005
700.000	20.000	9.766	-0.005
710.000	20.000	46.875	0.018
720.000	20.000	46.875	0.018
730.000	20.000	46.875	0.018
740.000	20.000	-3.906	0.021
750.000	20.000	-3.906	0.021
760.000	20.000	-3.906	0.021
770.000	20.000	52.734	0.010
780.000	20.000	52.734	0.010
790.000	20.000	52.734	0.010
800.000	20.000	11.719	-0.015
810.000	20.000	11.719	-0.015
820.000	20.000	11.719	-0.015
830.000	20.000	15.625	0.000
840.000	20.000	15.625	0.000
850.000	20.000	15.625	0.000
860.000	20.000	17.578	-0.013
870.000	20.000	17.578	-0.013
880.000	20.000	17.578	-0.013
890.000	20.000	1.953	-0.006
900.000	20.000	1.953	-0.006
910.000	20.000	1.953	-0.006
920.000	20.000	13.672	-0.005
930.000	20.000	13.672	-0.005
940.000	20.000	13.672	-0.005
950.000	20.000	3.906	-0.005
960.000	20.000	3.906	-0.005
970.000	20.000	3.906	-0.005
980.000	20.000	39.062	0.016
990.000	20.000	39.062	0.016
1000.000	20.000	39.062	0.016
1010.000	20.000	11.719	-0.017
1020.000	20.000	11.719	-0.017
1030.000	20.000	11.719	-0.017
1040.000	20.000	9.766	-0.020
1050.000	20.000	9.766	-0.020
1060.000	20.000	9.766	-0.020
1070.000	20.000	15.625	-0.004
1080.000	20.000	15.625	-0.004
1090.000	20.000	15.625	-0.004
1100.000	20.000	5.859	0.330
1110.000	20.000	5.859	0.330
1120.000	20.000	5.859	0.330
1130.000	20.000	35.156	0.490
1140.000	20.000	35.156	0.490
1150.000	20.000	35.156	0.490
1160.000	20.000	105.469	0.603
1170.000	20.000	105.469	0.603
1180.000	20.000	105.469	0.603
1190.000	20.000	144.531	0.584
1200.000	20.000	144.531	0.584
1210.000	20.000	144.531	0.584
1220.000	20.000	207.031	0.600
1230.000	20.000	207.031	0.600
1240.000	20.000	207.031	0.600
1250.000	20.000	230.469	0.587
1260.000	20.000	230.469	0.587
1270.000	20.000	230.469	0.587
1280.000	20.000	310.547	0.638
1290.000	20.000	310.547	0.638
1300.000	20.000	310.547	0.638
1310.000	20.000	380.859	0.624
1320.000	20.000	380.859	0.624
1330.000	20.000	380.859	0.624
1340.000	20.000	375.000	0.620
1350.000	20.000	375.000	0.620
1360.000	20.000	375.000	0.620
1370.000	20.000	410.156	0.600
1380.000	20.000	410.156	0.600
1390.000	20.000	410.156	0.600
1400.000	20.000	490.234	0.600
1410.000	20.000	490.234	0.600
1420.000	20.000	490.234	0.600
1430.000	20.000	537.109	0.608
1440.000	20.000	537.109	0.608
1450.000	20.000	537.109	0.608
1460.000	20.000	583.984	0.609
1470.000	20.000	583.984	0.609
1480.000	20.000	583.984	0.609
1490.000	20.000	638.672	0.632
1500.000	20.000	638.672	0.632
1510.000	20.000	638.672	0.632
1520.000	20.000	648.437	0.601
1530.000	20.000	648.437	0.601
1540.000	20.000	648.437	0.601
1550.000	20.000	730.469	0.586
1560.000	20.000	730.469	0.586
1570.000	20.000	730.469	0.586
1580.000	20.000	748.047	0.632
1590.000	20.000	748.047	0.632
1600.000	20.000	748.047	0.632
1610.000	20.000	804.687	0.614
1620.000	20.000	804.687	0.614
1630.000	20.000	804.687	0.614
1640.000	20.000	843.750	0.620
1650.000	20.000	843.750	0.620
1660.000	20.000	843.750	0.620
1670.000	20.000	908.203	0.627
1680.000	20.000	908.203	0.627
1690.000	20.000	908.203	0.627
1700.000	20.000	916.016	0.637
1710.000	20.000	916.016	0.637
1720.000	20.000	916.016	0.637
1730.000	20.000	1009.766	0.616
1740.000	20.000	1009.766	0.616
1750.000	20.000	1009.766	0.616
1760.000	20.000	1048.828	0.613
1770.000	20.000	1048.828	0.613
1780.000	20.000	1048.828	0.613
1790.000	20.000	1091.797	0.615
1800.000	20.000	1091.797	0.615
1810.000	20.000	1091.797	0.615
1820.000	20.000	1179.687	0.586
1830.000	20.000	1179.687	0.586
1840.000	20.000	1179.687	0.586
1850.000	20.000	1179.687	0.600
1860.000	20.000	1179.687	0.600
1870.000	20.000	1179.687	0.600
1880.000	20.000	1222.656	0.590
1890.000	20.000	1222.656	0.590
1900.000	20.000	1222.656	0.590
1910.000	20.000	1248.047	0.631
1920.000	20.000	1248.047	0.631
1930.000	20.000	1248.047	0.631
1940.000	20.000	1294.922	0.630
1950.000	20.000	1294.922	0.630
1960.000	20.000	1294.922	0.630
1970.000	20.000	1304.687	0.623
1980.000	20.000	1304.687	0.623
1990.000	20.000	1304.687	0.623
2000.000	20.000	1353.516	0.604
2010.000	20.000	1353.516	0.604
2020.000	20.000	1353.516	0.604
2030.000	20.000	1445.312	0.601
2040.000	20.000	1445.312	0.601
2050.000	20.000	1445.312	0.601
2060.000	20.000	1501.953	0.611
2070.000	20.000	1501.953	0.611
2080.000	20.000	1501.953	0.611
2090.000	20.000	1494.141	0.645
2100.000	20.000	1494.141	0.645
2110.000	20.000	1494.141	0.645
2120.000	20.000	1617.187	0.627
2130.000	20.000	1617.187	0.627
2140.000	20.000	1617.187	0.627
2150.000	20.000	1642.578	0.621
2160.000	20.000	1642.578	0.621
2170.000	20.000	1642.578	0.621
2180.000	20.000	1673.828	0.625
2190.000	20.000	1673.828	0.625
2200.000	20.000	1673.828	0.625
2210.000	20.000	1722.656	0.632
2220.000	20.000	1722.656	0.632
2230.000	20.000	1722.656	0.632
2240.000	20.000	1775.391	0.604
2250.000	20.000	1775.391	0.604
2260.000	20.000	1775.391	0.604
2270.000	20.000	1746.094	0.619
2280.000	20.000	1746.094	0.619
2290.000	20.000	1746.094	0.619
2300.000	20.000	1802.734	0.610
2310.000	20.000	1802.734	0.610
2320.000	20.000	1802.734	0.610
2330.000	20.000	1927.734	0.606
2340.000	20.000	1927.734	0.606
2350.000	20.000	1927.734	0.606
2360.000	20.000	1939.453	0.604
2370.000	20.000	1939.453	0.604
2380.000	20.000	1939.453	0.604
2390.000	20.000	1921.875	0.608
2400.000	20.000	1921.875	0.608
2410.000	20.000	1921.875	0.608
2420.000	20.000	1992.187	0.606
2430.000	20.000	1992.187	0.606
2440.000	20.000	1992.187	0.606
2450.000	20.000	2074.219	0.617
2460.000	20.000	2074.219	0.617
2470.000	20.000	2074.219	0.617
2480.000	20.000	2093.750	0.611
2490.000	20.000	2093.750	0.611
2500.000	20.000	2093.750	0.611
2510.000	20.000	2130.859	0.619
2520.000	20.000	2130.859	0.619
2530.000	20.000	2130.859	0.619
2540.000	20.000	2201.172	0.576
2550.000	20.000	2201.172	0.576
2560.000	20.000	2201.172	0.576
2570.000	20.000	2226.562	0.606
2580.000	20.000	2226.562	0.606
2590.000	20.000	2226.562	0.606
2600.000	20.000	2242.187	0.627
2610.000	20.000	2242.187	0.627
2620.000	20.000	2242.187	0.627
2630.000	20.000	2279.297	0.606
2640.000	20.000	2279.297	0.606
2650.000	20.000	2279.297	0.606
2660.000	20.000	2302.734	0.592
2670.000	20.000	2302.734	0.592
2680.000	20.000	2302.734	0.592
2690.000	20.000	2396.484	0.597
2700.000	20.000	2396.484	0.597
2710.000	20.000	2396.484	0.597
2720.000	20.000	2378.906	0.610
2730.000	20.000	2378.906	0.610
2740.000	20.000	2378.906	0.610
2750.000	20.000	2431.641	0.627
2760.000	20.000	2431.641	0.627
2770.000	20.000	2431.641	0.627
2780.000	20.000	2464.844	0.600
2790.000	20.000	2464.844	0.600
2800.000	20.000	2464.844	0.600
2810.000	20.000	2539.062	0.626
2820.000	20.000	2539.062	0.626
2830.000	20.000	2539.062	0.626
2840.000	20.000	2576.172	0.628
2850.000	20.000	2576.172	0.628
2860.000	20.000	2576.172	0.628
2870.000	20.000	2599.609	0.594
2880.000	20.000	2599.609	0.594
2890.000	20.000	2599.609	0.594
2900.000	20.000	2640.625	0.559
2910.000	20.000	2640.625	0.559
2920.000	20.000	2640.625	0.559
2930.000	20.000	2724.609	0.598
2940.000	20.000	2724.609	0.598
2950.000	20.000	2724.609	0.598
2960.000	20.000	2734.375	0.596
2970.000	20.000	2734.375	0.596
2980.000	20.000	2734.375	0.596
2990.000	20.000	2791.016	0.616
3000.000	20.000	2791.016	0.616
3010.000	20.000	2791.016	0.616
3020.000	20.000	2775.391	0.590
3030.000	20.000	2775.391	0.590
3040.000	20.000	2775.391	0.590
3050.000	20.000	2865.234	0.615
3060.000	20.000	2865.234	0.615
3070.000	20.000	2865.234	0.615
3080.000	20.000	2898.437	0.613
3090.000	20.000	2898.437	0.613
3100.000	20.000	2898.437	0.613
3110.000	20.000	2955.078	0.601
3120.000	20.000	2955.078	0.601
3130.000	20.000	2955.078	0.601
3140.000	20.000	2964.844	0.600
3150.000	20.000	2964.844	0.600
3160.000	20.000	2964.844	0.600
3170.000	20.000	3013.672	0.591
3180.000	20.000	3013.672	0.591
3190.000	20.000	3013.672	0.591
3200.000	20.000	3070.312	0.604
3210.000	20.000	3070.312	0.604
3220.000	20.000	3070.312	0.604
3230.000	20.000	3111.328	0.620
3240.000	20.000	3111.328	0.620
3250.000	20.000	3111.328	0.620
3260.000	20.000	3148.437	0.597
3270.000	20.000	3148.437	0.597
3280.000	20.000	3148.437	0.597
3290.000	20.000	3183.594	0.626
3300.000	20.000	3183.594	0.626
3310.000	20.000	3183.594	0.626
3320.000	20.000	3199.219	0.596
3330.000	20.000	3199.219	0.596
3340.000	20.000	3199.219	0.596
3350.000	20.000	3220.703	0.635
3360.000	20.000	3220.703	0.635
3370.000	20.000	3220.703	0.635
3380.000	20.000	3255.859	0.607
3390.000	20.000	3255.859	0.607
3400.000	20.000	3255.859	0.607
3410.000	20.000	3353.516	0.610
3420.000	20.000	3353.516	0.610
3430.000	20.000	3353.516	0.610
3440.000	20.000	3355.469	0.595
3450.000	20.000	3355.469	0.595
3460.000	20.000	3355.469	0.595
3470.000	20.000	3400.391	0.630
3480.000	20.000	3400.391	0.630
3490.000	20.000	3400.391	0.630
3500.000	20.000	3455.078	0.596
3510.000	20.000	3455.078	0.596
3520.000	20.000	3455.078	0.596
3530.000	20.000	3498.047	0.585
3540.000	20.000	3498.047	0.585
3550.000	20.000	3498.047	0.585
3560.000	20.000	3552.734	0.607
3570.000	20.000	3552.734	0.607
3580.000	20.000	3552.734	0.607
3590.000	20.000	3550.781	0.582
3600.000	20.000	3550.781	0.582
3610.000	20.000	3550.781	0.582
3620.000	20.000	3607.422	0.583
3630.000	20.000	3607.422	0.583
3640.000	20.000	3607.422	0.583
3650.000	20.000	3681.641	0.606
3660.000	20.000	3681.641	0.606
3670.000	20.000	3681.641	0.606
3680.000	20.000	3669.922	0.604
3690.000	20.000	3669.922	0.604
3700.000	20.000	3669.922	0.604
3710.000	20.000	3714.844	0.625
3720.000	20.000	3714.844	0.625
3730.000	20.000	3714.844	0.625
3740.000	20.000	3740.234	0.623
3750.000	20.000	3740.234	0.623
3760.000	20.000	3740.234	0.623
3770.000	20.000	3806.641	0.592
3780.000	20.000	3806.641	0.592
3790.000	20.000	3806.641	0.592
3800.000	20.000	3800.781	0.624
3810.000	20.000	3800.781	0.624
3820.000	20.000	3800.781	0.624
3830.000	20.000	3855.469	0.617
3840.000	20.000	3855.469	0.617
3850.000	20.000	3855.469	0.617
3860.000	20.000	3878.906	0.612
3870.000	20.000	3878.906	0.612
3880.000	20.000	3878.906	0.612
3890.000	20.000	3966.797	0.595
3900.000	20.000	3966.797	0.595
3910.000	20.000	3966.797	0.595
3920.000	20.000	3970.703	0.626
3930.000	20.000	3970.703	0.626
3940.000	20.000	3970.703	0.626
3950.000	20.000	3957.031	0.589
3960.000	20.000	3957.031	0.589
3970.000	20.000	3957.031	0.589
3980.000	20.000	3998.047	0.594
3990.000	20.000	3998.047	0.594
4000.000	20.000	3998.047	0.594
4010.000	20.000	3998.047	0.584
4020.000	20.000	3998.047	0.584
4030.000	20.000	3998.047	0.584
4040.000	20.000	3998.047	0.613
4050.000	20.000	3998.047	0.613
4060.000	20.000	3998.047	0.613
4070.000	20.000	3998.047	0.595
4080.000	20.000	3998.047	0.595
4090.000	20.000	3998.047	0.595
4100.000	20.000	3998.047	0.610
4110.000	20.000	3998.047	0.610
4120.000	20.000	3998.047	0.610
4130.000	20.000	3998.047	0.455
4140.000	20.000	3998.047	0.455
4150.000	20.000	3998.047	0.455
4160.000	20.000	3998.047	0.229
4170.000	20.000	3998.047	0.229
4180.000	20.000	3998.047	0.229
4190.000	20.000	3998.047	0.041
4200.000	20.000	3998.047	0.041
4210.000	20.000	3998.047	0.041
4220.000	20.000	3998.047	-0.109
4230.000	20.000	3998.047	-0.109
4240.000	20.000	3998.047	-0.109
4250.000	20.000	3998.047	-0.252
4260.000	20.000	3998.047	-0.252
4270.000	20.000	3998.047	-0.252
4280.000	20.000	3998.047	-0.308
4290.000	20.000	3998.047	-0.308
4300.000	20.000	3998.047	-0.308
4310.000	20.000	3998.047	-0.264
4320.000	20.000	3998.047	-0.264
4330.000	20.000	3998.047	-0.264
4340.000	20.000	3998.047	-0.157
4350.000	20.000	3998.047	-0.157
4360.000	20.000	3998.047	-0.157
4370.000	20.000	3998.047	-0.030
4380.000	20.000	3998.047	-0.030
4390.000	20.000	3998.047	-0.030
4400.000	20.000	3994.141	0.084
4410.000	20.000	3994.141	0.084
4420.000	20.000	3994.141	0.084
4430.000	20.000	3998.047	0.241
4440.000	20.000	3998.047	0.241
4450.000	20.000	3998.047	0.241
4460.000	20.000	3998.047	0.392
4470.000	20.000	3998.047	0.392
4480.000	20.000	3998.047	0.392
4490.000	20.000	3998.047	0.498
4500.000	20.000	3998.047	0.498
4510.000	20.000	3998.047	0.498
4520.000	20.000	3998.047	0.504
4530.000	20.000	3998.047	0.504
4540.000	20.000	3998.047	0.504
4550.000	20.000	3998.047	0.500
4560.000	20.000	3998.047	0.500
4570.000	20.000	3998.047	0.500
4580.000	20.000	3998.047	0.396
4590.000	20.000	3998.047	0.396
4600.000	20.000	3998.047	0.396
4610.000	20.000	3998.047	0.281
4620.000	20.000	3998.047	0.281
4630.000	20.000	3998.047	0.281
4640.000	20.000	3998.047	0.153
4650.000	20.000	3998.047	0.153
4660.000	20.000	3998.047	0.153
4670.000	20.000	3998.047	0.088
4680.000	20.000	3998.047	0.088
4690.000	20.000	3998.047	0.088
4700.000	20.000	3998.047	0.062
4710.000	20.000	3998.047	0.062
4720.000	20.000	3998.047	0.062
4730.000	20.000	3998.047	0.062
4740.000	20.000	3998.047	0.062
4750.000	20.000	3998.047	0.062
4760.000	20.000	3998.047	0.057
4770.000	20.000	3998.047	0.057
4780.000	20.000	3998.047	0.057
4790.000	20.000	3998.047	0.038
4800.000	20.000	3998.047	0.038
4810.000	20.000	3998.047	0.038
4820.000	20.000	3998.047	0.060
4830.000	20.000	3998.047	0.060
4840.000	20.000	3998.047	0.060
4850.000	20.000	3998.047	0.111
4860.000	20.000	3998.047	0.111
4870.000	20.000	3998.047	0.111
4880.000	20.000	3998.047	0.156
4890.000	20.000	3998.047	0.156
4900.000	20.000	3998.047	0.156
4910.000	20.000	3998.047	0.202
4920.000	20.000	3998.047	0.202
4930.000	20.000	3998.047	0.202
4940.000	20.000	3998.047	0.281
4950.000	20.000	3998.047	0.281
4960.000	20.000	3998.047	0.281
4970.000	20.000	3998.047	0.298
4980.000	20.000	3998.047	0.298
4990.000	20.000	3998.047	0.298
5000.000	20.000	3998.047	0.309
5010.000	20.000	3998.047	0.309
5020.000	20.000	3998.047	0.309
5030.000	20.000	3998.047	0.290
5040.000	20.000	3998.047	0.290
5050.000	20.000	3998.047	0.290
5060.000	20.000	3998.047	0.262
5070.000	20.000	3998.047	0.262
5080.000	20.000	3998.047	0.262
5090.000	20.000	3998.047	0.213
5100.000	20.000	3998.047	0.213
5110.000	20.000	3998.047	0.213
5120.000	20.000	3998.047	0.174
5130.000	20.000	3998.047	0.174
5140.000	20.000	3998.047	0.174
5150.000	20.000	3998.047	0.141
5160.000	20.000	3998.047	0.141
5170.000	20.000	3998.047	0.141
5180.000	20.000	3998.047	0.118
5190.000	20.000	3998.047	0.118
5200.000	20.000	3998.047	0.118
5210.000	20.000	3998.047	0.130
5220.000	20.000	3998.047	0.130
5230.000	20.000	3998.047	0.130
5240.000	20.000	3998.047	0.104
5250.000	20.000	3998.047	0.104
5260.000	20.000	3998.047	0.104
5270.000	20.000	3998.047	0.119
5280.000	20.000	3998.047	0.119
5290.000	20.000	3998.047	0.119
5300.000	20.000	3998.047	0.173
5310.000	20.000	3998.047	0.173
5320.000	20.000	3998.047	0.173
5330.000	20.000	3998.047	0.173
5340.000	20.000	3998.047	0.173
5350.000	20.000	3998.047	0.173
5360.000	20.000	3998.047	0.203
5370.000	20.000	3998.047	0.203
5380.000	20.000	3998.047	0.203
5390.000	20.000	3998.047	0.215
5400.000	20.000	3998.047	0.215
5410.000	20.000	3998.047	0.215
5420.000	20.000	3998.047	0.243
5430.000	20.000	3998.047	0.243
5440.000	20.000	3998.047	0.243
5450.000	20.000	3998.047	0.210
5460.000	20.000	3998.047	0.210
5470.000	20.000	3998.047	0.210
5480.000	20.000	3998.047	0.225
5490.000	20.000	3998.047	0.225
5500.000	20.000	3998.047	0.225
5510.000	20.000	3998.047	0.201
5520.000	20.000	3998.047	0.201
5530.000	20.000	3998.047	0.201
5540.000	20.000	3998.047	0.212
5550.000	20.000	3998.047	0.212
5560.000	20.000	3998.047	0.212
5570.000	20.000	3998.047	0.186
5580.000	20.000	3998.047	0.186
5590.000	20.000	3998.047	0.186
5600.000	20.000	3998.047	0.188
5610.000	20.000	3998.047	0.188
5620.000	20.000	3998.047	0.188
5630.000	20.000	3998.047	0.178
5640.000	20.000	3998.047	0.178
5650.000	20.000	3998.047	0.178
5660.000	20.000	3998.047	0.163
5670.000	20.000	3998.047	0.163
5680.000	20.000	3998.047	0.163
5690.000	20.000	3998.047	0.172
5700.000	20.000	3998.047	0.172
5710.000	20.000	3998.047	0.172
5720.000	20.000	3998.047	0.167
5730.000	20.000	3998.047	0.167
5740.000	20.000	3998.047	0.167
5750.000	20.000	3998.047	0.191
5760.000	20.000	3998.047	0.191
5770.000	20.000	3998.047	0.191
5780.000	20.000	3998.047	0.166
5790.000	20.000	3998.047	0.166
5800.000	20.000	3998.047	0.166
5810.000	20.000	3998.047	0.203
5820.000	20.000	3998.047	0.203
5830.000	20.000	3998.047	0.203
5840.000	20.000	3998.047	0.216
5850.000	20.000	3998.047	0.216
5860.000	20.000	3998.047	0.216
5870.000	20.000	3998.047	0.194
5880.000	20.000	3998.047	0.194
5890.000	20.000	3998.047	0.194
5900.000	20.000	3998.047	0.211
5910.000	20.000	3998.047	0.211
5920.000	20.000	3998.047	0.211
5930.000	20.000	3998.047	0.199
5940.000	20.000	3998.047	0.199
5950.000	20.000	3998.047	0.199
5960.000	20.000	3998.047	0.212
5970.000	20.000	3998.047	0.212
5980.000	20.000	3998.047	0.212
5990.000	20.000	3998.047	0.184
6000.000	20.000	3998.047	0.184
6010.000	20.000	3998.047	0.184
6020.000	20.000	3998.047	0.196
6030.000	20.000	3998.047	0.196
6040.000	20.000	3998.047	0.196
6050.000	20.000	3998.047	0.197
6060.000	20.000	3998.047	0.197
6070.000	20.000	3998.047	0.197
6080.000	20.000	3998.047	0.179
6090.000	20.000	3998.047	0.179
6100.000	20.000	3998.047	0.179
6110.000	20.000	3998.047	0.172
6120.000	20.000	3998.047	0.172
6130.000	20.000	3998.047	0.172
6140.000	20.000	3998.047	0.163
6150.000	20.000	3998.047	0.163
6160.000	20.000	3998.047	0.163
6170.000	20.000	3998.047	0.174
6180.000	20.000	3998.047	0.174
6190.000	20.000	3998.047	0.174
6200.000	20.000	3998.047	0.177
6210.000	20.000	3998.047	0.177
6220.000	20.000	3998.047	0.177
6230.000	20.000	3998.047	0.177
6240.000	20.000	3998.047	0.177
6250.000	20.000	3998.047	0.177
6260.000	20.000	3998.047	0.203
6270.000	20.000	3998.047	0.203
6280.000	20.000	3998.047	0.203
6290.000	20.000	3998.047	0.210
6300.000	20.000	3998.047	0.210
6310.000	20.000	3998.047	0.210
6320.000	20.000	3998.047	0.204
6330.000	20.000	3998.047	0.204
6340.000	20.000	3998.047	0.204
6350.000	20.000	3998.047	0.199
6360.000	20.000	3998.047	0.199
6370.000	20.000	3998.047	0.199
6380.000	20.000	3998.047	0.197
6390.000	20.000	3998.047	0.197
6400.000	20.000	3998.047	0.197
6410.000	20.000	3998.047	0.188
6420.000	20.000	3998.047	0.188
6430.000	20.000	3998.047	0.188
6440.000	20.000	3998.047	0.175
6450.000	20.000	3998.047	0.175
6460.000	20.000	3998.047	0.175
6470.000	20.000	3998.047	0.161
6480.000	20.000	3998.047	0.161
6490.000	20.000	3998.047	0.161
6500.000	20.000	3998.047	0.174
6510.000	20.000	3998.047	0.174
6520.000	20.000	3998.047	0.174
6530.000	20.000	3998.047	0.167
6540.000	20.000	3998.047	0.167
6550.000	20.000	3998.047	0.167
6560.000	20.000	3998.047	0.156
6570.000	20.000	3998.047	0.156
6580.000	20.000	3998.047	0.156
6590.000	20.000	3998.047	0.165
6600.000	20.000	3998.047	0.165
6610.000	20.000	3998.047	0.165
6620.000	20.000	3998.047	0.211
6630.000	20.000	3998.047	0.211
6640.000	20.000	3998.047	0.211
6650.000	20.000	3998.047	0.185
6660.000	20.000	3998.047	0.185
6670.000	20.000	3998.047	0.185
6680.000	20.000	3998.047	0.171
6690.000	20.000	3998.047	0.171
6700.000	20.000	3998.047	0.171
6710.000	20.000	3998.047	0.190
6720.000	20.000	3998.047	0.190
6730.000	20.000	3998.047	0.190
6740.000	20.000	3998.047	0.184
6750.000	20.000	3998.047	0.184
6760.000	20.000	3998.047	0.184
6770.000	20.000	3998.047	0.189
6780.000	20.000	3998.047	0.189
6790.000	20.000	3998.047	0.189
6800.000	20.000	3998.047	0.173
6810.000	20.000	3998.047	0.173
6820.000	20.000	3998.047	0.173
6830.000	20.000	3998.047	0.185
6840.000	20.000	3998.047	0.185
6850.000	20.000	3998.047	0.185
6860.000	20.000	3998.047	0.205
6870.000	20.000	3998.047	0.205
6880.000	20.000	3998.047	0.205
6890.000	20.000	3998.047	0.194
6900.000	20.000	3998.047	0.194
6910.000	20.000	3998.047	0.194
6920.000	20.000	3998.047	0.184
6930.000	20.000	3998.047	0.184
6940.000	20.000	3998.047	0.184
6950.000	20.000	3998.047	0.181
6960.000	20.000	3998.047	0.181
6970.000	20.000	3998.047	0.181
6980.000	20.000	3998.047	0.169
6990.000	20.000	3998.047	0.169
7000.000	20.000	3998.047	0.169
7010.000	20.000	3998.047	0.201
7020.000	20.000	3998.047	0.201
7030.000	20.000	3998.047	0.201
7040.000	20.000	3998.047	0.203
7050.000	20.000	3998.047	0.203
7060.000	20.000	3998.047	0.203
7070.000	20.000	3998.047	0.184
7080.000	20.000	3998.047	0.184
7090.000	20.000	3998.047	0.184
7100.000	20.000	3998.047	0.190
7110.000	20.000	3998.047	0.190
7120.000	20.000	3998.047	0.190
7130.000	20.000	3998.047	0.207
7140.000	20.000	3998.047	0.207
7150.000	20.000	3998.047	0.207
7160.000	20.000	3998.047	0.191
7170.000	20.000	3998.047	0.191
7180.000	20.000	3998.047	0.191
7190.000	20.000	3998.047	0.189
7200.000	20.000	3998.047	0.189
7210.000	20.000	3998.047	0.189
7220.000	20.000	3998.047	0.197
7230.000	20.000	3998.047	0.197
7240.000	20.000	3998.047	0.197
7250.000	20.000	3998.047	0.202
7260.000	20.000	3998.047	0.202
7270.000	20.000	3998.047	0.202
7280.000	20.000	3998.047	0.176
7290.000	20.000	3998.047	0.176
7300.000	20.000	3998.047	0.176
7310.000	20.000	3998.047	0.173
7320.000	20.000	3998.047	0.173
7330.000	20.000	3998.047	0.173
7340.000	20.000	3998.047	0.173
7350.000	20.000	3998.047	0.173
7360.000	20.000	3998.047	0.173
7370.000	20.000	3998.047	0.174
7380.000	20.000	3998.047	0.174
7390.000	20.000	3998.047	0.174
7400.000	20.000	3998.047	0.191
7410.000	20.000	3998.047	0.191
7420.000	20.000	3998.047	0.191
7430.000	20.000	3998.047	0.194
7440.000	20.000	3998.047	0.194
7450.000	20.000	3998.047	0.194
7460.000	20.000	3998.047	0.185
7470.000	20.000	3998.047	0.185
7480.000	20.000	3998.047	0.185
7490.000	20.000	3998.047	0.189
7500.000	20.000	3998.047	0.189
7510.000	20.000	3998.047	0.189
7520.000	20.000	3998.047	0.191
7530.000	20.000	3998.047	0.191
7540.000	20.000	3998.047	0.191
7550.000	20.000	3998.047	0.200
7560.000	20.000	3998.047	0.200
7570.000	20.000	3998.047	0.200
7580.000	20.000	3998.047	0.169
7590.000	20.000	3998.047	0.169
7600.000	20.000	3998.047	0.169
7610.000	20.000	3998.047	0.183
7620.000	20.000	3998.047	0.183
7630.000	20.000	3998.047	0.183
7640.000	20.000	3998.047	0.184
7650.000	20.000	3998.047	0.184
7660.000	20.000	3998.047	0.184
7670.000	20.000	3998.047	0.169
7680.000	20.000	3998.047	0.169
7690.000	20.000	3998.047	0.169
7700.000	20.000	3998.047	0.174
7710.000	20.000	3998.047	0.174
7720.000	20.000	3998.047	0.174
7730.000	20.000	3998.047	0.167
7740.000	20.000	3998.047	0.167
7750.000	20.000	3998.047	0.167
7760.000	20.000	3998.047	0.198
7770.000	20.000	3998.047	0.198
7780.000	20.000	3998.047	0.198
7790.000	20.000	3998.047	0.168
7800.000	20.000	3998.047	0.168
7810.000	20.000	3998.047	0.168
7820.000	20.000	3998.047	0.183
7830.000	20.000	3998.047	0.183
7840.000	20.000	3998.047	0.183
7850.000	20.000	3998.047	0.193
7860.000	20.000	3998.047	0.193
7870.000	20.000	3998.047	0.193
7880.000	20.000	3998.047	0.187
7890.000	20.000	3998.047	0.187
7900.000	20.000	3998.047	0.187
7910.000	20.000	3998.047	0.194
7920.000	20.000	3998.047	0.194
7930.000	20.000	3998.047	0.194
7940.000	20.000	3998.047	0.176
7950.000	20.000	3998.047	0.176
7960.000	20.000	3998.047	0.176
7970.000	20.000	3998.047	0.204
7980.000	20.000	3998.047	0.204
7990.000	20.000	3998.047	0.204
8000.000	20.000	3998.047	0.191
8010.000	20.000	3998.047	0.191
8020.000	20.000	3998.047	0.191
8030.000	20.000	3998.047	0.211
8040.000	20.000	3998.047	0.211
8050.000	20.000	3998.047	0.211
8060.000	20.000	3998.047	0.179
8070.000	20.000	3998.047	0.179
8080.000	20.000	3998.047	0.179
8090.000	20.000	3998.047	0.166
8100.000	20.000	3998.047	0.166
8110.000	20.000	3998.047	0.166
8120.000	20.000	3998.047	0.187
8130.000	20.000	3998.047	0.187
8140.000	20.000	3998.047	0.187
8150.000	20.000	3998.047	0.202
8160.000	20.000	3998.047	0.202
8170.000	20.000	3998.047	0.202
8180.000	20.000	3998.047	0.183
8190.000	20.000	3998.047	0.183
8200.000	20.000	3998.047	0.183
8210.000	20.000	3998.047	0.188
8220.000	20.000	3998.047	0.188
8230.000	20.000	3998.047	0.188
8240.000	20.000	3998.047	0.173
8250.000	20.000	3998.047	0.173
8260.000	20.000	3998.047	0.173
8270.000	20.000	3998.047	0.198
8280.000	20.000	3998.047	0.198
8290.000	20.000	3998.047	0.198
8300.000	20.000	3998.047	0.180
8310.000	20.000	3998.047	0.180
8320.000	20.000	3998.047	0.180
8330.000	20.000	3998.047	0.161
8340.000	20.000	3998.047	0.161
8350.000	20.000	3998.047	0.161
8360.000	20.000	3998.047	0.181
8370.000	20.000	3998.047	0.181
8380.000	20.000	3998.047	0.181
8390.000	20.000	3998.047	0.184
8400.000	20.000	3998.047	0.184
8410.000	20.000	3998.047	0.184
8420.000	20.000	3998.047	0.170
8430.000	20.000	3998.047	0.170
8440.000	20.000	3998.047	0.170
8450.000	20.000	3998.047	0.195
8460.000	20.000	3998.047	0.195
8470.000	20.000	3998.047	0.195
8480.000	20.000	3998.047	0.189
8490.000	20.000	3998.047	0.189
8500.000	20.000	3998.047	0.189
8510.000	20.000	3998.047	0.171
8520.000	20.000	3998.047	0.171
8530.000	20.000	3998.047	0.171
8540.000	20.000	3998.047	0.174
8550.000	20.000	3998.047	0.174
8560.000	20.000	3998.047	0.174
8570.000	20.000	3998.047	0.181
8580.000	20.000	3998.047	0.181
8590.000	20.000	3998.047	0.181
8600.000	20.000	3998.047	0.174
8610.000	20.000	3998.047	0.174
8620.000	20.000	3998.047	0.174
8630.000	20.000	3998.047	0.197
8640.000	20.000	3998.047	0.197
8650.000	20.000	3998.047	0.197
8660.000	20.000	3998.047	0.194
8670.000	20.000	3998.047	0.194
8680.000	20.000	3998.047	0.194
8690.000	20.000	3998.047	0.202
8700.000	20.000	3998.047	0.202
8710.000	20.000	3998.047	0.202
8720.000	20.000	3998.047	0.185
8730.000	20.000	3998.047	0.185
8740.000	20.000	3998.047	0.185
8750.000	20.000	3998.047	0.188
8760.000	20.000	3998.047	0.188
8770.000	20.000	3998.047	0.188
8780.000	20.000	3998.047	0.161
8790.000	20.000	3998.047	0.161
8800.000	20.000	3998.047	0.161
8810.000	20.000	3998.047	0.194
8820.000	20.000	3998.047	0.194
8830.000	20.000	3998.047	0.194
8840.000	20.000	3998.047	0.182
8850.000	20.000	3998.047	0.182
8860.000	20.000	3998.047	0.182
8870.000	20.000	3998.047	0.175
8880.000	20.000	3998.047	0.175
8890.000	20.000	3998.047	0.175
8900.000	20.000	3998.047	0.193
8910.000	20.000	3998.047	0.193
8920.000	20.000	3998.047	0.193
8930.000	20.000	3998.047	0.195
8940.000	20.000	3998.047	0.195
8950.000	20.000	3998.047	0.195
8960.000	20.000	3998.047	0.181
8970.000	20.000	3998.047	0.181
8980.000	20.000	3998.047	0.181
8990.000	20.000	3998.047	0.185
9000.000	20.000	3998.047	0.185
9010.000	20.000	3998.047	0.185
9020.000	20.000	3998.047	0.188
9030.000	20.000	3998.047	0.188
9040.000	20.000	3998.047	0.188
9050.000	20.000	3998.047	0.169
9060.000	20.000	3998.047	0.169
9070.000	20.000	3998.047	0.169
9080.000	20.000	3998.047	0.193
9090.000	20.000	3998.047	0.193
9100.000	20.000	3998.047	0.193
9110.000	20.000	3998.047	0.183
9120.000	20.000	3998.047	0.183
9130.000	20.000	3998.047	0.183
9140.000	20.000	3998.047	0.201
9150.000	20.000	3998.047	0.201
9160.000	20.000	3998.047	0.201
9170.000	20.000	3998.047	0.186
9180.000	20.000	3998.047	0.186
9190.000	20.000	3998.047	0.186
9200.000	20.000	3998.047	0.174
9210.000	20.000	3998.047	0.174
9220.000	20.000	3998.047	0.174
9230.000	20.000	3998.047	0.170
9240.000	20.000	3998.047	0.170
9250.000	20.000	3998.047	0.170
9260.000	20.000	3998.047	0.168
9270.000	20.000	3998.047	0.168
9280.000	20.000	3998.047	0.168
9290.000	20.000	3998.047	0.185
9300.000	20.000	3998.047	0.185
9310.000	20.000	3998.047	0.185
9320.000	20.000	3998.047	0.184
9330.000	20.000	3998.047	0.184
9340.000	20.000	3998.047	0.184
9350.000	20.000	3998.047	0.196
9360.000	20.000	3998.047	0.196
9370.000	20.000	3998.047	0.196
9380.000	20.000	3998.047	0.205
9390.000	20.000	3998.047	0.205
9400.000	20.000	3998.047	0.205
9410.000	20.000	3998.047	0.153
9420.000	20.000	3998.047	0.153
9430.000	20.000	3998.047	0.153
9440.000	20.000	3998.047	0.153
9450.000	20.000	3998.047	0.153
9460.000	20.000	3998.047	0.153
9470.000	20.000	3998.047	0.183
9480.000	20.000	3998.047	0.183
9490.000	20.000	3998.047	0.183
9500.000	20.000	3998.047	0.169
9510.000	20.000	3998.047	0.169
9520.000	20.000	3998.047	0.169
9530.000	20.000	3998.047	0.185
9540.000	20.000	3998.047	0.185
9550.000	20.000	3998.047	0.185
9560.000	20.000	3998.047	0.207
9570.000	20.000	3998.047	0.207
9580.000	20.000	3998.047	0.207
9590.000	20.000	3998.047	0.201
9600.000	20.000	3998.047	0.201
9610.000	20.000	3998.047	0.201
9620.000	20.000	3998.047	0.214
9630.000	20.000	3998.047	0.214
9640.000	20.000	3998.047	0.214
9650.000	20.000	3998.047	0.207
9660.000	20.000	3998.047	0.207
9670.000	20.000	3998.047	0.207
9680.000	20.000	3998.047	0.178
9690.000	20.000	3998.047	0.178
9700.000	20.000	3998.047	0.178
9710.000	20.000	3998.047	0.184
9720.000	20.000	3998.047	0.184
9730.000	20.000	3998.047	0.184
9740.000	20.000	3998.047	0.187
9750.000	20.000	3998.047	0.187
9760.000	20.000	3998.047	0.187
9770.000	20.000	3998.047	0.198
9780.000	20.000	3998.047	0.198
9790.000	20.000	3998.047	0.198
9800.000	20.000	3998.047	0.187
9810.000	20.000	3998.047	0.187
9820.000	20.000	3998.047	0.187
9830.000	20.000	3998.047	0.175
9840.000	20.000	3998.047	0.175
9850.000	20.000	3998.047	0.175
9860.000	20.000	3998.047	0.180
9870.000	20.000	3998.047	0.180
9880.000	20.000	3998.047	0.180
9890.000	20.000	3998.047	0.180
9900.000	20.000	3998.047	0.180
9910.000	20.000	3998.047	0.180
9920.000	20.000	3998.047	0.187
9930.000	20.000	3998.047	0.187
9940.000	20.000	3998.047	0.187
9950.000	20.000	3998.047	0.171
9960.000	20.000	3998.047	0.171
9970.000	20.000	3998.047	0.171
9980.000	20.000	3998.047	0.184
9990.000	20.000	3998.047	0.184
10000.000	20.000	3998.047	0.184
10010.000	20.000	3998.047	0.193
10020.000	20.000	3998.047	0.193
10030.000	20.000	3998.047	0.193
10040.000	20.000	3998.047	0.199
10050.000	20.000	3998.047	0.199
10060.000	20.000	3998.047	0.199
10070.000	20.000	3998.047	0.175
10080.000	20.000	3998.047	0.175
10090.000	20.000	3998.047	0.175
10100.000	20.000	3998.047	0.187
10110.000	20.000	3998.047	0.187
10120.000	20.000	3998.047	0.187
10130.000	20.000	3998.047	0.198
10140.000	20.000	3998.047	0.198
10150.000	20.000	3998.047	0.198
10160.000	20.000	3998.047	0.196
10170.000	20.000	3998.047	0.196
10180.000	20.000	3998.047	0.196
10190.000	20.000	3998.047	0.194
10200.000	20.000	3998.047	0.194
10210.000	20.000	3998.047	0.194
10220.000	20.000	3998.047	0.187
10230.000	20.000	3998.047	0.187
10240.000	20.000	3998.047	0.187
10250.000	20.000	3998.047	0.183
10260.000	20.000	3998.047	0.183
10270.000	20.000	3998.047	0.183
10280.000	20.000	3998.047	0.164
10290.000	20.000	3998.047	0.164
10300.000	20.000	3998.047	0.164
10310.000	20.000	3998.047	0.215
10320.000	20.000	3998.047	0.215
10330.000	20.000	3998.047	0.215
10340.000	20.000	3998.047	0.196
10350.000	20.000	3998.047	0.196
10360.000	20.000	3998.047	0.196
10370.000	20.000	3998.047	0.180
10380.000	20.000	3998.047	0.180
10390.000	20.000	3998.047	0.180
10400.000	20.000	3998.047	0.184
10410.000	20.000	3998.047	0.184
10420.000	20.000	3998.047	0.184
10430.000	20.000	3998.047	0.182
10440.000	20.000	3998.047	0.182
10450.000	20.000	3998.047	0.182
10460.000	20.000	3998.047	0.165
10470.000	20.000	3998.047	0.165
10480.000	20.000	3998.047	0.165
10490.000	20.000	3998.047	0.170
10500.000	20.000	3998.047	0.170
10510.000	20.000	3998.047	0.170
10520.000	20.000	3998.047	0.202
10530.000	20.000	3998.047	0.202
10540.000	20.000	3998.047	0.202
10550.000	20.000	3998.047	0.166
10560.000	20.000	3998.047	0.166
10570.000	20.000	3998.047	0.166
10580.000	20.000	3998.047	0.176
10590.000	20.000	3998.047	0.176
10600.000	20.000	3998.047	0.176
10610.000	20.000	3998.047	0.170
10620.000	20.000	3998.047	0.170
10630.000	20.000	3998.047	0.170
10640.000	20.000	3998.047	0.201
10650.000	20.000	3998.047	0.201
10660.000	20.000	3998.047	0.201
10670.000	20.000	3998.047	0.187
10680.000	20.000	3998.047	0.187
10690.000	20.000	3998.047	0.187
10700.000	20.000	3998.047	0.184
10710.000	20.000	3998.047	0.184
10720.000	20.000	3998.047	0.184
10730.000	20.000	3998.047	0.174
10740.000	20.000	3998.047	0.174
10750.000	20.000	3998.047	0.174
10760.000	20.000	3998.047	0.168
10770.000	20.000	3998.047	0.168
10780.000	20.000	3998.047	0.168
10790.000	20.000	3998.047	0.172
10800.000	20.000	3998.047	0.172
10810.000	20.000	3998.047	0.172
10820.000	20.000	3998.047	0.181
10830.000	20.000	3998.047	0.181
10840.000	20.000	3998.047	0.181
10850.000	20.000	3998.047	0.201
10860.000	20.000	3998.047	0.201
10870.000	20.000	3998.047	0.201
10880.000	20.000	3998.047	0.202
10890.000	20.000	3998.047	0.202
10900.000	20.000	3998.047	0.202
10910.000	20.000	3998.047	0.206
10920.000	20.000	3998.047	0.206
10930.000	20.000	3998.047	0.206
10940.000	20.000	3998.047	0.163
10950.000	20.000	3998.047	0.163
10960.000	20.000	3998.047	0.163
10970.000	20.000	3998.047	0.164
10980.000	20.000	3998.047	0.164
10990.000	20.000	3998.047	0.164
11000.000	20.000	3998.047	0.196
11010.000	20.000	3998.047	0.196
11020.000	20.000	3998.047	0.196
11030.000	20.000	3998.047	0.175
11040.000	20.000	3998.047	0.175
11050.000	20.000	3998.047	0.175
11060.000	20.000	3998.047	0.179
11070.000	20.000	3998.047	0.179
11080.000	20.000	3998.047	0.179
11090.000	20.000	3998.047	0.176
11100.000	20.000	3998.047	0.176
11110.000	20.000	3998.047	0.176
11120.000	20.000	3998.047	0.082
11130.000	20.000	3998.047	0.082
11140.000	20.000	3998.047	0.082
11150.000	20.000	3998.047	0.028
11160.000	20.000	3998.047	0.028
11170.000	20.000	3998.047	0.028
11180.000	20.000	3998.047	0.021
11190.000	20.000	3998.047	0.021
11200.000	20.000	3998.047	0.021
11210.000	20.000	3998.047	0.000
11220.000	20.000	3998.047	0.000
11230.000	20.000	3998.047	0.000
11240.000	20.000	3998.047	-0.027
11250.000	20.000	3998.047	-0.027
11260.000	20.000	3998.047	-0.027
11270.000	20.000	3986.328	-0.004
11280.000	20.000	3986.328	-0.004
11290.000	20.000	3986.328	-0.004
11300.000	20.000	3998.047	0.004
11310.000	20.000	3998.047	0.004
11320.000	20.000	3998.047	0.004
11330.000	20.000	3955.078	-0.010
11340.000	20.000	3955.078	-0.010
11350.000	20.000	3955.078	-0.010
11360.000	20.000	3945.312	-0.023
11370.000	20.000	3945.312	-0.023
11380.000	20.000	3945.312	-0.023
11390.000	20.000	3937.500	0.002
11400.000	20.000	3937.500	0.002
11410.000	20.000	3937.500	0.002
11420.000	20.000	3869.141	-0.001
11430.000	20.000	3869.141	-0.001
11440.000	20.000	3869.141	-0.001
11450.000	20.000	3906.250	-0.020
11460.000	20.000	3906.250	-0.020
11470.000	20.000	3906.250	-0.020
11480.000	20.000	3884.766	0.012
11490.000	20.000	3884.766	0.012
11500.000	20.000	3884.766	0.012
11510.000	20.000	3894.531	-0.008
11520.000	20.000	3894.531	-0.008
11530.000	20.000	3894.531	-0.008
11540.000	20.000	3833.984	-0.010
11550.000	20.000	3833.984	-0.010
11560.000	20.000	3833.984	-0.010
11570.000	20.000	3863.281	-0.008
11580.000	20.000	3863.281	-0.008
11590.000	20.000	3863.281	-0.008
11600.000	20.000	3820.312	0.000
11610.000	20.000	3820.312	0.000
11620.000	20.000	3820.312	0.000
11630.000	20.000	3816.406	-0.011
11640.000	20.000	3816.406	-0.011
11650.000	20.000	3816.406	-0.011
11660.000	20.000	3783.203	0.011
11670.000	20.000	3783.203	0.011
11680.000	20.000	3783.203	0.011
11690.000	20.000	3757.812	-0.007
11700.000	20.000	3757.812	-0.007
11710.000	20.000	3757.812	-0.007
11720.000	20.000	3777.344	0.004
11730.000	20.000	3777.344	0.004
11740.000	20.000	3777.344	0.004
11750.000	20.000	3722.656	-0.005
11760.000	20.000	3722.656	-0.005
11770.000	20.000	3722.656	-0.005
11780.000	20.000	3697.266	-0.030
11790.000	20.000	3697.266	-0.030
11800.000	20.000	3697.266	-0.030
11810.000	20.000	3701.172	0.010
11820.000	20.000	3701.172	0.010
11830.000	20.000	3701.172	0.010
11840.000	20.000	3673.828	-0.002
11850.000	20.000	3673.828	-0.002
11860.000	20.000	3673.828	-0.002
11870.000	20.000	3642.578	-0.004
11880.000	20.000	3642.578	-0.004
11890.000	20.000	3642.578	-0.004
11900.000	20.000	3673.828	-0.007
11910.000	20.000	3673.828	-0.007
11920.000	20.000	3673.828	-0.007
11930.000	20.000	3660.156	-0.021
11940.000	20.000	3660.156	-0.021
11950.000	20.000	3660.156	-0.021
11960.000	20.000	3583.984	-0.002
11970.000	20.000	3583.984	-0.002
11980.000	20.000	3583.984	-0.002
11990.000	20.000	3607.422	-0.005
12000.000	20.000	3607.422	-0.005
12010.000	20.000	3607.422	-0.005
12020.000	20.000	3593.750	0.012
