%Time [ms]	Commanded Torque [mNm]	Angular Velocity [RPM]	Actual Current [Amp]	%2/21/202410:10 AM
0.000	0.000	0.000	0.000
20.000	20.000	-0.286	0.003
30.000	20.000	-0.213	0.004
40.000	20.000	-0.213	0.006
50.000	20.000	-0.140	0.006
60.000	20.000	-0.140	0.006
70.000	20.000	-0.140	0.004
80.000	20.000	-0.073	0.001
90.000	20.000	-0.073	0.001
100.000	20.000	-0.073	0.006
110.000	20.000	-0.073	0.007
120.000	20.000	0.073	0.007
130.000	20.000	0.073	0.004
140.000	20.000	0.146	0.002
150.000	20.000	0.146	0.006
160.000	20.000	0.146	0.006
170.000	20.000	0.220	0.003
180.000	20.000	0.220	0.006
190.000	20.000	0.293	0.003
200.000	20.000	0.293	0.006
210.000	20.000	0.293	0.007
220.000	20.000	0.293	0.003
230.000	20.000	0.366	0.003
240.000	20.000	0.293	0.004
250.000	20.000	0.366	0.006
260.000	20.000	0.366	0.004
270.000	20.000	0.366	0.004
280.000	20.000	0.366	0.007
290.000	20.000	0.366	0.004
300.000	20.000	0.439	0.007
310.000	20.000	0.439	0.004
320.000	20.000	0.439	0.009
330.000	20.000	0.439	0.007
340.000	20.000	0.439	0.007
350.000	20.000	0.439	0.006
360.000	20.000	0.439	0.006
370.000	20.000	0.439	0.006
380.000	20.000	0.513	0.003
390.000	20.000	0.513	0.004
400.000	20.000	0.513	0.004
410.000	20.000	0.586	0.004
420.000	20.000	0.586	0.006
430.000	20.000	0.586	0.006
440.000	20.000	0.586	0.007
450.000	20.000	0.586	0.006
460.000	20.000	0.586	0.006
470.000	20.000	0.659	0.004
480.000	20.000	0.732	0.002
490.000	20.000	0.732	0.002
500.000	20.000	0.732	0.006
510.000	20.000	0.732	0.004
520.000	20.000	0.732	0.004
530.000	20.000	0.806	0.004
540.000	20.000	0.732	0.007
550.000	20.000	0.732	0.007
560.000	20.000	0.732	0.007
570.000	20.000	0.586	0.004
580.000	20.000	0.586	0.004
590.000	20.000	0.586	0.006
600.000	20.000	0.513	0.004
610.000	20.000	0.513	0.004
620.000	20.000	0.513	0.002
630.000	20.000	0.439	0.003
640.000	20.000	0.439	0.003
650.000	20.000	0.366	0.007
660.000	20.000	0.366	0.004
670.000	20.000	0.366	0.007
680.000	20.000	0.366	0.006
690.000	20.000	0.293	0.008
700.000	20.000	0.293	0.008
710.000	20.000	0.220	0.004
720.000	20.000	0.293	0.004
730.000	20.000	0.293	0.004
740.000	20.000	0.220	0.006
750.000	20.000	0.220	0.006
760.000	20.000	0.146	0.006
770.000	20.000	0.146	0.007
780.000	20.000	0.073	0.007
790.000	20.000	0.073	0.006
800.000	20.000	0.146	0.006
810.000	20.000	0.146	0.003
820.000	20.000	0.073	0.004
830.000	20.000	0.073	0.006
840.000	20.000	0.073	0.003
850.000	20.000	0.073	0.006
860.000	20.000	0.073	0.004
870.000	20.000	0.073	0.004
880.000	20.000	0.073	0.007
890.000	20.000	0.073	0.004
900.000	20.000	0.000	0.003
910.000	20.000	0.000	0.007
920.000	20.000	0.000	0.008
930.000	20.000	0.000	0.007
940.000	20.000	0.000	0.004
950.000	20.000	-0.073	0.006
960.000	20.000	-0.073	0.004
970.000	20.000	-0.073	0.006
980.000	20.000	-0.073	0.006
990.000	20.000	-0.146	0.018
1000.000	20.000	-0.146	0.007
1010.000	20.000	-0.146	0.006
1020.000	20.000	-0.220	0.008
1030.000	20.000	-0.220	0.006
1040.000	20.000	-0.732	0.078
1050.000	20.000	-3.296	0.268
1060.000	20.000	-5.859	0.413
1070.000	20.000	-8.057	0.511
1080.000	20.000	-11.792	0.585
1090.000	20.000	-16.919	0.637
1100.000	20.000	-23.145	0.676
1110.000	20.000	-31.348	0.709
1120.000	20.000	-41.089	0.731
1130.000	20.000	-50.830	0.745
1140.000	20.000	-60.498	0.753
1150.000	20.000	-69.507	0.765
1160.000	20.000	-79.761	0.770
1170.000	20.000	-100.928	0.788
1180.000	20.000	-100.928	0.788
1190.000	20.000	-110.229	0.792
1200.000	20.000	-125.317	0.783
1210.000	20.000	-125.317	0.783
1220.000	20.000	-130.078	0.789
1230.000	20.000	-142.383	0.788
1240.000	20.000	-142.383	0.788
1250.000	20.000	-147.656	0.789
1260.000	20.000	-158.936	0.786
1270.000	20.000	-158.936	0.786
1280.000	20.000	-165.454	0.788
1290.000	20.000	-179.297	0.783
1300.000	20.000	-179.297	0.783
1310.000	20.000	-187.500	0.787
1320.000	20.000	-206.323	0.791
1330.000	20.000	-206.323	0.791
1340.000	20.000	-215.991	0.795
1350.000	20.000	-236.353	0.794
1360.000	20.000	-236.353	0.794
1370.000	20.000	-245.947	0.794
1380.000	20.000	-262.646	0.789
1390.000	20.000	-262.646	0.789
1400.000	20.000	-270.264	0.791
1410.000	20.000	-282.202	0.784
1420.000	20.000	-282.202	0.784
1430.000	20.000	-285.791	0.791
1440.000	20.000	-286.230	0.791
1450.000	20.000	-286.230	0.791
1460.000	20.000	-283.594	0.791
1470.000	20.000	-272.534	0.793
1480.000	20.000	-272.534	0.793
1490.000	20.000	-264.844	0.792
1500.000	20.000	-246.240	0.792
1510.000	20.000	-236.792	0.792
1520.000	20.000	-227.490	0.787
1530.000	20.000	-218.921	0.799
1540.000	20.000	-218.921	0.799
1550.000	20.000	-211.377	0.787
1560.000	20.000	-199.219	0.797
1570.000	20.000	-199.219	0.797
1580.000	20.000	-194.604	0.786
1590.000	20.000	-187.061	0.786
1600.000	20.000	-187.061	0.786
1610.000	20.000	-183.838	0.793
1620.000	20.000	-175.049	0.799
1630.000	20.000	-175.049	0.799
1640.000	20.000	-170.728	0.789
1650.000	20.000	-159.302	0.793
1660.000	20.000	-159.302	0.793
1670.000	20.000	-152.490	0.791
1680.000	20.000	-137.842	0.791
1690.000	20.000	-137.842	0.791
1700.000	20.000	-129.492	0.792
1710.000	20.000	-111.035	0.792
1720.000	20.000	-111.035	0.792
1730.000	20.000	-100.562	0.789
1740.000	20.000	-77.637	0.791
1750.000	20.000	-77.637	0.791
1760.000	20.000	-67.603	0.791
1770.000	20.000	-50.317	0.792
1780.000	20.000	-50.317	0.792
1790.000	20.000	-42.920	0.793
1800.000	20.000	-31.787	0.793
1810.000	20.000	-31.787	0.793
1820.000	20.000	-28.345	0.789
1830.000	20.000	-26.514	0.788
1840.000	20.000	-26.514	0.788
1850.000	20.000	-26.587	0.789
1860.000	20.000	-27.612	0.792
1870.000	20.000	-27.612	0.792
1880.000	20.000	-27.979	0.788
1890.000	20.000	-29.443	0.788
1900.000	20.000	-29.443	0.788
1910.000	20.000	-29.810	0.791
1920.000	20.000	-29.883	0.794
1930.000	20.000	-31.274	0.784
1940.000	20.000	-31.567	0.787
1950.000	20.000	-33.032	0.789
1960.000	20.000	-33.032	0.789
1970.000	20.000	-33.472	0.786
1980.000	20.000	-34.351	0.791
1990.000	20.000	-34.351	0.791
2000.000	20.000	-35.156	0.787
2010.000	20.000	-36.108	0.800
2020.000	20.000	-37.134	0.792
2030.000	20.000	-37.646	0.805
2040.000	20.000	-38.306	0.787
2050.000	20.000	-38.379	0.788
2060.000	20.000	-38.525	0.787
2070.000	20.000	-38.086	0.787
2080.000	20.000	-38.599	0.794
2090.000	20.000	-38.599	0.799
2100.000	20.000	-38.013	0.787
2110.000	20.000	-38.086	0.791
2120.000	20.000	-37.500	0.789
2130.000	20.000	-36.914	0.791
2140.000	20.000	-36.914	0.789
2150.000	20.000	-37.134	0.788
2160.000	20.000	-37.500	0.787
2170.000	20.000	-38.086	0.792
2180.000	20.000	-38.013	0.789
2190.000	20.000	-38.745	0.788
2200.000	20.000	-39.185	0.792
2210.000	20.000	-38.892	0.789
2220.000	20.000	-39.551	0.799
2230.000	20.000	-39.844	0.786
2240.000	20.000	-40.063	0.795
2250.000	20.000	-40.356	0.787
2260.000	20.000	-40.649	0.798
2270.000	20.000	-41.089	0.787
2280.000	20.000	-41.675	0.795
2290.000	20.000	-42.114	0.791
2300.000	20.000	-42.041	0.791
2310.000	20.000	-42.627	0.792
2320.000	20.000	-42.847	0.788
2330.000	20.000	-42.920	0.788
2340.000	20.000	-43.286	0.789
2350.000	20.000	-44.019	0.789
2360.000	20.000	-44.238	0.789
2370.000	20.000	-44.458	0.791
2380.000	20.000	-44.751	0.787
2390.000	20.000	-44.751	0.794
2400.000	20.000	-45.337	0.784
2410.000	20.000	-45.923	0.791
2420.000	20.000	-46.875	0.791
2430.000	20.000	-48.486	0.781
2440.000	20.000	-51.050	0.788
2450.000	20.000	-53.540	0.787
2460.000	20.000	-56.616	0.784
2470.000	20.000	-60.132	0.787
2480.000	20.000	-62.988	0.793
2490.000	20.000	-65.698	0.786
2500.000	20.000	-68.408	0.800
2510.000	20.000	-70.166	0.789
2520.000	20.000	-70.166	0.784
2530.000	20.000	-69.946	0.793
2540.000	20.000	-68.188	0.789
2550.000	20.000	-67.529	0.788
2560.000	20.000	-66.943	0.789
2570.000	20.000	-65.625	0.787
2580.000	20.000	-64.160	0.795
2590.000	20.000	-63.062	0.788
2600.000	20.000	-61.011	0.800
2610.000	20.000	-60.791	0.789
2620.000	20.000	-62.622	0.792
2630.000	20.000	-64.893	0.791
2640.000	20.000	-68.115	0.788
2650.000	20.000	-71.338	0.784
2660.000	20.000	-74.341	0.788
2670.000	20.000	-78.076	0.786
2680.000	20.000	-82.324	0.798
2690.000	20.000	-85.181	0.800
2700.000	20.000	-88.550	0.787
2710.000	20.000	-88.916	0.805
2720.000	20.000	-87.305	0.791
2730.000	20.000	-85.181	0.804
2740.000	20.000	-82.471	0.788
2750.000	20.000	-78.369	0.800
2760.000	20.000	-74.048	0.791
2770.000	20.000	-69.800	0.791
2780.000	20.000	-64.893	0.795
2790.000	20.000	-58.960	0.793
2800.000	20.000	-58.960	0.793
2810.000	20.000	-58.228	0.787
2820.000	20.000	-58.301	0.793
2830.000	20.000	-58.234	0.782
2840.000	20.000	-58.714	0.791
2850.000	20.000	-59.447	0.784
2860.000	20.000	-59.593	0.787
2870.000	20.000	-59.447	0.780
2880.000	20.000	-60.399	0.787
2890.000	20.000	-60.912	0.791
2900.000	20.000	-60.985	0.792
2910.000	20.000	-61.571	0.788
2920.000	20.000	-62.083	0.794
2930.000	20.000	-62.516	0.791
2940.000	20.000	-62.695	0.784
2950.000	20.000	-62.988	0.792
2960.000	20.000	-63.281	0.789
2970.000	20.000	-63.574	0.789
2980.000	20.000	-63.794	0.789
2990.000	20.000	-64.014	0.799
3000.000	20.000	-64.453	0.789
3010.000	20.000	-64.746	0.792
3020.000	20.000	-64.819	0.788
3030.000	20.000	-65.259	0.788
3040.000	20.000	-65.771	0.788
3050.000	20.000	-65.771	0.791
3060.000	20.000	-66.504	0.789
3070.000	20.000	-67.017	0.789
3080.000	20.000	-67.310	0.804
3090.000	20.000	-67.236	0.783
3100.000	20.000	-67.969	0.788
3110.000	20.000	-67.749	0.789
3120.000	20.000	-68.628	0.793
3130.000	20.000	-69.214	0.788
3140.000	20.000	-69.287	0.788
3150.000	20.000	-69.580	0.787
3160.000	20.000	-70.166	0.798
3170.000	20.000	-70.093	0.791
3180.000	20.000	-70.459	0.803
3190.000	20.000	-71.045	0.788
3200.000	20.000	-71.045	0.789
3210.000	20.000	-71.484	0.793
3220.000	20.000	-71.851	0.789
3230.000	20.000	-71.704	0.788
3240.000	20.000	-72.070	0.786
3250.000	20.000	-73.022	0.788
3260.000	20.000	-72.729	0.792
3270.000	20.000	-73.242	0.787
3280.000	20.000	-73.535	0.787
3290.000	20.000	-73.755	0.789
3300.000	20.000	-74.414	0.787
3310.000	20.000	-74.854	0.791
3320.000	20.000	-74.780	0.793
3330.000	20.000	-75.146	0.791
3340.000	20.000	-75.806	0.789
3350.000	20.000	-75.586	0.789
3360.000	20.000	-75.952	0.787
3370.000	20.000	-76.611	0.795
3380.000	20.000	-76.831	0.792
3390.000	20.000	-77.197	0.793
3400.000	20.000	-77.856	0.788
3410.000	20.000	-78.662	0.792
3420.000	20.000	-79.761	0.793
3430.000	20.000	-80.786	0.792
3440.000	20.000	-80.347	0.786
3450.000	20.000	-80.786	0.792
3460.000	20.000	-81.738	0.788
3470.000	20.000	-81.592	0.788
3480.000	20.000	-81.958	0.794
3490.000	20.000	-82.471	0.787
3500.000	20.000	-82.324	0.794
3510.000	20.000	-82.690	0.787
3520.000	20.000	-82.544	0.786
3530.000	20.000	-82.690	0.789
3540.000	20.000	-83.716	0.789
3550.000	20.000	-84.375	0.789
3560.000	20.000	-84.155	0.786
3570.000	20.000	-84.741	0.786
3580.000	20.000	-85.034	0.784
3590.000	20.000	-85.181	0.789
3600.000	20.000	-85.107	0.792
3610.000	20.000	-85.327	0.786
3620.000	20.000	-85.620	0.793
3630.000	20.000	-85.254	0.787
3640.000	20.000	-85.107	0.792
3650.000	20.000	-84.888	0.786
3660.000	20.000	-85.107	0.789
3670.000	20.000	-85.767	0.791
3680.000	20.000	-86.060	0.789
3690.000	20.000	-86.353	0.786
3700.000	20.000	-87.598	0.787
3710.000	20.000	-87.158	0.787
3720.000	20.000	-87.305	0.784
3730.000	20.000	-88.257	0.794
3740.000	20.000	-88.623	0.797
3750.000	20.000	-89.136	0.786
3760.000	20.000	-89.575	0.788
3770.000	20.000	-89.209	0.793
3780.000	20.000	-89.648	0.791
3790.000	20.000	-90.454	0.788
3800.000	20.000	-89.868	0.789
3810.000	20.000	-90.601	0.788
3820.000	20.000	-91.333	0.788
3830.000	20.000	-91.113	0.780
3840.000	20.000	-91.479	0.787
3850.000	20.000	-91.772	0.791
3860.000	20.000	-92.212	0.789
3870.000	20.000	-92.798	0.789
3880.000	20.000	-93.311	0.786
3890.000	20.000	-93.164	0.799
3900.000	20.000	-93.530	0.789
3910.000	20.000	-93.896	0.787
3920.000	20.000	-93.677	0.787
3930.000	20.000	-94.116	0.792
3940.000	20.000	-94.629	0.791
3950.000	20.000	-94.702	0.788
3960.000	20.000	-94.849	0.792
3970.000	20.000	-95.435	0.784
3980.000	20.000	-95.288	0.788
3990.000	20.000	-95.581	0.789
4000.000	20.000	-96.167	0.789
4010.000	20.000	-96.021	0.786
4020.000	20.000	-96.533	0.792
4030.000	20.000	-97.412	0.783
4040.000	20.000	-97.339	0.792
4050.000	20.000	-97.632	0.788
4060.000	20.000	-98.145	0.792
4070.000	20.000	-98.877	0.792
4080.000	20.000	-100.562	0.776
4090.000	20.000	-101.587	0.788
4100.000	20.000	-101.514	0.788
4110.000	20.000	-102.246	0.786
4120.000	20.000	-102.832	0.783
4130.000	20.000	-102.686	0.799
4140.000	20.000	-103.491	0.786
4150.000	20.000	-104.224	0.799
4160.000	20.000	-104.663	0.793
4170.000	20.000	-104.443	0.791
4180.000	20.000	-104.443	0.792
4190.000	20.000	-104.224	0.792
4200.000	20.000	-105.029	0.787
4210.000	20.000	-105.908	0.791
4220.000	20.000	-105.542	0.792
4230.000	20.000	-106.055	0.797
4240.000	20.000	-106.201	0.784
4250.000	20.000	-106.201	0.794
4260.000	20.000	-105.981	0.788
4270.000	20.000	-106.128	0.789
4280.000	20.000	-105.322	0.791
4290.000	20.000	-105.688	0.791
4300.000	20.000	-105.835	0.788
4310.000	20.000	-105.615	0.789
4320.000	20.000	-106.714	0.789
4330.000	20.000	-106.494	0.789
4340.000	20.000	-106.567	0.787
4350.000	20.000	-106.860	0.788
4360.000	20.000	-107.959	0.792
4370.000	20.000	-107.959	0.786
4380.000	20.000	-108.325	0.791
4390.000	20.000	-108.765	0.787
4400.000	20.000	-108.838	0.792
4410.000	20.000	-108.765	0.791
4420.000	20.000	-108.911	0.791
4430.000	20.000	-109.424	0.789
4440.000	20.000	-109.937	0.788
4450.000	20.000	-110.376	0.787
4460.000	20.000	-110.010	0.791
4470.000	20.000	-110.669	0.791
4480.000	20.000	-111.255	0.795
4490.000	20.000	-111.475	0.786
4500.000	20.000	-111.475	0.791
4510.000	20.000	-112.207	0.788
4520.000	20.000	-112.207	0.798
4530.000	20.000	-112.573	0.788
4540.000	20.000	-113.159	0.794
4550.000	20.000	-112.866	0.792
4560.000	20.000	-113.159	0.799
4570.000	20.000	-113.599	0.793
4580.000	20.000	-113.599	0.794
4590.000	20.000	-113.525	0.789
4600.000	20.000	-114.404	0.784
4610.000	20.000	-114.331	0.788
4620.000	20.000	-114.990	0.789
4630.000	20.000	-115.723	0.789
4640.000	20.000	-115.430	0.788
4650.000	20.000	-116.455	0.788
4660.000	20.000	-117.700	0.789
4670.000	20.000	-117.261	0.789
4680.000	20.000	-118.433	0.792
4690.000	20.000	-119.019	0.788
4700.000	20.000	-119.019	0.788
4710.000	20.000	-119.531	0.789
4720.000	20.000	-119.971	0.791
4730.000	20.000	-119.897	0.787
4740.000	20.000	-120.850	0.787
4750.000	20.000	-121.362	0.794
4760.000	20.000	-120.630	0.788
4770.000	20.000	-121.362	0.789
4780.000	20.000	-121.216	0.792
4790.000	20.000	-121.143	0.787
4800.000	20.000	-121.289	0.803
4810.000	20.000	-121.729	0.786
4820.000	20.000	-121.216	0.784
4830.000	20.000	-121.362	0.783
4840.000	20.000	-121.875	0.789
4850.000	20.000	-121.436	0.787
4860.000	20.000	-121.875	0.788
4870.000	20.000	-122.900	0.795
4880.000	20.000	-123.120	0.789
4890.000	20.000	-123.560	0.789
4900.000	20.000	-123.486	0.794
4910.000	20.000	-123.560	0.787
4920.000	20.000	-124.072	0.786
4930.000	20.000	-124.951	0.789
4940.000	20.000	-124.292	0.789
4950.000	20.000	-124.731	0.787
4960.000	20.000	-125.024	0.791
4970.000	20.000	-124.731	0.791
4980.000	20.000	-125.098	0.793
4990.000	20.000	-126.416	0.792
5000.000	20.000	-126.270	0.787
5010.000	20.000	-126.855	0.789
5020.000	20.000	-127.075	0.791
5030.000	20.000	-126.636	0.789
5040.000	20.000	-127.222	0.791
5050.000	20.000	-128.174	0.800
5060.000	20.000	-127.954	0.788
5070.000	20.000	-128.027	0.798
5080.000	20.000	-128.467	0.788
5090.000	20.000	-128.467	0.789
5100.000	20.000	-128.467	0.789
5110.000	20.000	-129.126	0.802
5120.000	20.000	-129.272	0.787
5130.000	20.000	-130.151	0.808
5140.000	20.000	-131.104	0.791
5150.000	20.000	-130.664	0.789
5160.000	20.000	-131.616	0.788
5170.000	20.000	-132.568	0.792
5180.000	20.000	-132.568	0.786
5190.000	20.000	-133.228	0.791
5200.000	20.000	-133.960	0.786
5210.000	20.000	-133.960	0.789
5220.000	20.000	-134.473	0.788
5230.000	20.000	-135.132	0.792
5240.000	20.000	-134.180	0.788
5250.000	20.000	-134.473	0.789
5260.000	20.000	-134.985	0.787
5270.000	20.000	-134.253	0.792
5280.000	20.000	-134.766	0.788
5290.000	20.000	-135.132	0.794
5300.000	20.000	-135.352	0.787
5310.000	20.000	-135.132	0.789
5320.000	20.000	-136.157	0.788
5330.000	20.000	-135.205	0.798
5340.000	20.000	-136.011	0.791
5350.000	20.000	-136.816	0.788
5360.000	20.000	-136.597	0.792
5370.000	20.000	-137.329	0.798
5380.000	20.000	-137.915	0.786
5390.000	20.000	-137.549	0.791
5400.000	20.000	-137.549	0.786
5410.000	20.000	-138.354	0.792
5420.000	20.000	-137.549	0.788
5430.000	20.000	-138.354	0.782
5440.000	20.000	-139.233	0.791
5450.000	20.000	-138.721	0.786
5460.000	20.000	-139.160	0.789
5470.000	20.000	-139.819	0.786
5480.000	20.000	-139.233	0.794
5490.000	20.000	-139.746	0.789
5500.000	20.000	-140.479	0.797
5510.000	20.000	-139.893	0.793
5520.000	20.000	-140.405	0.800
5530.000	20.000	-141.138	0.788
5540.000	20.000	-140.479	0.798
5550.000	20.000	-141.211	0.791
5560.000	20.000	-141.870	0.784
5570.000	20.000	-141.797	0.786
5580.000	20.000	-142.603	0.782
5590.000	20.000	-143.774	0.789
5600.000	20.000	-143.628	0.792
5610.000	20.000	-144.141	0.791
5620.000	20.000	-144.946	0.784
5630.000	20.000	-144.287	0.784
5640.000	20.000	-145.679	0.786
5650.000	20.000	-146.045	0.793
5660.000	20.000	-145.752	0.792
5670.000	20.000	-145.898	0.789
5680.000	20.000	-146.558	0.791
5690.000	20.000	-145.679	0.789
5700.000	20.000	-145.752	0.797
5710.000	20.000	-146.265	0.787
5720.000	20.000	-145.898	0.802
5730.000	20.000	-146.777	0.789
5740.000	20.000	-146.777	0.792
5750.000	20.000	-146.704	0.791
5760.000	20.000	-147.217	0.788
5770.000	20.000	-147.729	0.787
5780.000	20.000	-147.363	0.789
5790.000	20.000	-147.876	0.787
5800.000	20.000	-148.315	0.791
5810.000	20.000	-148.682	0.792
5820.000	20.000	-148.975	0.800
5830.000	20.000	-149.780	0.788
5840.000	20.000	-149.048	0.786
5850.000	20.000	-149.707	0.793
5860.000	20.000	-150.073	0.787
5870.000	20.000	-149.854	0.789
5880.000	20.000	-150.293	0.786
5890.000	20.000	-151.318	0.786
5900.000	20.000	-151.392	0.792
5910.000	20.000	-151.245	0.791
5920.000	20.000	-151.978	0.800
5930.000	20.000	-151.025	0.802
5940.000	20.000	-152.051	0.788
5950.000	20.000	-152.783	0.798
5960.000	20.000	-152.490	0.791
5970.000	20.000	-153.662	0.795
5980.000	20.000	-153.809	0.789
5990.000	20.000	-153.442	0.788
6000.000	20.000	-154.468	0.792
6010.000	20.000	-155.347	0.787
6020.000	20.000	-155.200	0.787
6030.000	20.000	-156.738	0.791
6040.000	20.000	-156.152	0.653
6050.000	20.000	-156.152	0.653
6060.000	20.000	-156.152	0.355
6070.000	20.000	-156.152	0.355
6080.000	20.000	-156.445	0.258
6090.000	20.000	-156.592	0.191
6100.000	20.000	-156.592	0.140
6110.000	20.000	-155.566	0.101
6120.000	20.000	-155.200	0.062
6130.000	20.000	-155.200	0.062
6140.000	20.000	-154.395	0.042
6150.000	20.000	-154.395	0.029
6160.000	20.000	-154.395	0.029
6170.000	20.000	-154.541	0.028
6180.000	20.000	-154.175	0.017
6190.000	20.000	-154.175	0.017
6200.000	20.000	-153.516	0.010
6210.000	20.000	-153.809	0.009
6220.000	20.000	-153.809	0.009
6230.000	20.000	-153.882	0.008
6240.000	20.000	-153.735	0.006
6250.000	20.000	-153.735	0.006
6260.000	20.000	-153.296	0.007
6270.000	20.000	-152.856	0.013
6280.000	20.000	-152.856	0.013
6290.000	20.000	-152.856	0.004
6300.000	20.000	-153.003	0.004
6310.000	20.000	-153.003	0.004
6320.000	20.000	-152.637	0.008
6330.000	20.000	-152.637	0.007
6340.000	20.000	-152.637	0.007
6350.000	20.000	-152.490	0.007
6360.000	20.000	-152.271	0.006
6370.000	20.000	-152.271	0.006
6380.000	20.000	-152.344	0.004
6390.000	20.000	-152.271	0.008
6400.000	20.000	-152.271	0.008
6410.000	20.000	-152.051	0.006
6420.000	20.000	-152.271	-0.002
6430.000	20.000	-152.271	-0.002
6440.000	20.000	-152.051	0.008
6450.000	20.000	-151.978	0.004
6460.000	20.000	-151.978	0.004
6470.000	20.000	-151.685	0.009
6480.000	20.000	-151.172	0.004
6490.000	20.000	-151.172	0.004
6500.000	20.000	-151.538	0.004
6510.000	20.000	-151.245	0.004
6520.000	20.000	-151.245	0.004
6530.000	20.000	-150.659	0.012
6540.000	20.000	-150.513	0.006
6550.000	20.000	-150.513	0.006
6560.000	20.000	-150.806	0.002
6570.000	20.000	-150.439	0.006
6580.000	20.000	-150.439	0.006
6590.000	20.000	-150.439	0.004
6600.000	20.000	-150.293	0.007
6610.000	20.000	-150.293	0.007
6620.000	20.000	-150.220	0.007
6630.000	20.000	-149.854	0.007
6640.000	20.000	-149.854	0.007
6650.000	20.000	-149.854	0.006
6660.000	20.000	-149.194	0.004
6670.000	20.000	-149.194	0.004
6680.000	20.000	-149.414	0.004
6690.000	20.000	-148.975	0.004
6700.000	20.000	-148.975	0.004
6710.000	20.000	-149.121	0.008
6720.000	20.000	-148.755	0.006
6730.000	20.000	-149.561	0.006
6740.000	20.000	-149.414	0.007
6750.000	20.000	-148.755	0.007
6760.000	20.000	-149.048	0.006
6770.000	20.000	-148.608	0.004
6780.000	20.000	-148.389	0.007
6790.000	20.000	-149.414	0.007
6800.000	20.000	-148.975	0.006
6810.000	20.000	-148.682	-0.000
6820.000	20.000	-148.682	0.004
6830.000	20.000	-147.803	0.010
6840.000	20.000	-147.949	0.007
6850.000	20.000	-149.121	0.006
6860.000	20.000	-148.315	0.007
6870.000	20.000	-148.169	0.010
6880.000	20.000	-148.242	0.008
6890.000	20.000	-147.217	0.006
6900.000	20.000	-147.363	0.004
6910.000	20.000	-147.949	0.009
6920.000	20.000	-147.290	0.007
6930.000	20.000	-147.437	0.001
6940.000	20.000	-147.290	0.006
6950.000	20.000	-145.972	0.007
6960.000	20.000	-146.411	0.006
6970.000	20.000	-147.437	0.007
6980.000	20.000	-146.851	0.002
6990.000	20.000	-146.704	0.004
7000.000	20.000	-147.070	0.006
7010.000	20.000	-146.118	0.007
7020.000	20.000	-146.411	0.007
