%Time [ms]	Commanded Torque [mNm]	Angular Velocity [RPM]	Actual Current [Amp]	%2/21/202410:07 AM
0.000	0.000	0.000	0.000
20.000	5.000	0.000	0.006
30.000	5.000	0.000	0.006
40.000	5.000	0.000	0.009
50.000	5.000	0.000	0.008
60.000	5.000	0.000	0.008
70.000	5.000	0.000	0.010
80.000	5.000	0.000	0.008
90.000	5.000	0.000	0.008
100.000	5.000	0.000	0.009
110.000	5.000	0.000	0.007
120.000	5.000	0.000	0.007
130.000	5.000	0.000	0.009
140.000	5.000	0.000	0.009
150.000	5.000	0.000	0.009
160.000	5.000	0.000	0.008
170.000	5.000	0.000	0.008
180.000	5.000	0.000	0.008
190.000	5.000	0.000	0.006
200.000	5.000	0.000	0.006
210.000	5.000	0.000	0.006
220.000	5.000	0.000	0.008
230.000	5.000	0.000	0.007
240.000	5.000	0.000	0.008
250.000	5.000	0.000	0.006
260.000	5.000	0.000	0.008
270.000	5.000	0.000	0.007
280.000	5.000	0.000	0.006
290.000	5.000	0.000	0.004
300.000	5.000	0.000	0.003
310.000	5.000	0.000	0.006
320.000	5.000	0.000	0.006
330.000	5.000	0.000	0.006
340.000	5.000	0.000	0.006
350.000	5.000	0.000	0.004
360.000	5.000	0.000	-0.000
370.000	5.000	0.000	0.006
380.000	5.000	0.000	0.008
390.000	5.000	0.000	0.008
400.000	5.000	0.000	0.007
410.000	5.000	0.000	0.007
420.000	5.000	0.000	0.006
430.000	5.000	0.000	0.004
440.000	5.000	0.000	0.006
450.000	5.000	0.000	0.004
460.000	5.000	0.000	0.006
470.000	5.000	0.000	0.003
480.000	5.000	0.000	0.004
490.000	5.000	0.000	0.007
500.000	5.000	0.000	0.006
510.000	5.000	0.000	0.008
520.000	5.000	0.000	0.008
530.000	5.000	0.000	0.007
540.000	5.000	0.000	0.004
550.000	5.000	0.000	0.003
560.000	5.000	0.000	0.007
570.000	5.000	0.000	0.004
580.000	5.000	0.000	0.007
590.000	5.000	0.000	0.006
600.000	5.000	0.000	0.003
610.000	5.000	0.000	0.018
620.000	5.000	0.000	0.008
630.000	5.000	0.000	0.006
640.000	5.000	0.000	0.006
650.000	5.000	0.000	0.006
660.000	5.000	0.000	0.008
670.000	5.000	0.000	0.002
680.000	5.000	0.000	0.004
690.000	5.000	0.000	0.007
700.000	5.000	0.000	0.008
710.000	5.000	0.000	0.007
720.000	5.000	0.000	0.006
730.000	5.000	0.000	0.004
740.000	5.000	0.000	0.004
750.000	5.000	0.000	0.004
760.000	5.000	0.000	0.010
770.000	5.000	0.000	0.007
780.000	5.000	0.000	0.006
790.000	5.000	0.000	0.004
800.000	5.000	0.000	0.007
810.000	5.000	0.000	-0.005
820.000	5.000	0.000	0.006
830.000	5.000	0.000	0.004
840.000	5.000	0.000	0.004
850.000	5.000	0.000	0.006
860.000	5.000	0.000	0.003
870.000	5.000	0.000	0.002
880.000	5.000	0.000	0.006
890.000	5.000	0.000	0.004
900.000	5.000	0.000	0.008
910.000	5.000	0.000	0.007
920.000	5.000	0.000	0.006
930.000	5.000	0.000	0.006
940.000	5.000	0.000	0.007
950.000	5.000	0.000	0.007
960.000	5.000	0.000	0.009
970.000	5.000	0.000	0.004
980.000	5.000	0.000	0.003
990.000	5.000	0.000	0.004
1000.000	5.000	0.000	0.003
1010.000	5.000	0.000	0.007
1020.000	5.000	0.000	0.008
1030.000	5.000	0.000	0.008
1040.000	5.000	-0.073	0.026
1050.000	5.000	-0.073	0.074
1060.000	5.000	-0.073	0.108
1070.000	5.000	-0.073	0.133
1080.000	5.000	-0.146	0.150
1090.000	5.000	-0.146	0.166
1100.000	5.000	-0.146	0.174
1110.000	5.000	-0.220	0.179
1120.000	5.000	-0.293	0.187
1130.000	5.000	-0.366	0.190
1140.000	5.000	-0.366	0.195
1150.000	5.000	-0.439	0.196
1160.000	5.000	-0.513	0.198
1170.000	5.000	-0.586	0.198
1180.000	5.000	-0.586	0.198
1190.000	5.000	-0.659	0.201
1200.000	5.000	-0.806	0.207
1210.000	5.000	-0.806	0.202
1220.000	5.000	-0.806	0.206
1230.000	5.000	-0.879	0.202
1240.000	5.000	-0.952	0.201
1250.000	5.000	-1.099	0.205
1260.000	5.000	-1.172	0.196
1270.000	5.000	-1.318	0.202
1280.000	5.000	-1.465	0.203
1290.000	5.000	-1.611	0.200
1300.000	5.000	-1.611	0.198
1310.000	5.000	-1.758	0.202
1320.000	5.000	-1.758	0.200
1330.000	5.000	-1.831	0.201
1340.000	5.000	-1.758	0.202
1350.000	5.000	-1.758	0.196
1360.000	5.000	-1.758	0.198
1370.000	5.000	-1.685	0.202
1380.000	5.000	-1.685	0.203
1390.000	5.000	-1.611	0.200
1400.000	5.000	-1.758	0.201
1410.000	5.000	-1.831	0.209
1420.000	5.000	-2.051	0.201
1430.000	5.000	-2.197	0.203
1440.000	5.000	-2.197	0.203
1450.000	5.000	-2.124	0.200
1460.000	5.000	-2.344	0.205
1470.000	5.000	-2.344	0.205
1480.000	5.000	-2.417	0.198
1490.000	5.000	-2.710	0.205
1500.000	5.000	-2.710	0.205
1510.000	5.000	-2.710	0.206
1520.000	5.000	-2.710	0.201
1530.000	5.000	-2.710	0.201
1540.000	5.000	-2.710	0.201
1550.000	5.000	-2.930	0.201
1560.000	5.000	-2.930	0.201
1570.000	5.000	-3.003	0.200
1580.000	5.000	-3.149	0.202
1590.000	5.000	-3.149	0.200
1600.000	5.000	-3.076	0.202
1610.000	5.000	-3.149	0.197
1620.000	5.000	-3.223	0.202
1630.000	5.000	-3.516	0.203
1640.000	5.000	-3.809	0.201
1650.000	5.000	-3.882	0.200
1660.000	5.000	-3.882	0.198
1670.000	5.000	-3.809	0.203
1680.000	5.000	-3.809	0.201
1690.000	5.000	-3.882	0.203
1700.000	5.000	-4.102	0.203
1710.000	5.000	-4.175	0.203
1720.000	5.000	-4.175	0.203
1730.000	5.000	-4.102	0.202
1740.000	5.000	-4.175	0.205
1750.000	5.000	-4.395	0.205
1760.000	5.000	-4.541	0.196
1770.000	5.000	-4.614	0.200
1780.000	5.000	-4.541	0.200
1790.000	5.000	-4.614	0.202
1800.000	5.000	-4.761	0.202
1810.000	5.000	-4.834	0.201
1820.000	5.000	-4.907	0.201
1830.000	5.000	-5.127	0.202
1840.000	5.000	-5.273	0.202
1850.000	5.000	-5.127	0.202
1860.000	5.000	-5.127	0.201
1870.000	5.000	-5.200	0.201
1880.000	5.000	-5.493	0.205
1890.000	5.000	-5.640	0.201
1900.000	5.000	-5.420	0.202
1910.000	5.000	-5.493	0.198
1920.000	5.000	-5.933	0.202
1930.000	5.000	-5.786	0.202
1940.000	5.000	-5.493	0.202
1950.000	5.000	-5.640	0.200
1960.000	5.000	-5.933	0.197
1970.000	5.000	-6.079	0.203
1980.000	5.000	-6.006	0.201
1990.000	5.000	-6.079	0.202
2000.000	5.000	-6.372	0.198
2010.000	5.000	-6.372	0.198
2020.000	5.000	-5.933	0.202
2030.000	5.000	-6.152	0.201
2040.000	5.000	-6.445	0.198
2050.000	5.000	-6.445	0.203
2060.000	5.000	-6.372	0.205
2070.000	5.000	-6.665	0.201
2080.000	5.000	-6.665	0.202
2090.000	5.000	-6.519	0.201
2100.000	5.000	-6.519	0.205
2110.000	5.000	-6.738	0.205
2120.000	5.000	-6.958	0.200
2130.000	5.000	-7.251	0.203
2140.000	5.000	-7.251	0.203
2150.000	5.000	-7.178	0.202
2160.000	5.000	-7.251	0.211
2170.000	5.000	-7.251	0.202
2180.000	5.000	-7.324	0.202
2190.000	5.000	-7.764	0.202
2200.000	5.000	-7.764	0.202
2210.000	5.000	-7.617	0.195
2220.000	5.000	-7.764	0.202
2230.000	5.000	-7.617	0.201
2240.000	5.000	-7.617	0.201
2250.000	5.000	-8.276	0.202
2260.000	5.000	-8.203	0.202
2270.000	5.000	-7.983	0.201
2280.000	5.000	-8.203	0.202
2290.000	5.000	-7.983	0.198
2300.000	5.000	-7.910	0.202
2310.000	5.000	-8.423	0.198
2320.000	5.000	-8.350	0.202
2330.000	5.000	-8.130	0.201
2340.000	5.000	-8.423	0.202
2350.000	5.000	-7.983	0.205
2360.000	5.000	-8.350	0.200
2370.000	5.000	-8.643	0.202
2380.000	5.000	-8.350	0.202
2390.000	5.000	-8.496	0.200
2400.000	5.000	-8.569	0.200
2410.000	5.000	-8.276	0.192
2420.000	5.000	-8.643	0.200
2430.000	5.000	-8.789	0.202
2440.000	5.000	-8.496	0.202
2450.000	5.000	-8.789	0.203
2460.000	5.000	-8.643	0.198
2470.000	5.000	-8.862	0.200
2480.000	5.000	-9.082	0.203
2490.000	5.000	-9.009	0.202
2500.000	5.000	-9.229	0.201
2510.000	5.000	-9.229	0.208
2520.000	5.000	-9.375	0.201
2530.000	5.000	-9.375	0.198
2540.000	5.000	-9.521	0.203
2550.000	5.000	-9.595	0.200
2560.000	5.000	-9.595	0.202
2570.000	5.000	-9.595	0.203
2580.000	5.000	-9.595	0.202
2590.000	5.000	-9.668	0.202
2600.000	5.000	-9.595	0.201
2610.000	5.000	-9.741	0.205
2620.000	5.000	-9.668	0.202
2630.000	5.000	-9.595	0.202
2640.000	5.000	-9.888	0.202
2650.000	5.000	-9.668	0.200
2660.000	5.000	-9.961	0.205
2670.000	5.000	-9.814	0.205
2680.000	5.000	-9.741	0.198
2690.000	5.000	-9.961	0.201
2700.000	5.000	-9.888	0.202
2710.000	5.000	-10.181	0.206
2720.000	5.000	-9.814	0.202
2730.000	5.000	-10.107	0.202
2740.000	5.000	-10.034	0.203
2750.000	5.000	-10.181	0.197
2760.000	5.000	-10.254	0.200
2770.000	5.000	-10.034	0.202
2780.000	5.000	-10.474	0.202
2790.000	5.000	-10.254	0.203
2800.000	5.000	-10.620	0.201
2810.000	5.000	-10.254	0.201
2820.000	5.000	-10.547	0.206
2830.000	5.000	-10.547	0.205
2840.000	5.000	-10.547	0.202
2850.000	5.000	-10.693	0.197
2860.000	5.000	-10.254	0.208
2870.000	5.000	-10.693	0.201
2880.000	5.000	-10.474	0.200
2890.000	5.000	-10.767	0.203
2900.000	5.000	-10.400	0.202
2910.000	5.000	-10.767	0.200
2920.000	5.000	-10.693	0.202
2930.000	5.000	-10.986	0.202
2940.000	5.000	-10.767	0.201
2950.000	5.000	-10.547	0.201
2960.000	5.000	-10.913	0.202
2970.000	5.000	-10.767	0.202
2980.000	5.000	-10.986	0.200
2990.000	5.000	-10.620	0.205
3000.000	5.000	-10.986	0.202
3010.000	5.000	-10.840	0.197
3020.000	5.000	-11.133	0.203
3030.000	5.000	-10.620	0.198
3040.000	5.000	-10.986	0.200
3050.000	5.000	-11.060	0.200
3060.000	5.000	-11.206	0.198
3070.000	5.000	-10.986	0.202
3080.000	5.000	-11.060	0.202
3090.000	5.000	-11.279	0.200
3100.000	5.000	-11.426	0.197
3110.000	5.000	-11.206	0.211
3120.000	5.000	-11.060	0.202
3130.000	5.000	-11.353	0.201
3140.000	5.000	-11.426	0.198
3150.000	5.000	-11.426	0.203
3160.000	5.000	-11.206	0.200
3170.000	5.000	-11.499	0.202
3180.000	5.000	-11.646	0.202
3190.000	5.000	-11.572	0.202
3200.000	5.000	-11.206	0.202
3210.000	5.000	-11.572	0.203
3220.000	5.000	-11.646	0.202
3230.000	5.000	-11.646	0.200
3240.000	5.000	-11.353	0.201
3250.000	5.000	-11.572	0.207
3260.000	5.000	-11.792	0.200
3270.000	5.000	-11.719	0.202
3280.000	5.000	-11.426	0.205
3290.000	5.000	-11.572	0.202
3300.000	5.000	-11.938	0.200
3310.000	5.000	-11.719	0.202
3320.000	5.000	-11.646	0.203
3330.000	5.000	-11.792	0.202
3340.000	5.000	-12.085	0.203
3350.000	5.000	-11.938	0.201
3360.000	5.000	-11.792	0.191
3370.000	5.000	-11.792	0.202
3380.000	5.000	-12.085	0.200
3390.000	5.000	-11.938	0.201
3400.000	5.000	-11.792	0.198
3410.000	5.000	-11.938	0.212
3420.000	5.000	-12.305	0.202
3430.000	5.000	-12.012	0.198
3440.000	5.000	-11.938	0.203
3450.000	5.000	-11.938	0.202
3460.000	5.000	-12.231	0.202
3470.000	5.000	-12.085	0.200
3480.000	5.000	-12.085	0.203
3490.000	5.000	-12.231	0.201
3500.000	5.000	-12.378	0.201
3510.000	5.000	-12.231	0.203
3520.000	5.000	-12.012	0.201
3530.000	5.000	-12.231	0.202
3540.000	5.000	-12.378	0.202
3550.000	5.000	-12.378	0.200
3560.000	5.000	-12.158	0.206
3570.000	5.000	-12.817	0.202
3580.000	5.000	-12.378	0.202
3590.000	5.000	-12.451	0.202
3600.000	5.000	-12.305	0.202
3610.000	5.000	-12.744	0.203
3620.000	5.000	-12.451	0.200
3630.000	5.000	-12.671	0.203
3640.000	5.000	-12.524	0.203
3650.000	5.000	-12.598	0.202
3660.000	5.000	-12.598	0.202
3670.000	5.000	-12.378	0.201
3680.000	5.000	-12.744	0.200
3690.000	5.000	-12.744	0.200
3700.000	5.000	-12.817	0.203
3710.000	5.000	-12.598	0.192
3720.000	5.000	-13.110	0.200
3730.000	5.000	-12.671	0.205
3740.000	5.000	-12.817	0.201
3750.000	5.000	-12.598	0.192
3760.000	5.000	-13.037	0.201
3770.000	5.000	-12.671	0.201
3780.000	5.000	-12.817	0.201
3790.000	5.000	-13.110	0.201
3800.000	5.000	-12.817	0.202
3810.000	5.000	-12.964	0.198
3820.000	5.000	-12.598	0.200
3830.000	5.000	-13.184	0.205
3840.000	5.000	-12.891	0.201
3850.000	5.000	-13.184	0.196
3860.000	5.000	-13.037	0.216
3870.000	5.000	-13.330	0.203
3880.000	5.000	-13.110	0.202
3890.000	5.000	-12.817	0.206
3900.000	5.000	-13.403	0.203
3910.000	5.000	-13.037	0.192
3920.000	5.000	-13.330	0.201
3930.000	5.000	-13.184	0.203
3940.000	5.000	-13.403	0.203
3950.000	5.000	-13.184	0.202
3960.000	5.000	-13.184	0.202
3970.000	5.000	-13.403	0.200
3980.000	5.000	-13.257	0.202
3990.000	5.000	-13.550	0.200
4000.000	5.000	-13.330	0.201
4010.000	5.000	-13.623	0.201
4020.000	5.000	-13.477	0.201
4030.000	5.000	-13.330	0.205
4040.000	5.000	-13.550	0.200
4050.000	5.000	-13.477	0.201
4060.000	5.000	-13.623	0.202
4070.000	5.000	-13.623	0.200
4080.000	5.000	-13.770	0.201
4090.000	5.000	-13.623	0.205
4100.000	5.000	-13.403	0.200
4110.000	5.000	-13.696	0.202
4120.000	5.000	-13.550	0.205
4130.000	5.000	-13.843	0.202
4140.000	5.000	-13.916	0.203
4150.000	5.000	-13.843	0.207
4160.000	5.000	-13.623	0.201
4170.000	5.000	-13.623	0.201
4180.000	5.000	-13.843	0.201
4190.000	5.000	-14.062	0.201
4200.000	5.000	-14.062	0.201
4210.000	5.000	-14.136	0.206
4220.000	5.000	-14.062	0.203
4230.000	5.000	-14.062	0.200
4240.000	5.000	-13.989	0.201
4250.000	5.000	-14.062	0.202
4260.000	5.000	-14.209	0.207
4270.000	5.000	-14.429	0.201
4280.000	5.000	-14.209	0.201
4290.000	5.000	-14.282	0.205
4300.000	5.000	-14.209	0.201
4310.000	5.000	-14.136	0.198
4320.000	5.000	-14.429	0.200
4330.000	5.000	-14.355	0.200
4340.000	5.000	-14.502	0.198
4350.000	5.000	-14.575	0.205
4360.000	5.000	-14.429	0.189
4370.000	5.000	-14.502	0.200
4380.000	5.000	-14.502	0.202
4390.000	5.000	-14.648	0.201
4400.000	5.000	-14.941	0.202
4410.000	5.000	-14.575	0.201
4420.000	5.000	-14.722	0.203
4430.000	5.000	-14.722	0.203
4440.000	5.000	-14.502	0.203
4450.000	5.000	-14.795	0.200
4460.000	5.000	-14.795	0.196
4470.000	5.000	-14.795	0.201
4480.000	5.000	-14.941	0.200
4490.000	5.000	-14.795	0.201
4500.000	5.000	-14.868	0.202
4510.000	5.000	-15.088	0.205
4520.000	5.000	-15.015	0.201
4530.000	5.000	-15.234	0.201
4540.000	5.000	-15.088	0.203
4550.000	5.000	-15.088	0.203
4560.000	5.000	-15.308	0.202
4570.000	5.000	-15.015	0.198
4580.000	5.000	-15.234	0.202
4590.000	5.000	-15.527	0.207
4600.000	5.000	-15.161	0.205
4610.000	5.000	-15.234	0.196
4620.000	5.000	-15.601	0.203
4630.000	5.000	-15.234	0.203
4640.000	5.000	-15.601	0.203
4650.000	5.000	-15.820	0.206
4660.000	5.000	-15.601	0.198
4670.000	5.000	-15.747	0.201
4680.000	5.000	-15.967	0.203
4690.000	5.000	-15.894	0.202
4700.000	5.000	-16.113	0.208
4710.000	5.000	-16.113	0.208
4720.000	5.000	-15.820	0.203
4730.000	5.000	-16.040	0.205
4740.000	5.000	-16.040	0.205
4750.000	5.000	-15.894	0.200
4760.000	5.000	-16.187	0.200
4770.000	5.000	-16.187	0.200
4780.000	5.000	-16.040	0.202
4790.000	5.000	-16.260	0.201
4800.000	5.000	-16.260	0.201
4810.000	5.000	-16.260	0.202
4820.000	5.000	-16.479	0.202
4830.000	5.000	-16.479	0.202
4840.000	5.000	-16.553	0.206
4850.000	5.000	-16.772	0.203
4860.000	5.000	-16.772	0.203
4870.000	5.000	-16.846	0.203
4880.000	5.000	-16.919	0.200
4890.000	5.000	-16.919	0.200
4900.000	5.000	-17.139	0.202
4910.000	5.000	-16.919	0.205
4920.000	5.000	-16.919	0.205
4930.000	5.000	-17.578	0.201
4940.000	5.000	-17.139	0.205
4950.000	5.000	-17.139	0.205
4960.000	5.000	-17.505	0.190
4970.000	5.000	-17.725	0.203
4980.000	5.000	-17.944	0.200
4990.000	5.000	-17.725	0.203
5000.000	5.000	-17.798	0.201
5010.000	5.000	-18.237	0.197
5020.000	5.000	-18.164	0.205
5030.000	5.000	-18.091	0.201
5040.000	5.000	-18.237	0.202
5050.000	5.000	-18.384	0.201
5060.000	5.000	-18.384	0.203
5070.000	5.000	-18.384	0.202
5080.000	5.000	-18.237	0.201
5090.000	5.000	-18.384	0.202
5100.000	5.000	-18.530	0.205
5110.000	5.000	-18.530	0.201
5120.000	5.000	-18.384	0.205
5130.000	5.000	-18.457	0.202
5140.000	5.000	-18.604	0.202
5150.000	5.000	-18.604	0.205
5160.000	5.000	-18.823	0.198
5170.000	5.000	-18.750	0.200
5180.000	5.000	-19.043	0.200
5190.000	5.000	-19.043	0.200
5200.000	5.000	-19.116	0.201
5210.000	5.000	-19.482	0.203
5220.000	5.000	-19.482	0.203
5230.000	5.000	-19.702	0.202
5240.000	5.000	-19.849	0.203
5250.000	5.000	-19.849	0.203
5260.000	5.000	-19.629	0.202
5270.000	5.000	-19.995	0.203
5280.000	5.000	-19.995	0.203
5290.000	5.000	-20.288	0.206
5300.000	5.000	-20.361	0.201
5310.000	5.000	-20.361	0.201
5320.000	5.000	-20.581	0.205
5330.000	5.000	-20.142	0.202
5340.000	5.000	-20.508	0.201
5350.000	5.000	-20.508	0.200
5360.000	5.000	-20.874	0.203
5370.000	5.000	-20.874	0.201
5380.000	5.000	-20.801	0.202
5390.000	5.000	-20.947	0.203
5400.000	5.000	-21.021	0.201
5410.000	5.000	-21.240	0.198
5420.000	5.000	-21.094	0.203
5430.000	5.000	-21.533	0.202
5440.000	5.000	-21.240	0.201
5450.000	5.000	-21.606	0.200
5460.000	5.000	-21.460	0.206
5470.000	5.000	-21.460	0.201
5480.000	5.000	-21.606	0.202
5490.000	5.000	-21.753	0.206
5500.000	5.000	-21.753	0.201
5510.000	5.000	-21.680	0.200
5520.000	5.000	-21.973	0.200
5530.000	5.000	-21.973	0.201
5540.000	5.000	-22.412	0.202
5550.000	5.000	-22.339	0.201
5560.000	5.000	-22.559	0.206
5570.000	5.000	-22.705	0.202
5580.000	5.000	-22.925	0.201
5590.000	5.000	-22.852	0.202
5600.000	5.000	-23.145	0.201
5610.000	5.000	-23.145	0.201
5620.000	5.000	-23.218	0.203
5630.000	5.000	-23.364	0.202
5640.000	5.000	-23.364	0.202
5650.000	5.000	-23.437	0.198
5660.000	5.000	-23.511	0.201
5670.000	5.000	-23.511	0.201
5680.000	5.000	-23.584	0.201
5690.000	5.000	-23.730	0.200
5700.000	5.000	-23.730	0.200
5710.000	5.000	-23.877	0.196
5720.000	5.000	-24.023	0.205
5730.000	5.000	-24.023	0.205
5740.000	5.000	-24.097	0.200
5750.000	5.000	-24.243	0.201
5760.000	5.000	-24.243	0.207
5770.000	5.000	-24.683	0.198
5780.000	5.000	-24.536	0.201
5790.000	5.000	-24.902	0.203
5800.000	5.000	-24.829	0.198
5810.000	5.000	-25.122	0.201
5820.000	5.000	-25.122	0.202
5830.000	5.000	-25.195	0.201
5840.000	5.000	-25.122	0.200
5850.000	5.000	-25.269	0.198
5860.000	5.000	-25.195	0.202
5870.000	5.000	-25.122	0.202
5880.000	5.000	-25.415	0.202
5890.000	5.000	-25.122	0.202
5900.000	5.000	-25.562	0.203
5910.000	5.000	-25.488	0.201
5920.000	5.000	-25.854	0.201
5930.000	5.000	-25.708	0.202
5940.000	5.000	-25.854	0.200
5950.000	5.000	-25.781	0.200
5960.000	5.000	-25.928	0.209
5970.000	5.000	-26.074	0.206
5980.000	5.000	-26.001	0.201
5990.000	5.000	-26.514	0.200
6000.000	5.000	-26.294	0.200
6010.000	5.000	-26.294	0.200
6020.000	5.000	-26.147	0.200
6030.000	5.000	-26.440	0.201
6040.000	5.000	-26.440	0.202
6050.000	5.000	-26.880	0.206
6060.000	5.000	-26.733	0.203
6070.000	5.000	-27.026	0.201
6080.000	5.000	-27.026	0.201
6090.000	5.000	-26.733	0.201
6100.000	5.000	-26.807	0.205
6110.000	5.000	-26.880	0.198
6120.000	5.000	-27.173	0.202
6130.000	5.000	-27.319	0.201
6140.000	5.000	-27.246	0.203
6150.000	5.000	-27.466	0.202
6160.000	5.000	-27.100	0.197
6170.000	5.000	-27.393	0.200
6180.000	5.000	-27.612	0.201
6190.000	5.000	-27.466	0.203
6200.000	5.000	-27.686	0.202
6210.000	5.000	-27.612	0.203
6220.000	5.000	-27.466	0.201
6230.000	5.000	-27.686	0.200
6240.000	5.000	-27.832	0.200
6250.000	5.000	-27.832	0.200
6260.000	5.000	-27.832	0.202
6270.000	5.000	-27.832	0.205
6280.000	5.000	-27.686	0.205
6290.000	5.000	-27.905	0.200
6300.000	5.000	-27.979	0.198
6310.000	5.000	-27.979	0.202
6320.000	5.000	-28.052	0.202
6330.000	5.000	-28.198	0.206
6340.000	5.000	-28.125	0.205
6350.000	5.000	-28.198	0.200
6360.000	5.000	-28.418	0.202
6370.000	5.000	-28.198	0.205
6380.000	5.000	-28.418	0.202
6390.000	5.000	-28.345	0.200
6400.000	5.000	-28.271	0.200
6410.000	5.000	-28.418	0.213
6420.000	5.000	-28.418	0.201
6430.000	5.000	-28.418	0.200
6440.000	5.000	-28.491	0.201
6450.000	5.000	-28.564	0.203
6460.000	5.000	-28.564	0.201
6470.000	5.000	-28.857	0.201
6480.000	5.000	-28.711	0.202
6490.000	5.000	-28.711	0.201
6500.000	5.000	-28.711	0.196
6510.000	5.000	-29.150	0.198
6520.000	5.000	-29.077	0.203
6530.000	5.000	-28.784	0.201
6540.000	5.000	-28.931	0.201
6550.000	5.000	-28.931	0.203
6560.000	5.000	-29.224	0.197
6570.000	5.000	-29.150	0.200
6580.000	5.000	-29.004	0.202
6590.000	5.000	-29.517	0.203
6600.000	5.000	-29.370	0.202
6610.000	5.000	-29.077	0.196
6620.000	5.000	-29.297	0.201
6630.000	5.000	-29.443	0.200
6640.000	5.000	-29.663	0.201
6650.000	5.000	-29.590	0.203
6660.000	5.000	-29.297	0.203
6670.000	5.000	-29.663	0.201
6680.000	5.000	-29.590	0.200
6690.000	5.000	-29.443	0.202
6700.000	5.000	-29.810	0.201
6710.000	5.000	-29.810	0.196
6720.000	5.000	-29.810	0.203
6730.000	5.000	-29.517	0.201
6740.000	5.000	-29.663	0.205
6750.000	5.000	-30.029	0.205
6760.000	5.000	-29.883	0.197
6770.000	5.000	-29.590	0.202
6780.000	5.000	-30.176	0.201
6790.000	5.000	-29.810	0.201
6800.000	5.000	-29.663	0.201
6810.000	5.000	-30.176	0.202
6820.000	5.000	-30.029	0.201
6830.000	5.000	-30.176	0.202
6840.000	5.000	-30.176	0.208
6850.000	5.000	-29.883	0.202
6860.000	5.000	-30.176	0.203
6870.000	5.000	-30.469	0.202
6880.000	5.000	-30.029	0.201
6890.000	5.000	-30.396	0.201
6900.000	5.000	-30.396	0.202
6910.000	5.000	-29.883	0.206
6920.000	5.000	-30.396	0.200
6930.000	5.000	-30.469	0.201
6940.000	5.000	-30.249	0.201
6950.000	5.000	-30.688	0.201
6960.000	5.000	-30.615	0.203
6970.000	5.000	-30.322	0.203
6980.000	5.000	-30.688	0.198
6990.000	5.000	-30.688	0.203
7000.000	5.000	-30.688	0.202
7010.000	5.000	-31.128	0.203
7020.000	5.000	-30.835	0.200
7030.000	5.000	-30.762	0.202
7040.000	5.000	-31.128	0.203
7050.000	5.000	-30.908	0.201
7060.000	5.000	-30.908	0.201
7070.000	5.000	-31.348	0.203
7080.000	5.000	-31.055	0.202
7090.000	5.000	-31.055	0.200
7100.000	5.000	-31.494	0.205
7110.000	5.000	-31.274	0.202
7120.000	5.000	-31.201	0.201
7130.000	5.000	-31.641	0.202
7140.000	5.000	-31.274	0.203
7150.000	5.000	-31.201	0.203
7160.000	5.000	-31.787	0.198
7170.000	5.000	-31.421	0.200
7180.000	5.000	-31.641	0.202
7190.000	5.000	-31.567	0.203
7200.000	5.000	-31.567	0.203
7210.000	5.000	-31.714	0.206
7220.000	5.000	-31.860	0.200
7230.000	5.000	-31.860	0.200
7240.000	5.000	-32.227	0.206
7250.000	5.000	-32.300	0.201
7260.000	5.000	-32.446	0.205
7270.000	5.000	-32.520	0.201
7280.000	5.000	-32.520	0.202
7290.000	5.000	-32.739	0.205
7300.000	5.000	-32.812	0.201
7310.000	5.000	-32.812	0.197
7320.000	5.000	-33.032	0.201
7330.000	5.000	-32.959	0.201
7340.000	5.000	-32.959	0.203
7350.000	5.000	-33.032	0.203
7360.000	5.000	-32.886	0.195
7370.000	5.000	-32.886	0.201
7380.000	5.000	-33.252	0.201
7390.000	5.000	-33.032	0.200
7400.000	5.000	-33.179	0.200
7410.000	5.000	-33.398	0.203
7420.000	5.000	-33.179	0.203
7430.000	5.000	-33.691	0.198
7440.000	5.000	-33.691	0.201
7450.000	5.000	-33.984	0.203
7460.000	5.000	-33.765	0.189
7470.000	5.000	-34.204	0.202
7480.000	5.000	-33.911	0.200
7490.000	5.000	-33.911	0.203
7500.000	5.000	-34.351	0.200
7510.000	5.000	-34.277	0.208
7520.000	5.000	-34.424	0.201
7530.000	5.000	-34.131	0.198
7540.000	5.000	-34.570	0.201
7550.000	5.000	-34.277	0.202
7560.000	5.000	-34.644	0.202
7570.000	5.000	-34.497	0.200
7580.000	5.000	-34.863	0.201
7590.000	5.000	-35.010	0.201
7600.000	5.000	-34.790	0.200
7610.000	5.000	-34.790	0.202
7620.000	5.000	-35.303	0.201
7630.000	5.000	-35.376	0.202
7640.000	5.000	-35.156	0.202
7650.000	5.000	-35.449	0.200
7660.000	5.000	-35.522	0.205
7670.000	5.000	-35.889	0.200
7680.000	5.000	-35.669	0.200
7690.000	5.000	-35.742	0.200
7700.000	5.000	-35.962	0.202
7710.000	5.000	-36.401	0.200
7720.000	5.000	-35.815	0.201
7730.000	5.000	-36.182	0.203
7740.000	5.000	-36.328	0.200
7750.000	5.000	-36.548	0.201
7760.000	5.000	-36.475	0.205
7770.000	5.000	-36.401	0.203
7780.000	5.000	-36.621	0.200
7790.000	5.000	-36.621	0.200
7800.000	5.000	-36.987	0.202
7810.000	5.000	-36.621	0.206
7820.000	5.000	-36.987	0.201
7830.000	5.000	-37.061	0.201
7840.000	5.000	-36.914	0.203
7850.000	5.000	-37.207	0.200
7860.000	5.000	-37.207	0.202
7870.000	5.000	-37.207	0.202
7880.000	5.000	-37.280	0.202
7890.000	5.000	-37.427	0.205
7900.000	5.000	-37.427	0.200
7910.000	5.000	-37.500	0.202
7920.000	5.000	-37.646	0.201
7930.000	5.000	-37.573	0.201
7940.000	5.000	-37.646	0.202
7950.000	5.000	-37.720	0.203
7960.000	5.000	-37.939	0.200
7970.000	5.000	-37.939	0.201
7980.000	5.000	-38.159	0.202
7990.000	5.000	-38.013	0.201
8000.000	5.000	-37.866	0.200
8010.000	5.000	-38.306	0.205
8020.000	5.000	-38.086	0.202
8030.000	5.000	-38.306	0.198
8040.000	5.000	-38.745	0.201
8050.000	5.000	-38.232	0.206
8060.000	5.000	-38.306	0.202
8070.000	5.000	-38.745	0.203
8080.000	5.000	-38.232	0.201
8090.000	5.000	-38.599	0.201
8100.000	5.000	-38.745	0.200
8110.000	5.000	-38.379	0.194
8120.000	5.000	-38.965	0.202
8130.000	5.000	-38.965	0.200
8140.000	5.000	-38.525	0.200
8150.000	5.000	-38.672	0.201
8160.000	5.000	-38.672	0.201
8170.000	5.000	-38.525	0.198
8180.000	5.000	-39.111	0.201
8190.000	5.000	-39.331	0.202
8200.000	5.000	-38.818	0.200
8210.000	5.000	-39.185	0.200
8220.000	5.000	-38.892	0.200
8230.000	5.000	-38.672	0.203
8240.000	5.000	-39.185	0.200
8250.000	5.000	-39.478	0.200
8260.000	5.000	-39.331	0.208
8270.000	5.000	-39.331	0.200
8280.000	5.000	-39.331	0.200
8290.000	5.000	-38.965	0.198
8300.000	5.000	-39.478	0.203
8310.000	5.000	-39.697	0.201
8320.000	5.000	-39.551	0.200
8330.000	5.000	-39.697	0.202
8340.000	5.000	-39.624	0.205
8350.000	5.000	-39.258	0.202
8360.000	5.000	-39.771	0.201
8370.000	5.000	-39.771	0.201
8380.000	5.000	-39.990	0.201
8390.000	5.000	-39.917	0.202
8400.000	5.000	-39.917	0.201
8410.000	5.000	-39.697	0.203
8420.000	5.000	-39.844	0.203
8430.000	5.000	-40.063	0.201
8440.000	5.000	-40.063	0.205
8450.000	5.000	-40.430	0.201
8460.000	5.000	-40.063	0.198
8470.000	5.000	-39.844	0.205
8480.000	5.000	-39.990	0.203
8490.000	5.000	-39.990	0.203
8500.000	5.000	-40.137	0.202
8510.000	5.000	-40.503	0.203
8520.000	5.000	-40.503	0.203
8530.000	5.000	-40.137	0.202
8540.000	5.000	-40.210	0.198
8550.000	5.000	-40.063	0.203
8560.000	5.000	-40.356	0.202
8570.000	5.000	-40.430	0.202
8580.000	5.000	-40.430	0.202
8590.000	5.000	-40.796	0.192
8600.000	5.000	-40.503	0.197
8610.000	5.000	-40.430	0.202
8620.000	5.000	-40.356	0.202
8630.000	5.000	-40.649	0.203
8640.000	5.000	-40.503	0.201
8650.000	5.000	-40.649	0.206
8660.000	5.000	-41.016	0.200
8670.000	5.000	-41.016	0.200
8680.000	5.000	-40.869	0.201
8690.000	5.000	-40.942	0.200
8700.000	5.000	-40.942	0.200
8710.000	5.000	-41.089	0.205
8720.000	5.000	-41.016	0.202
8730.000	5.000	-41.016	0.202
8740.000	5.000	-41.309	0.200
8750.000	5.000	-41.235	0.203
8760.000	5.000	-41.235	0.203
8770.000	5.000	-41.235	0.200
8780.000	5.000	-41.528	0.201
8790.000	5.000	-41.528	0.201
8800.000	5.000	-41.528	0.202
8810.000	5.000	-41.602	0.202
8820.000	5.000	-41.602	0.202
8830.000	5.000	-41.821	0.202
8840.000	5.000	-41.968	0.200
8850.000	5.000	-41.968	0.200
8860.000	5.000	-42.261	0.201
8870.000	5.000	-42.334	0.205
8880.000	5.000	-42.334	0.205
8890.000	5.000	-42.334	0.200
8900.000	5.000	-42.334	0.205
8910.000	5.000	-42.554	0.203
8920.000	5.000	-42.407	0.202
8930.000	5.000	-42.480	0.203
8940.000	5.000	-42.480	0.201
8950.000	5.000	-42.627	0.202
8960.000	5.000	-42.627	0.201
8970.000	5.000	-42.847	0.201
8980.000	5.000	-42.773	0.205
8990.000	5.000	-42.847	0.202
9000.000	5.000	-43.140	0.202
9010.000	5.000	-43.359	0.202
9020.000	5.000	-43.506	0.202
9030.000	5.000	-43.506	0.202
9040.000	5.000	-43.140	0.200
9050.000	5.000	-43.066	0.201
9060.000	5.000	-43.359	0.202
9070.000	5.000	-43.286	0.202
9080.000	5.000	-43.726	0.202
9090.000	5.000	-43.872	0.201
9100.000	5.000	-43.872	0.198
9110.000	5.000	-43.872	0.198
9120.000	5.000	-44.165	0.200
9130.000	5.000	-43.872	0.200
9140.000	5.000	-44.165	0.203
9150.000	5.000	-44.312	0.202
9160.000	5.000	-44.165	0.202
9170.000	5.000	-44.385	0.205
9180.000	5.000	-44.531	0.201
9190.000	5.000	-44.458	0.203
9200.000	5.000	-44.458	0.202
9210.000	5.000	-44.751	0.200
9220.000	5.000	-44.824	0.206
9230.000	5.000	-44.824	0.206
9240.000	5.000	-45.044	0.205
9250.000	5.000	-45.044	0.200
9260.000	5.000	-44.971	0.201
9270.000	5.000	-45.337	0.200
9280.000	5.000	-44.971	0.200
9290.000	5.000	-45.190	0.202
9300.000	5.000	-45.410	0.202
9310.000	5.000	-45.264	0.203
9320.000	5.000	-45.410	0.201
9330.000	5.000	-45.776	0.200
9340.000	5.000	-45.557	0.200
9350.000	5.000	-45.850	0.202
9360.000	5.000	-46.143	0.200
9370.000	5.000	-45.850	0.201
9380.000	5.000	-46.069	0.203
9390.000	5.000	-46.289	0.205
9400.000	5.000	-46.069	0.202
9410.000	5.000	-46.289	0.205
9420.000	5.000	-46.362	0.201
9430.000	5.000	-46.216	0.202
9440.000	5.000	-46.216	0.201
9450.000	5.000	-46.436	0.200
9460.000	5.000	-46.362	0.203
9470.000	5.000	-46.582	0.205
9480.000	5.000	-46.729	0.202
9490.000	5.000	-46.436	0.202
9500.000	5.000	-46.582	0.202
9510.000	5.000	-46.655	0.198
9520.000	5.000	-46.582	0.205
9530.000	5.000	-46.729	0.200
9540.000	5.000	-47.095	0.203
9550.000	5.000	-46.802	0.202
9560.000	5.000	-46.729	0.201
9570.000	5.000	-46.875	0.200
9580.000	5.000	-46.729	0.201
9590.000	5.000	-46.948	0.202
9600.000	5.000	-47.095	0.203
9610.000	5.000	-46.948	0.202
9620.000	5.000	-47.021	0.201
9630.000	5.000	-47.168	0.202
9640.000	5.000	-46.875	0.198
9650.000	5.000	-47.021	0.202
9660.000	5.000	-47.241	0.200
9670.000	5.000	-47.095	0.202
9680.000	5.000	-47.168	0.201
9690.000	5.000	-47.314	0.202
9700.000	5.000	-47.241	0.201
9710.000	5.000	-47.314	0.198
9720.000	5.000	-47.534	0.202
9730.000	5.000	-47.314	0.201
9740.000	5.000	-47.461	0.201
9750.000	5.000	-47.534	0.202
9760.000	5.000	-47.388	0.205
9770.000	5.000	-47.534	0.200
9780.000	5.000	-47.827	0.200
9790.000	5.000	-47.607	0.202
9800.000	5.000	-47.681	0.205
9810.000	5.000	-47.681	0.202
9820.000	5.000	-47.607	0.203
9830.000	5.000	-47.754	0.202
9840.000	5.000	-48.193	0.202
9850.000	5.000	-48.120	0.201
9860.000	5.000	-48.267	0.203
9870.000	5.000	-48.267	0.202
9880.000	5.000	-48.120	0.202
9890.000	5.000	-48.120	0.202
9900.000	5.000	-48.413	0.202
9910.000	5.000	-48.267	0.200
9920.000	5.000	-48.340	0.201
9930.000	5.000	-48.340	0.203
9940.000	5.000	-48.047	0.202
9950.000	5.000	-47.974	0.201
9960.000	5.000	-48.413	0.201
9970.000	5.000	-48.193	0.201
9980.000	5.000	-48.486	0.201
9990.000	5.000	-48.633	0.208
10000.000	5.000	-48.413	0.202
10010.000	5.000	-48.706	0.201
10020.000	5.000	-48.999	0.203
10030.000	5.000	-48.853	0.200
10040.000	5.000	-48.853	0.200
10050.000	5.000	-48.999	0.202
10060.000	5.000	-48.560	0.203
10070.000	5.000	-48.706	0.200
10080.000	5.000	-48.853	0.200
10090.000	5.000	-48.706	0.202
10100.000	5.000	-48.853	0.197
10110.000	5.000	-48.926	0.206
10120.000	5.000	-48.779	0.201
10130.000	5.000	-49.072	0.197
10140.000	5.000	-49.365	0.201
10150.000	5.000	-49.438	0.200
10160.000	5.000	-49.658	0.201
10170.000	5.000	-49.878	0.205
10180.000	5.000	-49.585	0.201
10190.000	5.000	-50.024	0.200
10200.000	5.000	-50.098	0.200
10210.000	5.000	-50.024	0.201
10220.000	5.000	-49.951	0.203
10230.000	5.000	-49.951	0.198
10240.000	5.000	-49.731	0.200
10250.000	5.000	-49.951	0.203
10260.000	5.000	-50.391	0.202
10270.000	5.000	-50.244	0.202
10280.000	5.000	-50.317	0.200
10290.000	5.000	-50.171	0.202
10300.000	5.000	-50.171	0.202
10310.000	5.000	-50.317	0.202
10320.000	5.000	-50.903	0.200
10330.000	5.000	-50.830	0.206
10340.000	5.000	-50.977	0.202
10350.000	5.000	-50.757	0.200
10360.000	5.000	-50.391	0.200
10370.000	5.000	-50.537	0.197
10380.000	5.000	-51.123	0.200
10390.000	5.000	-51.123	0.203
10400.000	5.000	-51.196	0.201
10410.000	5.000	-51.270	0.206
10420.000	5.000	-50.977	0.200
10430.000	5.000	-51.489	0.198
10440.000	5.000	-51.562	0.202
10450.000	5.000	-51.709	0.202
10460.000	5.000	-51.782	0.201
10470.000	5.000	-52.075	0.203
10480.000	5.000	-51.709	0.200
10490.000	5.000	-51.855	0.203
10500.000	5.000	-52.222	0.198
10510.000	5.000	-52.295	0.200
10520.000	5.000	-52.368	0.202
10530.000	5.000	-52.075	0.201
10540.000	5.000	-52.075	0.201
10550.000	5.000	-52.222	0.201
10560.000	5.000	-52.661	0.201
10570.000	5.000	-52.441	0.202
10580.000	5.000	-52.515	0.201
10590.000	5.000	-52.881	0.200
10600.000	5.000	-52.588	0.202
10610.000	5.000	-52.588	0.197
10620.000	5.000	-52.661	0.200
10630.000	5.000	-52.881	0.201
10640.000	5.000	-53.027	0.205
10650.000	5.000	-53.027	0.201
10660.000	5.000	-52.661	0.201
10670.000	5.000	-53.247	0.202
10680.000	5.000	-53.467	0.200
10690.000	5.000	-52.954	0.198
10700.000	5.000	-53.101	0.203
10710.000	5.000	-53.247	0.201
10720.000	5.000	-53.320	0.205
10730.000	5.000	-53.320	0.200
10740.000	5.000	-53.613	0.202
10750.000	5.000	-53.687	0.202
10760.000	5.000	-53.613	0.198
10770.000	5.000	-53.467	0.201
10780.000	5.000	-53.320	0.200
10790.000	5.000	-53.613	0.197
10800.000	5.000	-53.687	0.201
10810.000	5.000	-53.833	0.201
10820.000	5.000	-53.687	0.201
10830.000	5.000	-53.760	0.201
10840.000	5.000	-53.613	0.203
10850.000	5.000	-53.687	0.203
10860.000	5.000	-53.906	0.203
10870.000	5.000	-53.833	0.198
10880.000	5.000	-53.979	0.197
10890.000	5.000	-54.199	0.202
10900.000	5.000	-53.979	0.201
10910.000	5.000	-53.979	0.202
10920.000	5.000	-54.199	0.200
10930.000	5.000	-54.126	0.201
10940.000	5.000	-54.346	0.201
10950.000	5.000	-54.346	0.201
10960.000	5.000	-54.346	0.201
10970.000	5.000	-54.272	0.201
10980.000	5.000	-54.272	0.201
10990.000	5.000	-54.346	0.202
11000.000	5.000	-54.639	0.202
11010.000	5.000	-54.639	0.202
11020.000	5.000	-54.419	0.203
11030.000	5.000	-54.419	0.201
11040.000	5.000	-54.419	0.201
11050.000	5.000	-54.565	0.200
11060.000	5.000	-54.565	0.125
11070.000	5.000	-54.565	0.125
11080.000	5.000	-54.639	0.092
11090.000	5.000	-54.419	0.050
11100.000	5.000	-54.419	0.050
11110.000	5.000	-54.858	0.030
11120.000	5.000	-54.565	0.024
11130.000	5.000	-54.565	0.024
11140.000	5.000	-54.346	0.021
11150.000	5.000	-54.346	0.009
11160.000	5.000	-54.346	0.009
11170.000	5.000	-54.419	0.009
11180.000	5.000	-54.639	0.009
11190.000	5.000	-54.346	0.007
11200.000	5.000	-54.272	0.007
11210.000	5.000	-54.126	0.007
11220.000	5.000	-54.272	0.006
11230.000	5.000	-54.126	0.006
11240.000	5.000	-54.272	0.002
11250.000	5.000	-54.419	0.004
11260.000	5.000	-54.053	0.004
11270.000	5.000	-54.053	0.008
11280.000	5.000	-54.199	0.004
11290.000	5.000	-54.199	0.006
11300.000	5.000	-54.419	0.003
11310.000	5.000	-54.565	0.010
11320.000	5.000	-54.053	0.006
11330.000	5.000	-53.979	0.003
11340.000	5.000	-54.346	0.006
11350.000	5.000	-53.979	0.004
11360.000	5.000	-54.126	0.002
11370.000	5.000	-54.346	0.007
11380.000	5.000	-53.979	0.003
11390.000	5.000	-53.979	0.004
11400.000	5.000	-53.979	0.002
11410.000	5.000	-53.833	0.007
11420.000	5.000	-54.053	0.006
11430.000	5.000	-54.053	0.006
11440.000	5.000	-53.906	0.006
11450.000	5.000	-53.906	0.004
11460.000	5.000	-54.053	0.007
11470.000	5.000	-53.540	0.006
11480.000	5.000	-53.760	0.006
11490.000	5.000	-53.540	0.004
11500.000	5.000	-53.540	0.004
11510.000	5.000	-53.760	0.004
11520.000	5.000	-53.760	0.004
11530.000	5.000	-53.760	0.006
11540.000	5.000	-53.687	0.004
11550.000	5.000	-53.687	0.004
11560.000	5.000	-53.540	0.006
11570.000	5.000	-54.053	0.003
11580.000	5.000	-54.053	0.003
11590.000	5.000	-53.833	0.001
11600.000	5.000	-53.540	0.001
11610.000	5.000	-53.540	0.001
11620.000	5.000	-53.760	0.003
11630.000	5.000	-53.833	0.008
11640.000	5.000	-53.833	0.008
11650.000	5.000	-53.906	0.007
11660.000	5.000	-53.687	0.003
11670.000	5.000	-53.687	0.003
11680.000	5.000	-53.174	0.007
11690.000	5.000	-53.540	0.007
11700.000	5.000	-53.540	0.004
11710.000	5.000	-53.394	0.002
11720.000	5.000	-53.540	0.004
11730.000	5.000	-53.540	0.004
11740.000	5.000	-53.467	-0.002
11750.000	5.000	-53.247	0.003
11760.000	5.000	-53.247	0.003
11770.000	5.000	-53.174	0.006
11780.000	5.000	-53.394	0.006
11790.000	5.000	-53.394	0.006
11800.000	5.000	-53.467	0.007
11810.000	5.000	-52.954	0.004
11820.000	5.000	-52.954	0.004
11830.000	5.000	-52.954	0.007
11840.000	5.000	-53.174	0.007
11850.000	5.000	-53.174	0.007
11860.000	5.000	-53.101	0.002
11870.000	5.000	-53.101	0.007
11880.000	5.000	-53.101	0.007
11890.000	5.000	-52.588	0.010
11900.000	5.000	-52.441	0.003
11910.000	5.000	-52.441	0.003
11920.000	5.000	-52.734	0.003
11930.000	5.000	-52.295	0.004
11940.000	5.000	-52.295	0.004
11950.000	5.000	-52.441	0.008
11960.000	5.000	-52.441	0.006
11970.000	5.000	-52.441	0.006
11980.000	5.000	-52.075	0.004
11990.000	5.000	-52.368	0.004
12000.000	5.000	-52.368	0.004
12010.000	5.000	-52.368	0.006
12020.000	5.000	-52.075	0.004
