%Time [ms]	Commanded Torque [mNm]	Angular Velocity [RPM]	Actual Current [Amp]	%2/21/202410:04 AM
0.000	0.000	0.000	0.000
20.000	20.000	50.781	0.001
30.000	20.000	50.781	0.001
40.000	20.000	3.906	-0.008
50.000	20.000	3.906	-0.008
60.000	20.000	3.906	-0.008
70.000	20.000	21.484	0.016
80.000	20.000	21.484	0.016
90.000	20.000	21.484	0.016
100.000	20.000	29.297	0.021
110.000	20.000	29.297	0.021
120.000	20.000	29.297	0.021
130.000	20.000	27.344	0.021
140.000	20.000	27.344	0.021
150.000	20.000	27.344	0.021
160.000	20.000	-13.672	0.012
170.000	20.000	-13.672	0.012
180.000	20.000	-13.672	0.012
190.000	20.000	44.922	0.019
200.000	20.000	44.922	0.019
210.000	20.000	44.922	0.019
220.000	20.000	21.484	0.002
230.000	20.000	21.484	0.002
240.000	20.000	21.484	0.002
250.000	20.000	1.953	-0.008
260.000	20.000	1.953	-0.008
270.000	20.000	1.953	-0.008
280.000	20.000	15.625	-0.009
290.000	20.000	15.625	-0.009
300.000	20.000	15.625	-0.009
310.000	20.000	17.578	0.002
320.000	20.000	17.578	0.002
330.000	20.000	17.578	0.002
340.000	20.000	7.812	-0.007
350.000	20.000	7.812	-0.007
360.000	20.000	7.812	-0.007
370.000	20.000	21.484	0.015
380.000	20.000	21.484	0.015
390.000	20.000	21.484	0.015
400.000	20.000	13.672	0.010
410.000	20.000	13.672	0.010
420.000	20.000	13.672	0.010
430.000	20.000	1.953	-0.001
440.000	20.000	1.953	-0.001
450.000	20.000	1.953	-0.001
460.000	20.000	17.578	0.006
470.000	20.000	17.578	0.006
480.000	20.000	17.578	0.006
490.000	20.000	3.906	-0.021
500.000	20.000	3.906	-0.021
510.000	20.000	3.906	-0.021
520.000	20.000	11.719	-0.026
530.000	20.000	11.719	-0.026
540.000	20.000	11.719	-0.026
550.000	20.000	11.719	-0.014
560.000	20.000	11.719	-0.014
570.000	20.000	11.719	-0.014
580.000	20.000	0.000	-0.013
590.000	20.000	0.000	-0.013
600.000	20.000	0.000	-0.013
610.000	20.000	31.250	0.013
620.000	20.000	31.250	0.013
630.000	20.000	31.250	0.013
640.000	20.000	1.953	-0.023
650.000	20.000	1.953	-0.023
660.000	20.000	1.953	-0.023
670.000	20.000	7.812	-0.026
680.000	20.000	7.812	-0.026
690.000	20.000	7.812	-0.026
700.000	20.000	41.016	0.000
710.000	20.000	41.016	0.000
720.000	20.000	41.016	0.000
730.000	20.000	44.922	0.002
740.000	20.000	44.922	0.002
750.000	20.000	44.922	0.002
760.000	20.000	29.297	0.009
770.000	20.000	29.297	0.009
780.000	20.000	29.297	0.009
790.000	20.000	9.766	-0.021
800.000	20.000	9.766	-0.021
810.000	20.000	9.766	-0.021
820.000	20.000	33.203	0.014
830.000	20.000	33.203	0.014
840.000	20.000	33.203	0.014
850.000	20.000	13.672	-0.023
860.000	20.000	13.672	-0.023
870.000	20.000	13.672	-0.023
880.000	20.000	31.250	0.008
890.000	20.000	31.250	0.008
900.000	20.000	31.250	0.008
910.000	20.000	9.766	0.002
920.000	20.000	9.766	0.002
930.000	20.000	9.766	0.002
940.000	20.000	33.203	0.016
950.000	20.000	33.203	0.016
960.000	20.000	33.203	0.016
970.000	20.000	17.578	-0.001
980.000	20.000	17.578	-0.001
990.000	20.000	17.578	-0.001
1000.000	20.000	44.922	0.013
1010.000	20.000	44.922	0.013
1020.000	20.000	44.922	0.013
1030.000	20.000	29.297	0.011
1040.000	20.000	29.297	0.011
1050.000	20.000	29.297	0.011
1060.000	20.000	37.109	0.009
1070.000	20.000	37.109	0.009
1080.000	20.000	37.109	0.009
1090.000	20.000	25.391	0.329
1100.000	20.000	25.391	0.329
1110.000	20.000	25.391	0.329
1120.000	20.000	37.109	0.487
1130.000	20.000	37.109	0.487
1140.000	20.000	37.109	0.487
1150.000	20.000	72.266	0.562
1160.000	20.000	72.266	0.562
1170.000	20.000	72.266	0.562
1180.000	20.000	93.750	0.587
1190.000	20.000	93.750	0.587
1200.000	20.000	93.750	0.587
1210.000	20.000	220.703	0.617
1220.000	20.000	220.703	0.617
1230.000	20.000	220.703	0.617
1240.000	20.000	244.141	0.618
1250.000	20.000	244.141	0.618
1260.000	20.000	244.141	0.618
1270.000	20.000	287.109	0.598
1280.000	20.000	287.109	0.598
1290.000	20.000	287.109	0.598
1300.000	20.000	361.328	0.615
1310.000	20.000	361.328	0.615
1320.000	20.000	361.328	0.615
1330.000	20.000	402.344	0.616
1340.000	20.000	402.344	0.616
1350.000	20.000	402.344	0.616
1360.000	20.000	441.406	0.604
1370.000	20.000	441.406	0.604
1380.000	20.000	441.406	0.604
1390.000	20.000	488.281	0.603
1400.000	20.000	488.281	0.603
1410.000	20.000	488.281	0.603
1420.000	20.000	531.250	0.600
1430.000	20.000	531.250	0.600
1440.000	20.000	531.250	0.600
1450.000	20.000	574.219	0.604
1460.000	20.000	574.219	0.604
1470.000	20.000	574.219	0.604
1480.000	20.000	636.719	0.616
1490.000	20.000	636.719	0.616
1500.000	20.000	636.719	0.616
1510.000	20.000	677.734	0.613
1520.000	20.000	677.734	0.613
1530.000	20.000	677.734	0.613
1540.000	20.000	775.391	0.626
1550.000	20.000	775.391	0.626
1560.000	20.000	775.391	0.626
1570.000	20.000	710.937	0.600
1580.000	20.000	710.937	0.600
1590.000	20.000	710.937	0.600
1600.000	20.000	835.937	0.607
1610.000	20.000	835.937	0.607
1620.000	20.000	835.937	0.607
1630.000	20.000	847.656	0.611
1640.000	20.000	847.656	0.611
1650.000	20.000	847.656	0.611
1660.000	20.000	941.406	0.608
1670.000	20.000	941.406	0.608
1680.000	20.000	941.406	0.608
1690.000	20.000	939.453	0.624
1700.000	20.000	939.453	0.624
1710.000	20.000	939.453	0.624
1720.000	20.000	964.844	0.617
1730.000	20.000	964.844	0.617
1740.000	20.000	964.844	0.617
1750.000	20.000	1041.016	0.598
1760.000	20.000	1041.016	0.598
1770.000	20.000	1041.016	0.598
1780.000	20.000	1050.781	0.606
1790.000	20.000	1050.781	0.606
1800.000	20.000	1050.781	0.606
1810.000	20.000	1111.328	0.607
1820.000	20.000	1111.328	0.607
1830.000	20.000	1111.328	0.607
1840.000	20.000	1169.922	0.614
1850.000	20.000	1169.922	0.614
1860.000	20.000	1169.922	0.614
1870.000	20.000	1218.750	0.598
1880.000	20.000	1218.750	0.598
1890.000	20.000	1218.750	0.598
1900.000	20.000	1246.094	0.608
1910.000	20.000	1246.094	0.608
1920.000	20.000	1246.094	0.608
1930.000	20.000	1259.766	0.629
1940.000	20.000	1259.766	0.629
1950.000	20.000	1259.766	0.629
1960.000	20.000	1343.750	0.609
1970.000	20.000	1343.750	0.609
1980.000	20.000	1343.750	0.609
1990.000	20.000	1369.141	0.616
2000.000	20.000	1369.141	0.616
2010.000	20.000	1369.141	0.616
2020.000	20.000	1441.406	0.609
2030.000	20.000	1441.406	0.609
2040.000	20.000	1441.406	0.609
2050.000	20.000	1468.750	0.612
2060.000	20.000	1468.750	0.612
2070.000	20.000	1468.750	0.612
2080.000	20.000	1515.625	0.604
2090.000	20.000	1515.625	0.604
2100.000	20.000	1515.625	0.604
2110.000	20.000	1572.266	0.607
2120.000	20.000	1572.266	0.607
2130.000	20.000	1572.266	0.607
2140.000	20.000	1583.984	0.609
2150.000	20.000	1583.984	0.609
2160.000	20.000	1583.984	0.609
2170.000	20.000	1638.672	0.608
2180.000	20.000	1638.672	0.608
2190.000	20.000	1638.672	0.608
2200.000	20.000	1697.266	0.614
2210.000	20.000	1697.266	0.614
2220.000	20.000	1697.266	0.614
2230.000	20.000	1732.422	0.597
2240.000	20.000	1732.422	0.597
2250.000	20.000	1732.422	0.597
2260.000	20.000	1800.781	0.592
2270.000	20.000	1800.781	0.592
2280.000	20.000	1800.781	0.592
2290.000	20.000	1855.469	0.614
2300.000	20.000	1855.469	0.614
2310.000	20.000	1855.469	0.614
2320.000	20.000	1912.109	0.603
2330.000	20.000	1912.109	0.603
2340.000	20.000	1912.109	0.603
2350.000	20.000	1902.344	0.628
2360.000	20.000	1902.344	0.628
2370.000	20.000	1902.344	0.628
2380.000	20.000	1921.875	0.608
2390.000	20.000	1921.875	0.608
2400.000	20.000	1921.875	0.608
2410.000	20.000	2003.906	0.601
2420.000	20.000	2003.906	0.601
2430.000	20.000	2003.906	0.601
2440.000	20.000	2066.406	0.613
2450.000	20.000	2066.406	0.613
2460.000	20.000	2066.406	0.613
2470.000	20.000	2142.578	0.598
2480.000	20.000	2142.578	0.598
2490.000	20.000	2142.578	0.598
2500.000	20.000	2099.609	0.601
2510.000	20.000	2099.609	0.601
2520.000	20.000	2099.609	0.601
2530.000	20.000	2156.250	0.587
2540.000	20.000	2156.250	0.587
2550.000	20.000	2156.250	0.587
2560.000	20.000	2191.406	0.628
2570.000	20.000	2191.406	0.628
2580.000	20.000	2191.406	0.628
2590.000	20.000	2216.797	0.591
2600.000	20.000	2216.797	0.591
2610.000	20.000	2216.797	0.591
2620.000	20.000	2246.094	0.632
2630.000	20.000	2246.094	0.632
2640.000	20.000	2246.094	0.632
2650.000	20.000	2332.031	0.602
2660.000	20.000	2332.031	0.602
2670.000	20.000	2332.031	0.602
2680.000	20.000	2361.328	0.601
2690.000	20.000	2361.328	0.601
2700.000	20.000	2361.328	0.601
2710.000	20.000	2382.812	0.610
2720.000	20.000	2382.812	0.610
2730.000	20.000	2382.812	0.610
2740.000	20.000	2417.969	0.629
2750.000	20.000	2417.969	0.629
2760.000	20.000	2417.969	0.629
2770.000	20.000	2468.750	0.576
2780.000	20.000	2468.750	0.576
2790.000	20.000	2468.750	0.576
2800.000	20.000	2498.047	0.620
2810.000	20.000	2498.047	0.620
2820.000	20.000	2498.047	0.620
2830.000	20.000	2550.781	0.613
2840.000	20.000	2550.781	0.613
2850.000	20.000	2550.781	0.613
2860.000	20.000	2566.406	0.607
2870.000	20.000	2566.406	0.607
2880.000	20.000	2566.406	0.607
2890.000	20.000	2640.625	0.567
2900.000	20.000	2640.625	0.567
2910.000	20.000	2640.625	0.567
2920.000	20.000	2687.500	0.621
2930.000	20.000	2687.500	0.621
2940.000	20.000	2687.500	0.621
2950.000	20.000	2748.047	0.614
2960.000	20.000	2748.047	0.614
2970.000	20.000	2748.047	0.614
2980.000	20.000	2789.062	0.610
2990.000	20.000	2789.062	0.610
3000.000	20.000	2789.062	0.610
3010.000	20.000	2812.500	0.637
3020.000	20.000	2812.500	0.637
3030.000	20.000	2812.500	0.637
3040.000	20.000	2851.562	0.618
3050.000	20.000	2851.562	0.618
3060.000	20.000	2851.562	0.618
3070.000	20.000	2853.516	0.622
3080.000	20.000	2853.516	0.622
3090.000	20.000	2853.516	0.622
3100.000	20.000	2871.094	0.602
3110.000	20.000	2871.094	0.602
3120.000	20.000	2871.094	0.602
3130.000	20.000	2982.422	0.591
3140.000	20.000	2982.422	0.591
3150.000	20.000	2982.422	0.591
3160.000	20.000	3029.297	0.604
3170.000	20.000	3029.297	0.604
3180.000	20.000	3029.297	0.604
3190.000	20.000	3046.875	0.617
3200.000	20.000	3046.875	0.617
3210.000	20.000	3046.875	0.617
3220.000	20.000	3054.687	0.597
3230.000	20.000	3054.687	0.597
3240.000	20.000	3054.687	0.597
3250.000	20.000	3162.109	0.605
3260.000	20.000	3162.109	0.605
3270.000	20.000	3162.109	0.605
3280.000	20.000	3164.062	0.607
3290.000	20.000	3164.062	0.607
3300.000	20.000	3164.062	0.607
3310.000	20.000	3216.797	0.601
3320.000	20.000	3216.797	0.601
3330.000	20.000	3216.797	0.601
3340.000	20.000	3263.672	0.612
3350.000	20.000	3263.672	0.612
3360.000	20.000	3263.672	0.612
3370.000	20.000	3263.672	0.586
3380.000	20.000	3263.672	0.586
3390.000	20.000	3263.672	0.586
3400.000	20.000	3326.172	0.602
3410.000	20.000	3326.172	0.602
3420.000	20.000	3326.172	0.602
3430.000	20.000	3367.187	0.605
3440.000	20.000	3367.187	0.605
3450.000	20.000	3367.187	0.605
3460.000	20.000	3408.203	0.595
3470.000	20.000	3408.203	0.595
3480.000	20.000	3408.203	0.595
3490.000	20.000	3441.406	0.613
3500.000	20.000	3441.406	0.613
3510.000	20.000	3441.406	0.613
3520.000	20.000	3480.469	0.613
3530.000	20.000	3480.469	0.613
3540.000	20.000	3480.469	0.613
3550.000	20.000	3513.672	0.619
3560.000	20.000	3513.672	0.619
3570.000	20.000	3513.672	0.619
3580.000	20.000	3542.969	0.612
3590.000	20.000	3542.969	0.612
3600.000	20.000	3542.969	0.612
3610.000	20.000	3582.031	0.628
3620.000	20.000	3582.031	0.628
3630.000	20.000	3582.031	0.628
3640.000	20.000	3619.141	0.623
3650.000	20.000	3619.141	0.623
3660.000	20.000	3619.141	0.623
3670.000	20.000	3613.281	0.596
3680.000	20.000	3613.281	0.596
3690.000	20.000	3613.281	0.596
3700.000	20.000	3685.547	0.608
3710.000	20.000	3685.547	0.608
3720.000	20.000	3685.547	0.608
3730.000	20.000	3683.594	0.604
3740.000	20.000	3683.594	0.604
3750.000	20.000	3683.594	0.604
3760.000	20.000	3693.359	0.595
3770.000	20.000	3693.359	0.595
3780.000	20.000	3693.359	0.595
3790.000	20.000	3841.797	0.622
3800.000	20.000	3841.797	0.622
3810.000	20.000	3841.797	0.622
3820.000	20.000	3855.469	0.605
3830.000	20.000	3855.469	0.605
3840.000	20.000	3855.469	0.605
3850.000	20.000	3871.094	0.583
3860.000	20.000	3871.094	0.583
3870.000	20.000	3871.094	0.583
3880.000	20.000	3900.391	0.591
3890.000	20.000	3900.391	0.591
3900.000	20.000	3900.391	0.591
3910.000	20.000	3964.844	0.625
3920.000	20.000	3964.844	0.625
3930.000	20.000	3964.844	0.625
3940.000	20.000	3994.141	0.590
3950.000	20.000	3994.141	0.590
3960.000	20.000	3994.141	0.590
3970.000	20.000	3998.047	0.619
3980.000	20.000	3998.047	0.619
3990.000	20.000	3998.047	0.619
4000.000	20.000	3998.047	0.599
4010.000	20.000	3998.047	0.599
4020.000	20.000	3998.047	0.599
4030.000	20.000	3998.047	0.581
4040.000	20.000	3998.047	0.581
4050.000	20.000	3998.047	0.581
4060.000	20.000	3998.047	0.585
4070.000	20.000	3998.047	0.585
4080.000	20.000	3998.047	0.585
4090.000	20.000	3998.047	0.581
4100.000	20.000	3998.047	0.581
4110.000	20.000	3998.047	0.581
4120.000	20.000	3998.047	0.523
4130.000	20.000	3998.047	0.523
4140.000	20.000	3998.047	0.523
4150.000	20.000	3998.047	0.418
4160.000	20.000	3998.047	0.418
4170.000	20.000	3998.047	0.418
4180.000	20.000	3998.047	0.161
4190.000	20.000	3998.047	0.161
4200.000	20.000	3998.047	0.161
4210.000	20.000	3998.047	-0.022
4220.000	20.000	3998.047	-0.022
4230.000	20.000	3998.047	-0.022
4240.000	20.000	3998.047	-0.151
4250.000	20.000	3998.047	-0.151
4260.000	20.000	3998.047	-0.151
4270.000	20.000	3998.047	-0.275
4280.000	20.000	3998.047	-0.275
4290.000	20.000	3998.047	-0.275
4300.000	20.000	3998.047	-0.259
4310.000	20.000	3998.047	-0.259
4320.000	20.000	3998.047	-0.259
4330.000	20.000	3998.047	-0.213
4340.000	20.000	3998.047	-0.213
4350.000	20.000	3998.047	-0.213
4360.000	20.000	3998.047	-0.103
4370.000	20.000	3998.047	-0.103
4380.000	20.000	3998.047	-0.103
4390.000	20.000	3998.047	-0.001
4400.000	20.000	3998.047	-0.001
4410.000	20.000	3998.047	-0.001
4420.000	20.000	3972.656	0.142
4430.000	20.000	3972.656	0.142
4440.000	20.000	3972.656	0.142
4450.000	20.000	3998.047	0.321
4460.000	20.000	3998.047	0.321
4470.000	20.000	3998.047	0.321
4480.000	20.000	3998.047	0.395
4490.000	20.000	3998.047	0.395
4500.000	20.000	3998.047	0.395
4510.000	20.000	3998.047	0.486
4520.000	20.000	3998.047	0.486
4530.000	20.000	3998.047	0.486
4540.000	20.000	3998.047	0.529
4550.000	20.000	3998.047	0.529
4560.000	20.000	3998.047	0.529
4570.000	20.000	3998.047	0.465
4580.000	20.000	3998.047	0.465
4590.000	20.000	3998.047	0.465
4600.000	20.000	3998.047	0.369
4610.000	20.000	3998.047	0.369
4620.000	20.000	3998.047	0.369
4630.000	20.000	3998.047	0.282
4640.000	20.000	3998.047	0.282
4650.000	20.000	3998.047	0.282
4660.000	20.000	3998.047	0.179
4670.000	20.000	3998.047	0.179
4680.000	20.000	3998.047	0.179
4690.000	20.000	3998.047	0.096
4700.000	20.000	3998.047	0.096
4710.000	20.000	3998.047	0.096
4720.000	20.000	3998.047	0.076
4730.000	20.000	3998.047	0.076
4740.000	20.000	3998.047	0.076
4750.000	20.000	3998.047	0.049
4760.000	20.000	3998.047	0.049
4770.000	20.000	3998.047	0.049
4780.000	20.000	3998.047	0.047
4790.000	20.000	3998.047	0.047
4800.000	20.000	3998.047	0.047
4810.000	20.000	3998.047	0.070
4820.000	20.000	3998.047	0.070
4830.000	20.000	3998.047	0.070
4840.000	20.000	3998.047	0.065
4850.000	20.000	3998.047	0.065
4860.000	20.000	3998.047	0.065
4870.000	20.000	3998.047	0.096
4880.000	20.000	3998.047	0.096
4890.000	20.000	3998.047	0.096
4900.000	20.000	3998.047	0.173
4910.000	20.000	3998.047	0.173
4920.000	20.000	3998.047	0.173
4930.000	20.000	3998.047	0.223
4940.000	20.000	3998.047	0.223
4950.000	20.000	3998.047	0.223
4960.000	20.000	3998.047	0.275
4970.000	20.000	3998.047	0.275
4980.000	20.000	3998.047	0.275
4990.000	20.000	3998.047	0.329
5000.000	20.000	3998.047	0.329
5010.000	20.000	3998.047	0.329
5020.000	20.000	3998.047	0.315
5030.000	20.000	3998.047	0.315
5040.000	20.000	3998.047	0.315
5050.000	20.000	3998.047	0.306
5060.000	20.000	3998.047	0.306
5070.000	20.000	3998.047	0.306
5080.000	20.000	3998.047	0.274
5090.000	20.000	3998.047	0.274
5100.000	20.000	3998.047	0.274
5110.000	20.000	3998.047	0.246
5120.000	20.000	3998.047	0.246
5130.000	20.000	3998.047	0.246
5140.000	20.000	3998.047	0.204
5150.000	20.000	3998.047	0.204
5160.000	20.000	3998.047	0.204
5170.000	20.000	3998.047	0.170
5180.000	20.000	3998.047	0.170
5190.000	20.000	3998.047	0.170
5200.000	20.000	3998.047	0.128
5210.000	20.000	3998.047	0.128
5220.000	20.000	3998.047	0.128
5230.000	20.000	3998.047	0.131
5240.000	20.000	3998.047	0.131
5250.000	20.000	3998.047	0.131
5260.000	20.000	3998.047	0.117
5270.000	20.000	3998.047	0.117
5280.000	20.000	3998.047	0.117
5290.000	20.000	3998.047	0.127
5300.000	20.000	3998.047	0.127
5310.000	20.000	3998.047	0.127
5320.000	20.000	3998.047	0.132
5330.000	20.000	3998.047	0.132
5340.000	20.000	3998.047	0.132
5350.000	20.000	3998.047	0.172
5360.000	20.000	3998.047	0.172
5370.000	20.000	3998.047	0.172
5380.000	20.000	3998.047	0.196
5390.000	20.000	3998.047	0.196
5400.000	20.000	3998.047	0.196
5410.000	20.000	3998.047	0.216
5420.000	20.000	3998.047	0.216
5430.000	20.000	3998.047	0.216
5440.000	20.000	3998.047	0.220
5450.000	20.000	3998.047	0.220
5460.000	20.000	3998.047	0.220
5470.000	20.000	3998.047	0.229
5480.000	20.000	3998.047	0.229
5490.000	20.000	3998.047	0.229
5500.000	20.000	3998.047	0.234
5510.000	20.000	3998.047	0.234
5520.000	20.000	3998.047	0.234
5530.000	20.000	3998.047	0.230
5540.000	20.000	3998.047	0.230
5550.000	20.000	3998.047	0.230
5560.000	20.000	3998.047	0.221
5570.000	20.000	3998.047	0.221
5580.000	20.000	3998.047	0.221
5590.000	20.000	3998.047	0.215
5600.000	20.000	3998.047	0.215
5610.000	20.000	3998.047	0.215
5620.000	20.000	3998.047	0.183
5630.000	20.000	3998.047	0.183
5640.000	20.000	3998.047	0.183
5650.000	20.000	3998.047	0.181
5660.000	20.000	3998.047	0.181
5670.000	20.000	3998.047	0.181
5680.000	20.000	3998.047	0.157
5690.000	20.000	3998.047	0.157
5700.000	20.000	3998.047	0.157
5710.000	20.000	3998.047	0.152
5720.000	20.000	3998.047	0.152
5730.000	20.000	3998.047	0.152
5740.000	20.000	3998.047	0.172
5750.000	20.000	3998.047	0.172
5760.000	20.000	3998.047	0.172
5770.000	20.000	3998.047	0.170
5780.000	20.000	3998.047	0.170
5790.000	20.000	3998.047	0.170
5800.000	20.000	3998.047	0.179
5810.000	20.000	3998.047	0.179
5820.000	20.000	3998.047	0.179
5830.000	20.000	3998.047	0.179
5840.000	20.000	3998.047	0.179
5850.000	20.000	3998.047	0.179
5860.000	20.000	3998.047	0.200
5870.000	20.000	3998.047	0.200
5880.000	20.000	3998.047	0.200
5890.000	20.000	3998.047	0.210
5900.000	20.000	3998.047	0.210
5910.000	20.000	3998.047	0.210
5920.000	20.000	3998.047	0.210
5930.000	20.000	3998.047	0.210
5940.000	20.000	3998.047	0.210
5950.000	20.000	3998.047	0.181
5960.000	20.000	3998.047	0.181
5970.000	20.000	3998.047	0.181
5980.000	20.000	3998.047	0.201
5990.000	20.000	3998.047	0.201
6000.000	20.000	3998.047	0.201
6010.000	20.000	3998.047	0.191
6020.000	20.000	3998.047	0.191
6030.000	20.000	3998.047	0.191
6040.000	20.000	3998.047	0.190
6050.000	20.000	3998.047	0.190
6060.000	20.000	3998.047	0.190
6070.000	20.000	3998.047	0.179
6080.000	20.000	3998.047	0.179
6090.000	20.000	3998.047	0.179
6100.000	20.000	3998.047	0.076
6110.000	20.000	3998.047	0.076
6120.000	20.000	3998.047	0.076
6130.000	20.000	3998.047	0.038
6140.000	20.000	3998.047	0.038
6150.000	20.000	3998.047	0.038
6160.000	20.000	3998.047	0.009
6170.000	20.000	3998.047	0.009
6180.000	20.000	3998.047	0.009
6190.000	20.000	3998.047	-0.005
6200.000	20.000	3998.047	-0.005
6210.000	20.000	3998.047	-0.005
6220.000	20.000	3998.047	-0.001
6230.000	20.000	3998.047	-0.001
6240.000	20.000	3998.047	-0.001
6250.000	20.000	3998.047	-0.006
6260.000	20.000	3998.047	-0.006
6270.000	20.000	3998.047	-0.006
6280.000	20.000	3998.047	-0.007
6290.000	20.000	3998.047	-0.007
6300.000	20.000	3998.047	-0.007
6310.000	20.000	3996.094	-0.020
6320.000	20.000	3996.094	-0.020
6330.000	20.000	3996.094	-0.020
6340.000	20.000	3935.547	-0.017
6350.000	20.000	3935.547	-0.017
6360.000	20.000	3935.547	-0.017
6370.000	20.000	3941.406	-0.021
6380.000	20.000	3941.406	-0.021
6390.000	20.000	3941.406	-0.021
6400.000	20.000	3912.109	-0.008
6410.000	20.000	3912.109	-0.008
6420.000	20.000	3912.109	-0.008
6430.000	20.000	3882.812	0.011
6440.000	20.000	3882.812	0.011
6450.000	20.000	3882.812	0.011
6460.000	20.000	3882.812	-0.016
6470.000	20.000	3882.812	-0.016
6480.000	20.000	3882.812	-0.016
6490.000	20.000	3822.266	-0.014
6500.000	20.000	3822.266	-0.014
6510.000	20.000	3822.266	-0.014
6520.000	20.000	3824.219	0.010
6530.000	20.000	3824.219	0.010
6540.000	20.000	3824.219	0.010
6550.000	20.000	3867.187	-0.019
6560.000	20.000	3867.187	-0.019
6570.000	20.000	3867.187	-0.019
6580.000	20.000	3802.734	-0.004
6590.000	20.000	3802.734	-0.004
6600.000	20.000	3802.734	-0.004
6610.000	20.000	3791.016	0.005
6620.000	20.000	3791.016	0.005
6630.000	20.000	3791.016	0.005
6640.000	20.000	3769.531	-0.009
6650.000	20.000	3769.531	-0.009
6660.000	20.000	3769.531	-0.009
6670.000	20.000	3781.250	-0.017
6680.000	20.000	3781.250	-0.017
6690.000	20.000	3781.250	-0.017
6700.000	20.000	3773.437	-0.014
6710.000	20.000	3773.437	-0.014
6720.000	20.000	3773.437	-0.014
6730.000	20.000	3710.937	-0.003
6740.000	20.000	3710.937	-0.003
6750.000	20.000	3710.937	-0.003
6760.000	20.000	3720.703	0.018
6770.000	20.000	3720.703	0.018
6780.000	20.000	3720.703	0.018
6790.000	20.000	3697.266	-0.004
6800.000	20.000	3697.266	-0.004
6810.000	20.000	3697.266	-0.004
6820.000	20.000	3677.734	0.013
6830.000	20.000	3677.734	0.013
6840.000	20.000	3677.734	0.013
6850.000	20.000	3691.406	-0.006
6860.000	20.000	3691.406	-0.006
6870.000	20.000	3691.406	-0.006
6880.000	20.000	3666.016	-0.002
6890.000	20.000	3666.016	-0.002
6900.000	20.000	3666.016	-0.002
6910.000	20.000	3638.672	-0.008
6920.000	20.000	3638.672	-0.008
6930.000	20.000	3638.672	-0.008
6940.000	20.000	3654.297	0.001
6950.000	20.000	3654.297	0.001
6960.000	20.000	3654.297	0.001
6970.000	20.000	3591.797	-0.002
6980.000	20.000	3591.797	-0.002
6990.000	20.000	3591.797	-0.002
7000.000	20.000	3611.328	-0.025
7010.000	20.000	3611.328	-0.025
7020.000	20.000	3611.328	-0.025
