%Time [ms]	Commanded Torque [mNm]	Angular Velocity [RPM]	Actual Current [Amp]	%2/21/202410:06 AM
0.000	0.000	0.000	0.000
20.000	5.000	-1.953	-0.008
30.000	5.000	-1.953	-0.008
40.000	5.000	-1.953	-0.008
50.000	5.000	-11.719	0.008
60.000	5.000	-11.719	0.008
70.000	5.000	-11.719	0.008
80.000	5.000	9.766	-0.017
90.000	5.000	9.766	-0.017
100.000	5.000	9.766	-0.017
110.000	5.000	11.719	0.000
120.000	5.000	11.719	0.000
130.000	5.000	11.719	0.000
140.000	5.000	19.531	-0.021
150.000	5.000	19.531	-0.021
160.000	5.000	19.531	-0.021
170.000	5.000	-7.812	0.014
180.000	5.000	-7.812	0.014
190.000	5.000	-7.812	0.014
200.000	5.000	31.250	-0.003
210.000	5.000	31.250	-0.003
220.000	5.000	31.250	-0.003
230.000	5.000	15.625	-0.009
240.000	5.000	15.625	-0.009
250.000	5.000	15.625	-0.009
260.000	5.000	17.578	-0.002
270.000	5.000	17.578	-0.002
280.000	5.000	17.578	-0.002
290.000	5.000	-3.906	0.000
300.000	5.000	-3.906	0.000
310.000	5.000	-3.906	0.000
320.000	5.000	0.000	-0.004
330.000	5.000	0.000	-0.004
340.000	5.000	0.000	-0.004
350.000	5.000	7.812	-0.008
360.000	5.000	7.812	-0.008
370.000	5.000	7.812	-0.008
380.000	5.000	3.906	-0.009
390.000	5.000	3.906	-0.009
400.000	5.000	3.906	-0.009
410.000	5.000	9.766	0.000
420.000	5.000	9.766	0.000
430.000	5.000	9.766	0.000
440.000	5.000	-1.953	0.015
450.000	5.000	-1.953	0.015
460.000	5.000	-1.953	0.015
470.000	5.000	0.000	-0.022
480.000	5.000	0.000	-0.022
490.000	5.000	0.000	-0.022
500.000	5.000	37.109	0.012
510.000	5.000	37.109	0.012
520.000	5.000	37.109	0.012
530.000	5.000	7.812	-0.006
540.000	5.000	7.812	-0.006
550.000	5.000	7.812	-0.006
560.000	5.000	15.625	-0.012
570.000	5.000	15.625	-0.012
580.000	5.000	15.625	-0.012
590.000	5.000	15.625	-0.019
600.000	5.000	15.625	-0.019
610.000	5.000	15.625	-0.019
620.000	5.000	15.625	0.011
630.000	5.000	15.625	0.011
640.000	5.000	15.625	0.011
650.000	5.000	5.859	-0.011
660.000	5.000	5.859	-0.011
670.000	5.000	5.859	-0.011
680.000	5.000	-3.906	0.017
690.000	5.000	-3.906	0.017
700.000	5.000	-3.906	0.017
710.000	5.000	5.859	-0.019
720.000	5.000	5.859	-0.019
730.000	5.000	5.859	-0.019
740.000	5.000	27.344	-0.003
750.000	5.000	27.344	-0.003
760.000	5.000	27.344	-0.003
770.000	5.000	25.391	0.016
780.000	5.000	25.391	0.016
790.000	5.000	25.391	0.016
800.000	5.000	15.625	-0.002
810.000	5.000	15.625	-0.002
820.000	5.000	15.625	-0.002
830.000	5.000	25.391	-0.003
840.000	5.000	25.391	-0.003
850.000	5.000	25.391	-0.003
860.000	5.000	44.922	-0.006
870.000	5.000	44.922	-0.006
880.000	5.000	44.922	-0.006
890.000	5.000	1.953	-0.024
900.000	5.000	1.953	-0.024
910.000	5.000	1.953	-0.024
920.000	5.000	1.953	-0.009
930.000	5.000	1.953	-0.009
940.000	5.000	1.953	-0.009
950.000	5.000	17.578	0.004
960.000	5.000	17.578	0.004
970.000	5.000	17.578	0.004
980.000	5.000	-9.766	0.011
990.000	5.000	-9.766	0.011
1000.000	5.000	-9.766	0.011
1010.000	5.000	3.906	-0.025
1020.000	5.000	3.906	-0.025
1030.000	5.000	3.906	-0.025
1040.000	5.000	5.859	-0.020
1050.000	5.000	5.859	-0.020
1060.000	5.000	5.859	-0.020
1070.000	5.000	-17.578	0.004
1080.000	5.000	-17.578	0.004
1090.000	5.000	-17.578	0.004
1100.000	5.000	11.719	0.057
1110.000	5.000	11.719	0.057
1120.000	5.000	11.719	0.057
1130.000	5.000	-23.437	0.138
1140.000	5.000	-23.437	0.138
1150.000	5.000	-23.437	0.138
1160.000	5.000	-17.578	0.140
1170.000	5.000	-17.578	0.140
1180.000	5.000	-17.578	0.140
1190.000	5.000	-19.531	0.146
1200.000	5.000	-19.531	0.146
1210.000	5.000	-19.531	0.146
1220.000	5.000	41.016	0.148
1230.000	5.000	41.016	0.148
1240.000	5.000	41.016	0.148
1250.000	5.000	54.687	0.168
1260.000	5.000	54.687	0.168
1270.000	5.000	54.687	0.168
1280.000	5.000	11.719	0.148
1290.000	5.000	11.719	0.148
1300.000	5.000	11.719	0.148
1310.000	5.000	42.969	0.149
1320.000	5.000	42.969	0.149
1330.000	5.000	42.969	0.149
1340.000	5.000	78.125	0.147
1350.000	5.000	78.125	0.147
1360.000	5.000	78.125	0.147
1370.000	5.000	54.687	0.162
1380.000	5.000	54.687	0.162
1390.000	5.000	54.687	0.162
1400.000	5.000	95.703	0.160
1410.000	5.000	95.703	0.160
1420.000	5.000	95.703	0.160
1430.000	5.000	74.219	0.138
1440.000	5.000	74.219	0.138
1450.000	5.000	74.219	0.138
1460.000	5.000	97.656	0.151
1470.000	5.000	97.656	0.151
1480.000	5.000	97.656	0.151
1490.000	5.000	91.797	0.146
1500.000	5.000	91.797	0.146
1510.000	5.000	91.797	0.146
1520.000	5.000	117.187	0.146
1530.000	5.000	117.187	0.146
1540.000	5.000	117.187	0.146
1550.000	5.000	136.719	0.168
1560.000	5.000	136.719	0.168
1570.000	5.000	136.719	0.168
1580.000	5.000	150.391	0.165
1590.000	5.000	150.391	0.165
1600.000	5.000	150.391	0.165
1610.000	5.000	162.109	0.163
1620.000	5.000	162.109	0.163
1630.000	5.000	162.109	0.163
1640.000	5.000	130.859	0.130
1650.000	5.000	130.859	0.130
1660.000	5.000	130.859	0.130
1670.000	5.000	175.781	0.171
1680.000	5.000	175.781	0.171
1690.000	5.000	175.781	0.171
1700.000	5.000	201.172	0.167
1710.000	5.000	201.172	0.167
1720.000	5.000	201.172	0.167
1730.000	5.000	160.156	0.145
1740.000	5.000	160.156	0.145
1750.000	5.000	160.156	0.145
1760.000	5.000	167.969	0.145
1770.000	5.000	167.969	0.145
1780.000	5.000	167.969	0.145
1790.000	5.000	171.875	0.152
1800.000	5.000	171.875	0.152
1810.000	5.000	171.875	0.152
1820.000	5.000	199.219	0.150
1830.000	5.000	199.219	0.150
1840.000	5.000	199.219	0.150
1850.000	5.000	201.172	0.154
1860.000	5.000	201.172	0.154
1870.000	5.000	201.172	0.154
1880.000	5.000	208.984	0.173
1890.000	5.000	208.984	0.173
1900.000	5.000	208.984	0.173
1910.000	5.000	197.266	0.149
1920.000	5.000	197.266	0.149
1930.000	5.000	197.266	0.149
1940.000	5.000	201.172	0.139
1950.000	5.000	201.172	0.139
1960.000	5.000	201.172	0.139
1970.000	5.000	228.516	0.146
1980.000	5.000	228.516	0.146
1990.000	5.000	228.516	0.146
2000.000	5.000	257.812	0.169
2010.000	5.000	257.812	0.169
2020.000	5.000	257.812	0.169
2030.000	5.000	242.187	0.161
2040.000	5.000	242.187	0.161
2050.000	5.000	242.187	0.161
2060.000	5.000	250.000	0.163
2070.000	5.000	250.000	0.163
2080.000	5.000	250.000	0.163
2090.000	5.000	236.328	0.151
2100.000	5.000	236.328	0.151
2110.000	5.000	236.328	0.151
2120.000	5.000	271.484	0.174
2130.000	5.000	271.484	0.174
2140.000	5.000	271.484	0.174
2150.000	5.000	283.203	0.175
2160.000	5.000	283.203	0.175
2170.000	5.000	283.203	0.175
2180.000	5.000	232.422	0.148
2190.000	5.000	232.422	0.148
2200.000	5.000	232.422	0.148
2210.000	5.000	306.641	0.171
2220.000	5.000	306.641	0.171
2230.000	5.000	306.641	0.171
2240.000	5.000	298.828	0.146
2250.000	5.000	298.828	0.146
2260.000	5.000	298.828	0.146
2270.000	5.000	283.203	0.139
2280.000	5.000	283.203	0.139
2290.000	5.000	283.203	0.139
2300.000	5.000	281.250	0.147
2310.000	5.000	281.250	0.147
2320.000	5.000	281.250	0.147
2330.000	5.000	298.828	0.159
2340.000	5.000	298.828	0.159
2350.000	5.000	298.828	0.159
2360.000	5.000	320.312	0.146
2370.000	5.000	320.312	0.146
2380.000	5.000	320.312	0.146
2390.000	5.000	281.250	0.155
2400.000	5.000	281.250	0.155
2410.000	5.000	281.250	0.155
2420.000	5.000	291.016	0.157
2430.000	5.000	291.016	0.157
2440.000	5.000	291.016	0.157
2450.000	5.000	353.516	0.158
2460.000	5.000	353.516	0.158
2470.000	5.000	353.516	0.158
2480.000	5.000	339.844	0.150
2490.000	5.000	339.844	0.150
2500.000	5.000	339.844	0.150
2510.000	5.000	359.375	0.158
2520.000	5.000	359.375	0.158
2530.000	5.000	359.375	0.158
2540.000	5.000	363.281	0.160
2550.000	5.000	363.281	0.160
2560.000	5.000	363.281	0.160
2570.000	5.000	339.844	0.167
2580.000	5.000	339.844	0.167
2590.000	5.000	339.844	0.167
2600.000	5.000	343.750	0.146
2610.000	5.000	343.750	0.146
2620.000	5.000	343.750	0.146
2630.000	5.000	376.953	0.159
2640.000	5.000	376.953	0.159
2650.000	5.000	376.953	0.159
2660.000	5.000	376.953	0.164
2670.000	5.000	376.953	0.164
2680.000	5.000	376.953	0.164
2690.000	5.000	378.906	0.154
2700.000	5.000	378.906	0.154
2710.000	5.000	378.906	0.154
2720.000	5.000	412.109	0.182
2730.000	5.000	412.109	0.182
2740.000	5.000	412.109	0.182
2750.000	5.000	406.250	0.168
2760.000	5.000	406.250	0.168
2770.000	5.000	406.250	0.168
2780.000	5.000	404.297	0.158
2790.000	5.000	404.297	0.158
2800.000	5.000	404.297	0.158
2810.000	5.000	417.969	0.166
2820.000	5.000	417.969	0.166
2830.000	5.000	417.969	0.166
2840.000	5.000	394.531	0.135
2850.000	5.000	394.531	0.135
2860.000	5.000	394.531	0.135
2870.000	5.000	445.312	0.139
2880.000	5.000	445.312	0.139
2890.000	5.000	445.312	0.139
2900.000	5.000	396.484	0.148
2910.000	5.000	396.484	0.148
2920.000	5.000	396.484	0.148
2930.000	5.000	386.719	0.153
2940.000	5.000	386.719	0.153
2950.000	5.000	386.719	0.153
2960.000	5.000	419.922	0.166
2970.000	5.000	419.922	0.166
2980.000	5.000	419.922	0.166
2990.000	5.000	449.219	0.173
3000.000	5.000	449.219	0.173
3010.000	5.000	449.219	0.173
3020.000	5.000	441.406	0.149
3030.000	5.000	441.406	0.149
3040.000	5.000	441.406	0.149
3050.000	5.000	439.453	0.149
3060.000	5.000	439.453	0.149
3070.000	5.000	439.453	0.149
3080.000	5.000	439.453	0.140
3090.000	5.000	439.453	0.140
3100.000	5.000	439.453	0.140
3110.000	5.000	451.172	0.156
3120.000	5.000	451.172	0.156
3130.000	5.000	451.172	0.156
3140.000	5.000	484.375	0.165
3150.000	5.000	484.375	0.165
3160.000	5.000	484.375	0.165
3170.000	5.000	460.937	0.157
3180.000	5.000	460.937	0.157
3190.000	5.000	460.937	0.157
3200.000	5.000	488.281	0.172
3210.000	5.000	488.281	0.172
3220.000	5.000	488.281	0.172
3230.000	5.000	455.078	0.145
3240.000	5.000	455.078	0.145
3250.000	5.000	455.078	0.145
3260.000	5.000	482.422	0.149
3270.000	5.000	482.422	0.149
3280.000	5.000	482.422	0.149
3290.000	5.000	492.187	0.164
3300.000	5.000	492.187	0.164
3310.000	5.000	492.187	0.164
3320.000	5.000	500.000	0.148
3330.000	5.000	500.000	0.148
3340.000	5.000	500.000	0.148
3350.000	5.000	513.672	0.174
3360.000	5.000	513.672	0.174
3370.000	5.000	513.672	0.174
3380.000	5.000	539.062	0.135
3390.000	5.000	539.062	0.135
3400.000	5.000	539.062	0.135
3410.000	5.000	490.234	0.146
3420.000	5.000	490.234	0.146
3430.000	5.000	490.234	0.146
3440.000	5.000	513.672	0.159
3450.000	5.000	513.672	0.159
3460.000	5.000	513.672	0.159
3470.000	5.000	515.625	0.155
3480.000	5.000	515.625	0.155
3490.000	5.000	515.625	0.155
3500.000	5.000	541.016	0.151
3510.000	5.000	541.016	0.151
3520.000	5.000	541.016	0.151
3530.000	5.000	523.437	0.163
3540.000	5.000	523.437	0.163
3550.000	5.000	523.437	0.163
3560.000	5.000	527.344	0.176
3570.000	5.000	527.344	0.176
3580.000	5.000	527.344	0.176
3590.000	5.000	558.594	0.154
3600.000	5.000	558.594	0.154
3610.000	5.000	558.594	0.154
3620.000	5.000	572.266	0.138
3630.000	5.000	572.266	0.138
3640.000	5.000	572.266	0.138
3650.000	5.000	542.969	0.164
3660.000	5.000	542.969	0.164
3670.000	5.000	542.969	0.164
3680.000	5.000	578.125	0.156
3690.000	5.000	578.125	0.156
3700.000	5.000	578.125	0.156
3710.000	5.000	587.891	0.158
3720.000	5.000	587.891	0.158
3730.000	5.000	587.891	0.158
3740.000	5.000	580.078	0.148
3750.000	5.000	580.078	0.148
3760.000	5.000	580.078	0.148
3770.000	5.000	560.547	0.163
3780.000	5.000	560.547	0.163
3790.000	5.000	560.547	0.163
3800.000	5.000	574.219	0.144
3810.000	5.000	574.219	0.144
3820.000	5.000	574.219	0.144
3830.000	5.000	595.703	0.147
3840.000	5.000	595.703	0.147
3850.000	5.000	595.703	0.147
3860.000	5.000	599.609	0.181
3870.000	5.000	599.609	0.181
3880.000	5.000	599.609	0.181
3890.000	5.000	626.953	0.133
3900.000	5.000	626.953	0.133
3910.000	5.000	626.953	0.133
3920.000	5.000	607.422	0.162
3930.000	5.000	607.422	0.162
3940.000	5.000	607.422	0.162
3950.000	5.000	605.469	0.152
3960.000	5.000	605.469	0.152
3970.000	5.000	605.469	0.152
3980.000	5.000	609.375	0.156
3990.000	5.000	609.375	0.156
4000.000	5.000	609.375	0.156
4010.000	5.000	623.047	0.165
4020.000	5.000	623.047	0.165
4030.000	5.000	623.047	0.165
4040.000	5.000	597.656	0.166
4050.000	5.000	597.656	0.166
4060.000	5.000	597.656	0.166
4070.000	5.000	623.047	0.148
4080.000	5.000	623.047	0.148
4090.000	5.000	623.047	0.148
4100.000	5.000	652.344	0.154
4110.000	5.000	652.344	0.154
4120.000	5.000	652.344	0.154
4130.000	5.000	630.859	0.171
4140.000	5.000	630.859	0.171
4150.000	5.000	630.859	0.171
4160.000	5.000	648.437	0.149
4170.000	5.000	648.437	0.149
4180.000	5.000	648.437	0.149
4190.000	5.000	662.109	0.156
4200.000	5.000	662.109	0.156
4210.000	5.000	662.109	0.156
4220.000	5.000	658.203	0.155
4230.000	5.000	658.203	0.155
4240.000	5.000	658.203	0.155
4250.000	5.000	691.406	0.156
4260.000	5.000	691.406	0.156
4270.000	5.000	691.406	0.156
4280.000	5.000	652.344	0.175
4290.000	5.000	652.344	0.175
4300.000	5.000	652.344	0.175
4310.000	5.000	669.922	0.165
4320.000	5.000	669.922	0.165
4330.000	5.000	669.922	0.165
4340.000	5.000	705.078	0.171
4350.000	5.000	705.078	0.171
4360.000	5.000	705.078	0.171
4370.000	5.000	693.359	0.146
4380.000	5.000	693.359	0.146
4390.000	5.000	693.359	0.146
4400.000	5.000	685.547	0.171
4410.000	5.000	685.547	0.171
4420.000	5.000	685.547	0.171
4430.000	5.000	705.078	0.143
4440.000	5.000	705.078	0.143
4450.000	5.000	705.078	0.143
4460.000	5.000	681.641	0.145
4470.000	5.000	681.641	0.145
4480.000	5.000	681.641	0.145
4490.000	5.000	716.797	0.175
4500.000	5.000	716.797	0.175
4510.000	5.000	716.797	0.175
4520.000	5.000	701.172	0.140
4530.000	5.000	701.172	0.140
4540.000	5.000	701.172	0.140
4550.000	5.000	675.781	0.175
4560.000	5.000	675.781	0.175
4570.000	5.000	675.781	0.175
4580.000	5.000	691.406	0.162
4590.000	5.000	691.406	0.162
4600.000	5.000	691.406	0.162
4610.000	5.000	708.984	0.156
4620.000	5.000	708.984	0.156
4630.000	5.000	708.984	0.156
4640.000	5.000	707.031	0.155
4650.000	5.000	707.031	0.155
4660.000	5.000	707.031	0.155
4670.000	5.000	765.625	0.173
4680.000	5.000	765.625	0.173
4690.000	5.000	765.625	0.173
4700.000	5.000	750.000	0.144
4710.000	5.000	750.000	0.144
4720.000	5.000	750.000	0.144
4730.000	5.000	732.422	0.147
4740.000	5.000	732.422	0.147
4750.000	5.000	732.422	0.147
4760.000	5.000	765.625	0.169
4770.000	5.000	765.625	0.169
4780.000	5.000	765.625	0.169
4790.000	5.000	759.766	0.169
4800.000	5.000	759.766	0.169
4810.000	5.000	759.766	0.169
4820.000	5.000	773.437	0.150
4830.000	5.000	773.437	0.150
4840.000	5.000	773.437	0.150
4850.000	5.000	761.719	0.165
4860.000	5.000	761.719	0.165
4870.000	5.000	761.719	0.165
4880.000	5.000	775.391	0.172
4890.000	5.000	775.391	0.172
4900.000	5.000	775.391	0.172
4910.000	5.000	744.141	0.166
4920.000	5.000	744.141	0.166
4930.000	5.000	744.141	0.166
4940.000	5.000	748.047	0.156
4950.000	5.000	748.047	0.156
4960.000	5.000	748.047	0.156
4970.000	5.000	757.812	0.161
4980.000	5.000	757.812	0.161
4990.000	5.000	757.812	0.161
5000.000	5.000	808.594	0.142
5010.000	5.000	808.594	0.142
5020.000	5.000	808.594	0.142
5030.000	5.000	814.453	0.149
5040.000	5.000	814.453	0.149
5050.000	5.000	814.453	0.149
5060.000	5.000	787.109	0.164
5070.000	5.000	787.109	0.164
5080.000	5.000	787.109	0.164
5090.000	5.000	794.922	0.166
5100.000	5.000	794.922	0.166
5110.000	5.000	794.922	0.166
5120.000	5.000	796.875	0.163
5130.000	5.000	796.875	0.163
5140.000	5.000	796.875	0.163
5150.000	5.000	816.406	0.160
5160.000	5.000	816.406	0.160
5170.000	5.000	816.406	0.160
5180.000	5.000	820.312	0.169
5190.000	5.000	820.312	0.169
5200.000	5.000	820.312	0.169
5210.000	5.000	835.937	0.148
5220.000	5.000	835.937	0.148
5230.000	5.000	835.937	0.148
5240.000	5.000	847.656	0.159
5250.000	5.000	847.656	0.159
5260.000	5.000	847.656	0.159
5270.000	5.000	826.172	0.133
5280.000	5.000	826.172	0.133
5290.000	5.000	826.172	0.133
5300.000	5.000	830.078	0.153
5310.000	5.000	830.078	0.153
5320.000	5.000	830.078	0.153
5330.000	5.000	832.031	0.178
5340.000	5.000	832.031	0.178
5350.000	5.000	832.031	0.178
5360.000	5.000	849.609	0.147
5370.000	5.000	849.609	0.147
5380.000	5.000	849.609	0.147
5390.000	5.000	853.516	0.175
5400.000	5.000	853.516	0.175
5410.000	5.000	853.516	0.175
5420.000	5.000	857.422	0.166
5430.000	5.000	857.422	0.166
5440.000	5.000	857.422	0.166
5450.000	5.000	878.906	0.145
5460.000	5.000	878.906	0.145
5470.000	5.000	878.906	0.145
5480.000	5.000	845.703	0.172
5490.000	5.000	845.703	0.172
5500.000	5.000	845.703	0.172
5510.000	5.000	884.766	0.146
5520.000	5.000	884.766	0.146
5530.000	5.000	884.766	0.146
5540.000	5.000	857.422	0.168
5550.000	5.000	857.422	0.168
5560.000	5.000	857.422	0.168
5570.000	5.000	863.281	0.137
5580.000	5.000	863.281	0.137
5590.000	5.000	863.281	0.137
5600.000	5.000	898.437	0.140
5610.000	5.000	898.437	0.140
5620.000	5.000	898.437	0.140
5630.000	5.000	896.484	0.156
5640.000	5.000	896.484	0.156
5650.000	5.000	896.484	0.156
5660.000	5.000	925.781	0.162
5670.000	5.000	925.781	0.162
5680.000	5.000	925.781	0.162
5690.000	5.000	904.297	0.169
5700.000	5.000	904.297	0.169
5710.000	5.000	904.297	0.169
5720.000	5.000	863.281	0.148
5730.000	5.000	863.281	0.148
5740.000	5.000	863.281	0.148
5750.000	5.000	900.391	0.179
5760.000	5.000	900.391	0.179
5770.000	5.000	900.391	0.179
5780.000	5.000	896.484	0.133
5790.000	5.000	896.484	0.133
5800.000	5.000	896.484	0.133
5810.000	5.000	910.156	0.181
5820.000	5.000	910.156	0.181
5830.000	5.000	910.156	0.181
5840.000	5.000	929.687	0.153
5850.000	5.000	929.687	0.153
5860.000	5.000	929.687	0.153
5870.000	5.000	923.828	0.153
5880.000	5.000	923.828	0.153
5890.000	5.000	923.828	0.153
5900.000	5.000	919.922	0.180
5910.000	5.000	919.922	0.180
5920.000	5.000	919.922	0.180
5930.000	5.000	939.453	0.169
5940.000	5.000	939.453	0.169
5950.000	5.000	939.453	0.169
5960.000	5.000	917.969	0.155
5970.000	5.000	917.969	0.155
5980.000	5.000	917.969	0.155
5990.000	5.000	929.687	0.178
6000.000	5.000	929.687	0.178
6010.000	5.000	929.687	0.178
6020.000	5.000	978.516	0.157
6030.000	5.000	978.516	0.157
6040.000	5.000	978.516	0.157
6050.000	5.000	955.078	0.146
6060.000	5.000	955.078	0.146
6070.000	5.000	955.078	0.146
6080.000	5.000	935.547	0.163
6090.000	5.000	935.547	0.163
6100.000	5.000	935.547	0.163
6110.000	5.000	990.234	0.153
6120.000	5.000	990.234	0.153
6130.000	5.000	990.234	0.153
6140.000	5.000	958.984	0.158
6150.000	5.000	958.984	0.158
6160.000	5.000	958.984	0.158
6170.000	5.000	976.562	0.171
6180.000	5.000	976.562	0.171
6190.000	5.000	976.562	0.171
6200.000	5.000	984.375	0.159
6210.000	5.000	984.375	0.159
6220.000	5.000	984.375	0.159
6230.000	5.000	986.328	0.146
6240.000	5.000	986.328	0.146
6250.000	5.000	986.328	0.146
6260.000	5.000	996.094	0.145
6270.000	5.000	996.094	0.145
6280.000	5.000	996.094	0.145
6290.000	5.000	982.422	0.176
6300.000	5.000	982.422	0.176
6310.000	5.000	982.422	0.176
6320.000	5.000	1005.859	0.153
6330.000	5.000	1005.859	0.153
6340.000	5.000	1005.859	0.153
6350.000	5.000	980.469	0.176
6360.000	5.000	980.469	0.176
6370.000	5.000	980.469	0.176
6380.000	5.000	992.187	0.167
6390.000	5.000	992.187	0.167
6400.000	5.000	992.187	0.167
6410.000	5.000	978.516	0.171
6420.000	5.000	978.516	0.171
6430.000	5.000	978.516	0.171
6440.000	5.000	1029.297	0.148
6450.000	5.000	1029.297	0.148
6460.000	5.000	1029.297	0.148
6470.000	5.000	1052.734	0.174
6480.000	5.000	1052.734	0.174
6490.000	5.000	1052.734	0.174
6500.000	5.000	1039.062	0.143
6510.000	5.000	1039.062	0.143
6520.000	5.000	1039.062	0.143
6530.000	5.000	1009.766	0.160
6540.000	5.000	1009.766	0.160
6550.000	5.000	1009.766	0.160
6560.000	5.000	1037.109	0.150
6570.000	5.000	1037.109	0.150
6580.000	5.000	1037.109	0.150
6590.000	5.000	1027.344	0.163
6600.000	5.000	1027.344	0.163
6610.000	5.000	1027.344	0.163
6620.000	5.000	1015.625	0.182
6630.000	5.000	1015.625	0.182
6640.000	5.000	1015.625	0.182
6650.000	5.000	1054.687	0.150
6660.000	5.000	1054.687	0.150
6670.000	5.000	1054.687	0.150
6680.000	5.000	1076.172	0.166
6690.000	5.000	1076.172	0.166
6700.000	5.000	1076.172	0.166
6710.000	5.000	1013.672	0.174
6720.000	5.000	1013.672	0.174
6730.000	5.000	1013.672	0.174
6740.000	5.000	1033.203	0.171
6750.000	5.000	1033.203	0.171
6760.000	5.000	1033.203	0.171
6770.000	5.000	1070.312	0.176
6780.000	5.000	1070.312	0.176
6790.000	5.000	1070.312	0.176
6800.000	5.000	1078.125	0.160
6810.000	5.000	1078.125	0.160
6820.000	5.000	1078.125	0.160
6830.000	5.000	1062.500	0.159
6840.000	5.000	1062.500	0.159
6850.000	5.000	1062.500	0.159
6860.000	5.000	1066.406	0.157
6870.000	5.000	1066.406	0.157
6880.000	5.000	1066.406	0.157
6890.000	5.000	1042.969	0.168
6900.000	5.000	1042.969	0.168
6910.000	5.000	1042.969	0.168
6920.000	5.000	1082.031	0.149
6930.000	5.000	1082.031	0.149
6940.000	5.000	1082.031	0.149
6950.000	5.000	1095.703	0.143
6960.000	5.000	1095.703	0.143
6970.000	5.000	1095.703	0.143
6980.000	5.000	1068.359	0.177
6990.000	5.000	1068.359	0.177
7000.000	5.000	1068.359	0.177
7010.000	5.000	1095.703	0.153
7020.000	5.000	1095.703	0.153
7030.000	5.000	1095.703	0.153
7040.000	5.000	1083.984	0.154
7050.000	5.000	1083.984	0.154
7060.000	5.000	1083.984	0.154
7070.000	5.000	1111.328	0.148
7080.000	5.000	1111.328	0.148
7090.000	5.000	1111.328	0.148
7100.000	5.000	1085.937	0.139
7110.000	5.000	1085.937	0.139
7120.000	5.000	1085.937	0.139
7130.000	5.000	1101.562	0.174
7140.000	5.000	1101.562	0.174
7150.000	5.000	1101.562	0.174
7160.000	5.000	1093.750	0.152
7170.000	5.000	1093.750	0.152
7180.000	5.000	1093.750	0.152
7190.000	5.000	1119.141	0.150
7200.000	5.000	1119.141	0.150
7210.000	5.000	1119.141	0.150
7220.000	5.000	1130.859	0.156
7230.000	5.000	1130.859	0.156
7240.000	5.000	1130.859	0.156
7250.000	5.000	1105.469	0.137
7260.000	5.000	1105.469	0.137
7270.000	5.000	1105.469	0.137
7280.000	5.000	1121.094	0.166
7290.000	5.000	1121.094	0.166
7300.000	5.000	1121.094	0.166
7310.000	5.000	1107.422	0.137
7320.000	5.000	1107.422	0.137
7330.000	5.000	1107.422	0.137
7340.000	5.000	1146.484	0.156
7350.000	5.000	1146.484	0.156
7360.000	5.000	1146.484	0.156
7370.000	5.000	1138.672	0.161
7380.000	5.000	1138.672	0.161
7390.000	5.000	1138.672	0.161
7400.000	5.000	1128.906	0.172
7410.000	5.000	1128.906	0.172
7420.000	5.000	1128.906	0.172
7430.000	5.000	1144.531	0.151
7440.000	5.000	1144.531	0.151
7450.000	5.000	1144.531	0.151
7460.000	5.000	1130.859	0.166
7470.000	5.000	1130.859	0.166
7480.000	5.000	1130.859	0.166
7490.000	5.000	1130.859	0.165
7500.000	5.000	1130.859	0.165
7510.000	5.000	1130.859	0.165
7520.000	5.000	1109.375	0.171
7530.000	5.000	1109.375	0.171
7540.000	5.000	1109.375	0.171
7550.000	5.000	1181.641	0.171
7560.000	5.000	1181.641	0.171
7570.000	5.000	1181.641	0.171
7580.000	5.000	1132.812	0.160
7590.000	5.000	1132.812	0.160
7600.000	5.000	1132.812	0.160
7610.000	5.000	1167.969	0.152
7620.000	5.000	1167.969	0.152
7630.000	5.000	1167.969	0.152
7640.000	5.000	1140.625	0.165
7650.000	5.000	1140.625	0.165
7660.000	5.000	1140.625	0.165
7670.000	5.000	1173.828	0.168
7680.000	5.000	1173.828	0.168
7690.000	5.000	1173.828	0.168
7700.000	5.000	1181.641	0.166
7710.000	5.000	1181.641	0.166
7720.000	5.000	1181.641	0.166
7730.000	5.000	1185.547	0.139
7740.000	5.000	1185.547	0.139
7750.000	5.000	1185.547	0.139
7760.000	5.000	1216.797	0.178
7770.000	5.000	1216.797	0.178
7780.000	5.000	1216.797	0.178
7790.000	5.000	1171.875	0.177
7800.000	5.000	1171.875	0.177
7810.000	5.000	1171.875	0.177
7820.000	5.000	1218.750	0.137
7830.000	5.000	1218.750	0.137
7840.000	5.000	1218.750	0.137
7850.000	5.000	1208.984	0.167
7860.000	5.000	1208.984	0.167
7870.000	5.000	1208.984	0.167
7880.000	5.000	1207.031	0.151
7890.000	5.000	1207.031	0.151
7900.000	5.000	1207.031	0.151
7910.000	5.000	1193.359	0.147
7920.000	5.000	1193.359	0.147
7930.000	5.000	1193.359	0.147
7940.000	5.000	1201.172	0.144
7950.000	5.000	1201.172	0.144
7960.000	5.000	1201.172	0.144
7970.000	5.000	1203.125	0.161
7980.000	5.000	1203.125	0.161
7990.000	5.000	1203.125	0.161
8000.000	5.000	1212.891	0.167
8010.000	5.000	1212.891	0.167
8020.000	5.000	1212.891	0.167
8030.000	5.000	1222.656	0.143
8040.000	5.000	1222.656	0.143
8050.000	5.000	1222.656	0.143
8060.000	5.000	1224.609	0.157
8070.000	5.000	1224.609	0.157
8080.000	5.000	1224.609	0.157
8090.000	5.000	1248.047	0.171
8100.000	5.000	1248.047	0.171
8110.000	5.000	1248.047	0.171
8120.000	5.000	1234.375	0.153
8130.000	5.000	1234.375	0.153
8140.000	5.000	1234.375	0.153
8150.000	5.000	1216.797	0.137
8160.000	5.000	1216.797	0.137
8170.000	5.000	1216.797	0.137
8180.000	5.000	1232.422	0.156
8190.000	5.000	1232.422	0.156
8200.000	5.000	1232.422	0.156
8210.000	5.000	1228.516	0.165
8220.000	5.000	1228.516	0.165
8230.000	5.000	1228.516	0.165
8240.000	5.000	1250.000	0.164
8250.000	5.000	1250.000	0.164
8260.000	5.000	1250.000	0.164
8270.000	5.000	1234.375	0.155
8280.000	5.000	1234.375	0.155
8290.000	5.000	1234.375	0.155
8300.000	5.000	1261.719	0.154
8310.000	5.000	1261.719	0.154
8320.000	5.000	1261.719	0.154
8330.000	5.000	1238.281	0.170
8340.000	5.000	1238.281	0.170
8350.000	5.000	1238.281	0.170
8360.000	5.000	1279.297	0.133
8370.000	5.000	1279.297	0.133
8380.000	5.000	1279.297	0.133
8390.000	5.000	1232.422	0.165
8400.000	5.000	1232.422	0.165
8410.000	5.000	1232.422	0.165
8420.000	5.000	1248.047	0.127
8430.000	5.000	1248.047	0.127
8440.000	5.000	1248.047	0.127
8450.000	5.000	1289.062	0.159
8460.000	5.000	1289.062	0.159
8470.000	5.000	1289.062	0.159
8480.000	5.000	1281.250	0.146
8490.000	5.000	1281.250	0.146
8500.000	5.000	1281.250	0.146
8510.000	5.000	1289.062	0.157
8520.000	5.000	1289.062	0.157
8530.000	5.000	1289.062	0.157
8540.000	5.000	1246.094	0.148
8550.000	5.000	1246.094	0.148
8560.000	5.000	1246.094	0.148
8570.000	5.000	1289.062	0.148
8580.000	5.000	1289.062	0.148
8590.000	5.000	1289.062	0.148
8600.000	5.000	1261.719	0.147
8610.000	5.000	1261.719	0.147
8620.000	5.000	1261.719	0.147
8630.000	5.000	1292.969	0.170
8640.000	5.000	1292.969	0.170
8650.000	5.000	1292.969	0.170
8660.000	5.000	1291.016	0.150
8670.000	5.000	1291.016	0.150
8680.000	5.000	1291.016	0.150
8690.000	5.000	1314.453	0.159
8700.000	5.000	1314.453	0.159
8710.000	5.000	1314.453	0.159
8720.000	5.000	1304.687	0.154
8730.000	5.000	1304.687	0.154
8740.000	5.000	1304.687	0.154
8750.000	5.000	1283.203	0.161
8760.000	5.000	1283.203	0.161
8770.000	5.000	1283.203	0.161
8780.000	5.000	1320.312	0.175
8790.000	5.000	1320.312	0.175
8800.000	5.000	1320.312	0.175
8810.000	5.000	1287.109	0.173
8820.000	5.000	1287.109	0.173
8830.000	5.000	1287.109	0.173
8840.000	5.000	1289.062	0.132
8850.000	5.000	1289.062	0.132
8860.000	5.000	1289.062	0.132
8870.000	5.000	1312.500	0.159
8880.000	5.000	1312.500	0.159
8890.000	5.000	1312.500	0.159
8900.000	5.000	1314.453	0.157
8910.000	5.000	1314.453	0.157
8920.000	5.000	1314.453	0.157
8930.000	5.000	1347.656	0.152
8940.000	5.000	1347.656	0.152
8950.000	5.000	1347.656	0.152
8960.000	5.000	1339.844	0.138
8970.000	5.000	1339.844	0.138
8980.000	5.000	1339.844	0.138
8990.000	5.000	1326.172	0.177
9000.000	5.000	1326.172	0.177
9010.000	5.000	1326.172	0.177
9020.000	5.000	1343.750	0.141
9030.000	5.000	1343.750	0.141
9040.000	5.000	1343.750	0.141
9050.000	5.000	1310.547	0.161
9060.000	5.000	1310.547	0.161
9070.000	5.000	1310.547	0.161
9080.000	5.000	1328.125	0.138
9090.000	5.000	1328.125	0.138
9100.000	5.000	1328.125	0.138
9110.000	5.000	1341.797	0.168
9120.000	5.000	1341.797	0.168
9130.000	5.000	1341.797	0.168
9140.000	5.000	1339.844	0.167
9150.000	5.000	1339.844	0.167
9160.000	5.000	1339.844	0.167
9170.000	5.000	1314.453	0.175
9180.000	5.000	1314.453	0.175
9190.000	5.000	1314.453	0.175
9200.000	5.000	1314.453	0.158
9210.000	5.000	1314.453	0.158
9220.000	5.000	1314.453	0.158
9230.000	5.000	1361.328	0.150
9240.000	5.000	1361.328	0.150
9250.000	5.000	1361.328	0.150
9260.000	5.000	1380.859	0.157
9270.000	5.000	1380.859	0.157
9280.000	5.000	1380.859	0.157
9290.000	5.000	1388.672	0.134
9300.000	5.000	1388.672	0.134
9310.000	5.000	1388.672	0.134
9320.000	5.000	1375.000	0.160
9330.000	5.000	1375.000	0.160
9340.000	5.000	1375.000	0.160
9350.000	5.000	1359.375	0.140
9360.000	5.000	1359.375	0.140
9370.000	5.000	1359.375	0.140
9380.000	5.000	1363.281	0.153
9390.000	5.000	1363.281	0.153
9400.000	5.000	1363.281	0.153
9410.000	5.000	1376.953	0.147
9420.000	5.000	1376.953	0.147
9430.000	5.000	1376.953	0.147
9440.000	5.000	1347.656	0.158
9450.000	5.000	1347.656	0.158
9460.000	5.000	1347.656	0.158
9470.000	5.000	1382.812	0.159
9480.000	5.000	1382.812	0.159
9490.000	5.000	1382.812	0.159
9500.000	5.000	1376.953	0.143
9510.000	5.000	1376.953	0.143
9520.000	5.000	1376.953	0.143
9530.000	5.000	1375.000	0.154
9540.000	5.000	1375.000	0.154
9550.000	5.000	1375.000	0.154
9560.000	5.000	1373.047	0.159
9570.000	5.000	1373.047	0.159
9580.000	5.000	1373.047	0.159
9590.000	5.000	1375.000	0.154
9600.000	5.000	1375.000	0.154
9610.000	5.000	1375.000	0.154
9620.000	5.000	1394.531	0.168
9630.000	5.000	1394.531	0.168
9640.000	5.000	1394.531	0.168
9650.000	5.000	1410.156	0.162
9660.000	5.000	1410.156	0.162
9670.000	5.000	1410.156	0.162
9680.000	5.000	1373.047	0.164
9690.000	5.000	1373.047	0.164
9700.000	5.000	1373.047	0.164
9710.000	5.000	1431.641	0.170
9720.000	5.000	1431.641	0.170
9730.000	5.000	1431.641	0.170
9740.000	5.000	1425.781	0.172
9750.000	5.000	1425.781	0.172
9760.000	5.000	1425.781	0.172
9770.000	5.000	1392.578	0.153
9780.000	5.000	1392.578	0.153
9790.000	5.000	1392.578	0.153
9800.000	5.000	1445.312	0.153
9810.000	5.000	1445.312	0.153
9820.000	5.000	1445.312	0.153
9830.000	5.000	1441.406	0.152
9840.000	5.000	1441.406	0.152
9850.000	5.000	1441.406	0.152
9860.000	5.000	1386.719	0.167
9870.000	5.000	1386.719	0.167
9880.000	5.000	1386.719	0.167
9890.000	5.000	1433.594	0.146
9900.000	5.000	1433.594	0.146
9910.000	5.000	1433.594	0.146
9920.000	5.000	1458.984	0.131
9930.000	5.000	1458.984	0.131
9940.000	5.000	1458.984	0.131
9950.000	5.000	1435.547	0.158
9960.000	5.000	1435.547	0.158
9970.000	5.000	1435.547	0.158
9980.000	5.000	1404.297	0.160
9990.000	5.000	1404.297	0.160
10000.000	5.000	1404.297	0.160
10010.000	5.000	1423.828	0.139
10020.000	5.000	1423.828	0.139
10030.000	5.000	1423.828	0.139
10040.000	5.000	1455.078	0.138
10050.000	5.000	1455.078	0.138
10060.000	5.000	1455.078	0.138
10070.000	5.000	1462.891	0.149
10080.000	5.000	1462.891	0.149
10090.000	5.000	1462.891	0.149
10100.000	5.000	1464.844	0.156
10110.000	5.000	1464.844	0.156
10120.000	5.000	1464.844	0.156
10130.000	5.000	1453.125	0.142
10140.000	5.000	1453.125	0.142
10150.000	5.000	1453.125	0.142
10160.000	5.000	1490.234	0.177
10170.000	5.000	1490.234	0.177
10180.000	5.000	1490.234	0.177
10190.000	5.000	1453.125	0.167
10200.000	5.000	1453.125	0.167
10210.000	5.000	1453.125	0.167
10220.000	5.000	1486.328	0.167
10230.000	5.000	1486.328	0.167
10240.000	5.000	1486.328	0.167
10250.000	5.000	1474.609	0.168
10260.000	5.000	1474.609	0.168
10270.000	5.000	1474.609	0.168
10280.000	5.000	1449.219	0.135
10290.000	5.000	1449.219	0.135
10300.000	5.000	1449.219	0.135
10310.000	5.000	1433.594	0.146
10320.000	5.000	1433.594	0.146
10330.000	5.000	1433.594	0.146
10340.000	5.000	1492.187	0.146
10350.000	5.000	1492.187	0.146
10360.000	5.000	1492.187	0.146
10370.000	5.000	1460.937	0.187
10380.000	5.000	1460.937	0.187
10390.000	5.000	1460.937	0.187
10400.000	5.000	1482.422	0.145
10410.000	5.000	1482.422	0.145
10420.000	5.000	1482.422	0.145
10430.000	5.000	1455.078	0.179
10440.000	5.000	1455.078	0.179
10450.000	5.000	1455.078	0.179
10460.000	5.000	1486.328	0.170
10470.000	5.000	1486.328	0.170
10480.000	5.000	1486.328	0.170
10490.000	5.000	1505.859	0.162
10500.000	5.000	1505.859	0.162
10510.000	5.000	1505.859	0.162
10520.000	5.000	1468.750	0.150
10530.000	5.000	1468.750	0.150
10540.000	5.000	1468.750	0.150
10550.000	5.000	1505.859	0.160
10560.000	5.000	1505.859	0.160
10570.000	5.000	1505.859	0.160
10580.000	5.000	1500.000	0.157
10590.000	5.000	1500.000	0.157
10600.000	5.000	1500.000	0.157
10610.000	5.000	1501.953	0.162
10620.000	5.000	1501.953	0.162
10630.000	5.000	1501.953	0.162
10640.000	5.000	1472.656	0.168
10650.000	5.000	1472.656	0.168
10660.000	5.000	1472.656	0.168
10670.000	5.000	1519.531	0.139
10680.000	5.000	1519.531	0.139
10690.000	5.000	1519.531	0.139
10700.000	5.000	1513.672	0.170
10710.000	5.000	1513.672	0.170
10720.000	5.000	1513.672	0.170
10730.000	5.000	1509.766	0.151
10740.000	5.000	1509.766	0.151
10750.000	5.000	1509.766	0.151
10760.000	5.000	1517.578	0.163
10770.000	5.000	1517.578	0.163
10780.000	5.000	1517.578	0.163
10790.000	5.000	1517.578	0.176
10800.000	5.000	1517.578	0.176
10810.000	5.000	1517.578	0.176
10820.000	5.000	1484.375	0.149
10830.000	5.000	1484.375	0.149
10840.000	5.000	1484.375	0.149
10850.000	5.000	1515.625	0.185
10860.000	5.000	1515.625	0.185
10870.000	5.000	1515.625	0.185
10880.000	5.000	1500.000	0.157
10890.000	5.000	1500.000	0.157
10900.000	5.000	1500.000	0.157
10910.000	5.000	1519.531	0.162
10920.000	5.000	1519.531	0.162
10930.000	5.000	1519.531	0.162
10940.000	5.000	1527.344	0.168
10950.000	5.000	1527.344	0.168
10960.000	5.000	1527.344	0.168
10970.000	5.000	1519.531	0.177
10980.000	5.000	1519.531	0.177
10990.000	5.000	1519.531	0.177
11000.000	5.000	1527.344	0.177
11010.000	5.000	1527.344	0.177
11020.000	5.000	1527.344	0.177
11030.000	5.000	1517.578	0.140
11040.000	5.000	1517.578	0.140
11050.000	5.000	1517.578	0.140
11060.000	5.000	1537.109	0.167
11070.000	5.000	1537.109	0.167
11080.000	5.000	1537.109	0.167
11090.000	5.000	1566.406	0.173
11100.000	5.000	1566.406	0.173
11110.000	5.000	1566.406	0.173
11120.000	5.000	1525.391	0.080
11130.000	5.000	1525.391	0.080
11140.000	5.000	1525.391	0.080
11150.000	5.000	1525.391	0.027
11160.000	5.000	1525.391	0.027
11170.000	5.000	1525.391	0.027
11180.000	5.000	1507.812	0.017
11190.000	5.000	1507.812	0.017
11200.000	5.000	1507.812	0.017
11210.000	5.000	1501.953	0.001
11220.000	5.000	1501.953	0.001
11230.000	5.000	1501.953	0.001
11240.000	5.000	1468.750	0.014
11250.000	5.000	1468.750	0.014
11260.000	5.000	1468.750	0.014
11270.000	5.000	1498.047	0.000
11280.000	5.000	1498.047	0.000
11290.000	5.000	1498.047	0.000
11300.000	5.000	1507.812	0.010
11310.000	5.000	1507.812	0.010
11320.000	5.000	1507.812	0.010
11330.000	5.000	1466.797	0.008
11340.000	5.000	1466.797	0.008
11350.000	5.000	1466.797	0.008
11360.000	5.000	1445.312	-0.004
11370.000	5.000	1445.312	-0.004
11380.000	5.000	1445.312	-0.004
11390.000	5.000	1433.594	-0.013
11400.000	5.000	1433.594	-0.013
11410.000	5.000	1433.594	-0.013
11420.000	5.000	1392.578	0.011
11430.000	5.000	1392.578	0.011
11440.000	5.000	1392.578	0.011
11450.000	5.000	1410.156	0.003
11460.000	5.000	1410.156	0.003
11470.000	5.000	1410.156	0.003
11480.000	5.000	1414.062	-0.005
11490.000	5.000	1414.062	-0.005
11500.000	5.000	1414.062	-0.005
11510.000	5.000	1382.812	-0.023
11520.000	5.000	1382.812	-0.023
11530.000	5.000	1382.812	-0.023
11540.000	5.000	1412.109	0.006
11550.000	5.000	1412.109	0.006
11560.000	5.000	1412.109	0.006
11570.000	5.000	1359.375	0.017
11580.000	5.000	1359.375	0.017
11590.000	5.000	1359.375	0.017
11600.000	5.000	1355.469	0.014
11610.000	5.000	1355.469	0.014
11620.000	5.000	1355.469	0.014
11630.000	5.000	1335.937	0.015
11640.000	5.000	1335.937	0.015
11650.000	5.000	1335.937	0.015
11660.000	5.000	1341.797	0.005
11670.000	5.000	1341.797	0.005
11680.000	5.000	1341.797	0.005
11690.000	5.000	1343.750	0.004
11700.000	5.000	1343.750	0.004
11710.000	5.000	1343.750	0.004
11720.000	5.000	1337.891	-0.010
11730.000	5.000	1337.891	-0.010
11740.000	5.000	1337.891	-0.010
11750.000	5.000	1291.016	0.012
11760.000	5.000	1291.016	0.012
11770.000	5.000	1291.016	0.012
11780.000	5.000	1285.156	-0.022
11790.000	5.000	1285.156	-0.022
11800.000	5.000	1285.156	-0.022
11810.000	5.000	1304.687	-0.002
11820.000	5.000	1304.687	-0.002
11830.000	5.000	1304.687	-0.002
11840.000	5.000	1263.672	0.010
11850.000	5.000	1263.672	0.010
11860.000	5.000	1263.672	0.010
11870.000	5.000	1296.875	-0.026
11880.000	5.000	1296.875	-0.026
11890.000	5.000	1296.875	-0.026
11900.000	5.000	1281.250	-0.003
11910.000	5.000	1281.250	-0.003
11920.000	5.000	1281.250	-0.003
11930.000	5.000	1238.281	0.004
11940.000	5.000	1238.281	0.004
11950.000	5.000	1238.281	0.004
11960.000	5.000	1228.516	0.016
11970.000	5.000	1228.516	0.016
11980.000	5.000	1228.516	0.016
11990.000	5.000	1193.359	0.002
12000.000	5.000	1193.359	0.002
12010.000	5.000	1193.359	0.002
12020.000	5.000	1230.469	0.006
