%Time [ms]	Commanded Torque [mNm]	Angular Velocity [RPM]	Actual Current [Amp]	%2/21/202410:06 AM
0.000	0.000	0.000	0.000
20.000	5.000	13.672	-0.008
30.000	5.000	19.531	-0.018
40.000	5.000	19.531	-0.018
50.000	5.000	19.531	-0.018
60.000	5.000	39.062	-0.002
70.000	5.000	39.062	-0.002
80.000	5.000	39.062	-0.002
90.000	5.000	15.625	0.009
100.000	5.000	15.625	0.009
110.000	5.000	15.625	0.009
120.000	5.000	33.203	-0.010
130.000	5.000	33.203	-0.010
140.000	5.000	33.203	-0.010
150.000	5.000	13.672	-0.001
160.000	5.000	13.672	-0.001
170.000	5.000	13.672	-0.001
180.000	5.000	44.922	0.003
190.000	5.000	44.922	0.003
200.000	5.000	44.922	0.003
210.000	5.000	37.109	0.001
220.000	5.000	37.109	0.001
230.000	5.000	37.109	0.001
240.000	5.000	9.766	-0.021
250.000	5.000	9.766	-0.021
260.000	5.000	9.766	-0.021
270.000	5.000	-19.531	0.007
280.000	5.000	-19.531	0.007
290.000	5.000	-19.531	0.007
300.000	5.000	37.109	-0.015
310.000	5.000	37.109	-0.015
320.000	5.000	37.109	-0.015
330.000	5.000	13.672	-0.022
340.000	5.000	13.672	-0.022
350.000	5.000	13.672	-0.022
360.000	5.000	25.391	0.013
370.000	5.000	25.391	0.013
380.000	5.000	25.391	0.013
390.000	5.000	39.062	-0.003
400.000	5.000	39.062	-0.003
410.000	5.000	39.062	-0.003
420.000	5.000	15.625	-0.018
430.000	5.000	15.625	-0.018
440.000	5.000	15.625	-0.018
450.000	5.000	1.953	0.004
460.000	5.000	1.953	0.004
470.000	5.000	1.953	0.004
480.000	5.000	13.672	-0.021
490.000	5.000	13.672	-0.021
500.000	5.000	13.672	-0.021
510.000	5.000	13.672	-0.003
520.000	5.000	13.672	-0.003
530.000	5.000	13.672	-0.003
540.000	5.000	42.969	-0.023
550.000	5.000	42.969	-0.023
560.000	5.000	42.969	-0.023
570.000	5.000	25.391	0.010
580.000	5.000	25.391	0.010
590.000	5.000	25.391	0.010
600.000	5.000	5.859	-0.012
610.000	5.000	5.859	-0.012
620.000	5.000	5.859	-0.012
630.000	5.000	21.484	-0.004
640.000	5.000	21.484	-0.004
650.000	5.000	21.484	-0.004
660.000	5.000	-17.578	-0.006
670.000	5.000	-17.578	-0.006
680.000	5.000	-17.578	-0.006
690.000	5.000	48.828	0.013
700.000	5.000	48.828	0.013
710.000	5.000	48.828	0.013
720.000	5.000	-15.625	0.017
730.000	5.000	-15.625	0.017
740.000	5.000	-15.625	0.017
750.000	5.000	-17.578	-0.005
760.000	5.000	-17.578	-0.005
770.000	5.000	-17.578	-0.005
780.000	5.000	1.953	0.004
790.000	5.000	1.953	0.004
800.000	5.000	1.953	0.004
810.000	5.000	27.344	-0.004
820.000	5.000	27.344	-0.004
830.000	5.000	27.344	-0.004
840.000	5.000	21.484	0.013
850.000	5.000	21.484	0.013
860.000	5.000	21.484	0.013
870.000	5.000	25.391	0.021
880.000	5.000	25.391	0.021
890.000	5.000	25.391	0.021
900.000	5.000	9.766	-0.004
910.000	5.000	9.766	-0.004
920.000	5.000	9.766	-0.004
930.000	5.000	15.625	0.008
940.000	5.000	15.625	0.008
950.000	5.000	15.625	0.008
960.000	5.000	11.719	-0.003
970.000	5.000	11.719	-0.003
980.000	5.000	11.719	-0.003
990.000	5.000	-1.953	-0.008
1000.000	5.000	-1.953	-0.008
1010.000	5.000	-1.953	-0.008
1020.000	5.000	29.297	0.011
1030.000	5.000	29.297	0.011
1040.000	5.000	29.297	0.011
1050.000	5.000	25.391	0.021
1060.000	5.000	25.391	0.021
1070.000	5.000	25.391	0.021
1080.000	5.000	9.766	-0.025
1090.000	5.000	9.766	-0.025
1100.000	5.000	9.766	-0.025
1110.000	5.000	-27.344	0.086
1120.000	5.000	-27.344	0.086
1130.000	5.000	-27.344	0.086
1140.000	5.000	27.344	0.142
1150.000	5.000	27.344	0.142
1160.000	5.000	27.344	0.142
1170.000	5.000	-15.625	0.142
1180.000	5.000	-15.625	0.142
1190.000	5.000	-15.625	0.142
1200.000	5.000	3.906	0.138
1210.000	5.000	3.906	0.138
1220.000	5.000	3.906	0.138
1230.000	5.000	41.016	0.150
1240.000	5.000	41.016	0.150
1250.000	5.000	41.016	0.150
1260.000	5.000	50.781	0.156
1270.000	5.000	50.781	0.156
1280.000	5.000	50.781	0.156
1290.000	5.000	35.156	0.146
1300.000	5.000	35.156	0.146
1310.000	5.000	35.156	0.146
1320.000	5.000	76.172	0.178
1330.000	5.000	76.172	0.178
1340.000	5.000	76.172	0.178
1350.000	5.000	66.406	0.165
1360.000	5.000	66.406	0.165
1370.000	5.000	66.406	0.165
1380.000	5.000	95.703	0.169
1390.000	5.000	95.703	0.169
1400.000	5.000	95.703	0.169
1410.000	5.000	103.516	0.169
1420.000	5.000	103.516	0.169
1430.000	5.000	103.516	0.169
1440.000	5.000	105.469	0.176
1450.000	5.000	105.469	0.176
1460.000	5.000	105.469	0.176
1470.000	5.000	117.187	0.154
1480.000	5.000	117.187	0.154
1490.000	5.000	117.187	0.154
1500.000	5.000	107.422	0.146
1510.000	5.000	107.422	0.146
1520.000	5.000	107.422	0.146
1530.000	5.000	146.484	0.176
1540.000	5.000	146.484	0.176
1550.000	5.000	146.484	0.176
1560.000	5.000	113.281	0.153
1570.000	5.000	113.281	0.153
1580.000	5.000	113.281	0.153
1590.000	5.000	111.328	0.139
1600.000	5.000	111.328	0.139
1610.000	5.000	111.328	0.139
1620.000	5.000	158.203	0.169
1630.000	5.000	158.203	0.169
1640.000	5.000	158.203	0.169
1650.000	5.000	144.531	0.170
1660.000	5.000	144.531	0.170
1670.000	5.000	144.531	0.170
1680.000	5.000	152.344	0.146
1690.000	5.000	152.344	0.146
1700.000	5.000	152.344	0.146
1710.000	5.000	150.391	0.161
1720.000	5.000	150.391	0.161
1730.000	5.000	150.391	0.161
1740.000	5.000	181.641	0.175
1750.000	5.000	181.641	0.175
1760.000	5.000	181.641	0.175
1770.000	5.000	207.031	0.163
1780.000	5.000	207.031	0.163
1790.000	5.000	207.031	0.163
1800.000	5.000	197.266	0.138
1810.000	5.000	197.266	0.138
1820.000	5.000	197.266	0.138
1830.000	5.000	156.250	0.149
1840.000	5.000	156.250	0.149
1850.000	5.000	156.250	0.149
1860.000	5.000	195.312	0.148
1870.000	5.000	195.312	0.148
1880.000	5.000	195.312	0.148
1890.000	5.000	216.797	0.146
1900.000	5.000	216.797	0.146
1910.000	5.000	216.797	0.146
1920.000	5.000	226.562	0.180
1930.000	5.000	226.562	0.180
1940.000	5.000	226.562	0.180
1950.000	5.000	257.812	0.166
1960.000	5.000	257.812	0.166
1970.000	5.000	257.812	0.166
1980.000	5.000	234.375	0.172
1990.000	5.000	234.375	0.172
2000.000	5.000	234.375	0.172
2010.000	5.000	212.891	0.149
2020.000	5.000	212.891	0.149
2030.000	5.000	212.891	0.149
2040.000	5.000	246.094	0.172
2050.000	5.000	246.094	0.172
2060.000	5.000	246.094	0.172
2070.000	5.000	269.531	0.165
2080.000	5.000	269.531	0.165
2090.000	5.000	269.531	0.165
2100.000	5.000	259.766	0.135
2110.000	5.000	259.766	0.135
2120.000	5.000	259.766	0.135
2130.000	5.000	277.344	0.171
2140.000	5.000	277.344	0.171
2150.000	5.000	277.344	0.171
2160.000	5.000	304.687	0.169
2170.000	5.000	304.687	0.169
2180.000	5.000	304.687	0.169
2190.000	5.000	292.969	0.170
2200.000	5.000	292.969	0.170
2210.000	5.000	292.969	0.170
2220.000	5.000	257.812	0.134
2230.000	5.000	257.812	0.134
2240.000	5.000	257.812	0.134
2250.000	5.000	298.828	0.153
2260.000	5.000	298.828	0.153
2270.000	5.000	298.828	0.153
2280.000	5.000	314.453	0.162
2290.000	5.000	314.453	0.162
2300.000	5.000	314.453	0.162
2310.000	5.000	292.969	0.145
2320.000	5.000	292.969	0.145
2330.000	5.000	292.969	0.145
2340.000	5.000	306.641	0.151
2350.000	5.000	306.641	0.151
2360.000	5.000	306.641	0.151
2370.000	5.000	306.641	0.152
2380.000	5.000	306.641	0.152
2390.000	5.000	306.641	0.152
2400.000	5.000	332.031	0.178
2410.000	5.000	332.031	0.178
2420.000	5.000	332.031	0.178
2430.000	5.000	355.469	0.185
2440.000	5.000	355.469	0.185
2450.000	5.000	355.469	0.185
2460.000	5.000	298.828	0.147
2470.000	5.000	298.828	0.147
2480.000	5.000	298.828	0.147
2490.000	5.000	302.734	0.152
2500.000	5.000	302.734	0.152
2510.000	5.000	302.734	0.152
2520.000	5.000	316.406	0.149
2530.000	5.000	316.406	0.149
2540.000	5.000	316.406	0.149
2550.000	5.000	365.234	0.141
2560.000	5.000	365.234	0.141
2570.000	5.000	365.234	0.141
2580.000	5.000	341.797	0.165
2590.000	5.000	341.797	0.165
2600.000	5.000	341.797	0.165
2610.000	5.000	351.562	0.138
2620.000	5.000	351.562	0.138
2630.000	5.000	351.562	0.138
2640.000	5.000	396.484	0.164
2650.000	5.000	396.484	0.164
2660.000	5.000	396.484	0.164
2670.000	5.000	367.187	0.149
2680.000	5.000	367.187	0.149
2690.000	5.000	367.187	0.149
2700.000	5.000	384.766	0.172
2710.000	5.000	384.766	0.172
2720.000	5.000	384.766	0.172
2730.000	5.000	414.062	0.166
2740.000	5.000	414.062	0.166
2750.000	5.000	414.062	0.166
2760.000	5.000	363.281	0.155
2770.000	5.000	363.281	0.155
2780.000	5.000	363.281	0.155
2790.000	5.000	386.719	0.146
2800.000	5.000	386.719	0.146
2810.000	5.000	386.719	0.146
2820.000	5.000	394.531	0.157
2830.000	5.000	394.531	0.157
2840.000	5.000	394.531	0.157
2850.000	5.000	421.875	0.160
2860.000	5.000	421.875	0.160
2870.000	5.000	421.875	0.160
2880.000	5.000	412.109	0.143
2890.000	5.000	412.109	0.143
2900.000	5.000	412.109	0.143
2910.000	5.000	443.359	0.163
2920.000	5.000	443.359	0.163
2930.000	5.000	443.359	0.163
2940.000	5.000	408.203	0.146
2950.000	5.000	408.203	0.146
2960.000	5.000	408.203	0.146
2970.000	5.000	435.547	0.166
2980.000	5.000	435.547	0.166
2990.000	5.000	435.547	0.166
3000.000	5.000	453.125	0.166
3010.000	5.000	453.125	0.166
3020.000	5.000	453.125	0.166
3030.000	5.000	443.359	0.164
3040.000	5.000	443.359	0.164
3050.000	5.000	443.359	0.164
3060.000	5.000	470.703	0.172
3070.000	5.000	470.703	0.172
3080.000	5.000	470.703	0.172
3090.000	5.000	478.516	0.168
3100.000	5.000	478.516	0.168
3110.000	5.000	478.516	0.168
3120.000	5.000	447.266	0.165
3130.000	5.000	447.266	0.165
3140.000	5.000	447.266	0.165
3150.000	5.000	474.609	0.178
3160.000	5.000	474.609	0.178
3170.000	5.000	474.609	0.178
3180.000	5.000	500.000	0.138
3190.000	5.000	500.000	0.138
3200.000	5.000	500.000	0.138
3210.000	5.000	460.937	0.142
3220.000	5.000	460.937	0.142
3230.000	5.000	460.937	0.142
3240.000	5.000	494.141	0.147
3250.000	5.000	494.141	0.147
3260.000	5.000	494.141	0.147
3270.000	5.000	507.812	0.163
3280.000	5.000	507.812	0.163
3290.000	5.000	507.812	0.163
3300.000	5.000	535.156	0.146
3310.000	5.000	535.156	0.146
3320.000	5.000	535.156	0.146
3330.000	5.000	478.516	0.154
3340.000	5.000	478.516	0.154
3350.000	5.000	478.516	0.154
3360.000	5.000	527.344	0.166
3370.000	5.000	527.344	0.166
3380.000	5.000	527.344	0.166
3390.000	5.000	521.484	0.168
3400.000	5.000	521.484	0.168
3410.000	5.000	521.484	0.168
3420.000	5.000	542.969	0.157
3430.000	5.000	542.969	0.157
3440.000	5.000	542.969	0.157
3450.000	5.000	511.719	0.158
3460.000	5.000	511.719	0.158
3470.000	5.000	511.719	0.158
3480.000	5.000	546.875	0.155
3490.000	5.000	546.875	0.155
3500.000	5.000	546.875	0.155
3510.000	5.000	521.484	0.174
3520.000	5.000	521.484	0.174
3530.000	5.000	521.484	0.174
3540.000	5.000	531.250	0.157
3550.000	5.000	531.250	0.157
3560.000	5.000	531.250	0.157
3570.000	5.000	539.062	0.163
3580.000	5.000	539.062	0.163
3590.000	5.000	539.062	0.163
3600.000	5.000	562.500	0.159
3610.000	5.000	562.500	0.159
3620.000	5.000	562.500	0.159
3630.000	5.000	541.016	0.150
3640.000	5.000	541.016	0.150
3650.000	5.000	541.016	0.150
3660.000	5.000	582.031	0.156
3670.000	5.000	582.031	0.156
3680.000	5.000	582.031	0.156
3690.000	5.000	589.844	0.133
3700.000	5.000	589.844	0.133
3710.000	5.000	589.844	0.133
3720.000	5.000	560.547	0.171
3730.000	5.000	560.547	0.171
3740.000	5.000	560.547	0.171
3750.000	5.000	582.031	0.153
3760.000	5.000	582.031	0.153
3770.000	5.000	582.031	0.153
3780.000	5.000	574.219	0.157
3790.000	5.000	574.219	0.157
3800.000	5.000	574.219	0.157
3810.000	5.000	580.078	0.144
3820.000	5.000	580.078	0.144
3830.000	5.000	580.078	0.144
3840.000	5.000	605.469	0.164
3850.000	5.000	605.469	0.164
3860.000	5.000	605.469	0.164
3870.000	5.000	628.906	0.167
3880.000	5.000	628.906	0.167
3890.000	5.000	628.906	0.167
3900.000	5.000	578.125	0.152
3910.000	5.000	578.125	0.152
3920.000	5.000	578.125	0.152
3930.000	5.000	595.703	0.163
3940.000	5.000	595.703	0.163
3950.000	5.000	595.703	0.163
3960.000	5.000	623.047	0.147
3970.000	5.000	623.047	0.147
3980.000	5.000	623.047	0.147
3990.000	5.000	644.531	0.135
4000.000	5.000	644.531	0.135
4010.000	5.000	644.531	0.135
4020.000	5.000	597.656	0.169
4030.000	5.000	597.656	0.169
4040.000	5.000	597.656	0.169
4050.000	5.000	666.016	0.172
4060.000	5.000	666.016	0.172
4070.000	5.000	666.016	0.172
4080.000	5.000	619.141	0.171
4090.000	5.000	619.141	0.171
4100.000	5.000	619.141	0.171
4110.000	5.000	669.922	0.171
4120.000	5.000	669.922	0.171
4130.000	5.000	669.922	0.171
4140.000	5.000	662.109	0.146
4150.000	5.000	662.109	0.146
4160.000	5.000	662.109	0.146
4170.000	5.000	646.484	0.174
4180.000	5.000	646.484	0.174
4190.000	5.000	646.484	0.174
4200.000	5.000	644.531	0.137
4210.000	5.000	644.531	0.137
4220.000	5.000	644.531	0.137
4230.000	5.000	683.594	0.167
4240.000	5.000	683.594	0.167
4250.000	5.000	683.594	0.167
4260.000	5.000	650.391	0.173
4270.000	5.000	650.391	0.173
4280.000	5.000	650.391	0.173
4290.000	5.000	685.547	0.176
4300.000	5.000	685.547	0.176
4310.000	5.000	685.547	0.176
4320.000	5.000	697.266	0.180
4330.000	5.000	697.266	0.180
4340.000	5.000	697.266	0.180
4350.000	5.000	699.219	0.150
4360.000	5.000	699.219	0.150
4370.000	5.000	699.219	0.150
4380.000	5.000	714.844	0.149
4390.000	5.000	714.844	0.149
4400.000	5.000	714.844	0.149
4410.000	5.000	714.844	0.161
4420.000	5.000	714.844	0.161
4430.000	5.000	714.844	0.161
4440.000	5.000	707.031	0.154
4450.000	5.000	707.031	0.154
4460.000	5.000	707.031	0.154
4470.000	5.000	691.406	0.184
4480.000	5.000	691.406	0.184
4490.000	5.000	691.406	0.184
4500.000	5.000	681.641	0.153
4510.000	5.000	681.641	0.153
4520.000	5.000	681.641	0.153
4530.000	5.000	722.656	0.169
4540.000	5.000	722.656	0.169
4550.000	5.000	722.656	0.169
4560.000	5.000	726.562	0.162
4570.000	5.000	726.562	0.162
4580.000	5.000	726.562	0.162
4590.000	5.000	707.031	0.152
4600.000	5.000	707.031	0.152
4610.000	5.000	707.031	0.152
4620.000	5.000	724.609	0.159
4630.000	5.000	724.609	0.159
4640.000	5.000	724.609	0.159
4650.000	5.000	750.000	0.160
4660.000	5.000	750.000	0.160
4670.000	5.000	750.000	0.160
4680.000	5.000	724.609	0.162
4690.000	5.000	724.609	0.162
4700.000	5.000	724.609	0.162
4710.000	5.000	757.812	0.165
4720.000	5.000	757.812	0.165
4730.000	5.000	757.812	0.165
4740.000	5.000	740.234	0.164
4750.000	5.000	740.234	0.164
4760.000	5.000	740.234	0.164
4770.000	5.000	744.141	0.155
4780.000	5.000	744.141	0.155
4790.000	5.000	744.141	0.155
4800.000	5.000	730.469	0.170
4810.000	5.000	730.469	0.170
4820.000	5.000	730.469	0.170
4830.000	5.000	781.250	0.165
4840.000	5.000	781.250	0.165
4850.000	5.000	781.250	0.165
4860.000	5.000	785.156	0.150
4870.000	5.000	785.156	0.150
4880.000	5.000	785.156	0.150
4890.000	5.000	738.281	0.167
4900.000	5.000	738.281	0.167
4910.000	5.000	738.281	0.167
4920.000	5.000	775.391	0.169
4930.000	5.000	775.391	0.169
4940.000	5.000	775.391	0.169
4950.000	5.000	804.687	0.161
4960.000	5.000	804.687	0.161
4970.000	5.000	804.687	0.161
4980.000	5.000	814.453	0.159
4990.000	5.000	814.453	0.159
5000.000	5.000	814.453	0.159
5010.000	5.000	796.875	0.163
5020.000	5.000	796.875	0.163
5030.000	5.000	796.875	0.163
5040.000	5.000	820.312	0.153
5050.000	5.000	820.312	0.153
5060.000	5.000	820.312	0.153
5070.000	5.000	785.156	0.129
5080.000	5.000	785.156	0.129
5090.000	5.000	785.156	0.129
5100.000	5.000	820.312	0.168
5110.000	5.000	820.312	0.168
5120.000	5.000	820.312	0.168
5130.000	5.000	841.797	0.175
5140.000	5.000	841.797	0.175
5150.000	5.000	841.797	0.175
5160.000	5.000	824.219	0.186
5170.000	5.000	824.219	0.186
5180.000	5.000	824.219	0.186
5190.000	5.000	830.078	0.149
5200.000	5.000	830.078	0.149
5210.000	5.000	830.078	0.149
5220.000	5.000	833.984	0.154
5230.000	5.000	833.984	0.154
5240.000	5.000	833.984	0.154
5250.000	5.000	841.797	0.168
5260.000	5.000	841.797	0.168
5270.000	5.000	841.797	0.168
5280.000	5.000	830.078	0.151
5290.000	5.000	830.078	0.151
5300.000	5.000	830.078	0.151
5310.000	5.000	822.266	0.161
5320.000	5.000	822.266	0.161
5330.000	5.000	822.266	0.161
5340.000	5.000	841.797	0.162
5350.000	5.000	841.797	0.162
5360.000	5.000	841.797	0.162
5370.000	5.000	871.094	0.155
5380.000	5.000	871.094	0.155
5390.000	5.000	871.094	0.155
5400.000	5.000	882.812	0.153
5410.000	5.000	882.812	0.153
5420.000	5.000	882.812	0.153
5430.000	5.000	830.078	0.160
5440.000	5.000	830.078	0.160
5450.000	5.000	830.078	0.160
5460.000	5.000	853.516	0.158
5470.000	5.000	853.516	0.158
5480.000	5.000	853.516	0.158
5490.000	5.000	867.187	0.148
5500.000	5.000	867.187	0.148
5510.000	5.000	867.187	0.148
5520.000	5.000	908.203	0.170
5530.000	5.000	908.203	0.170
5540.000	5.000	908.203	0.170
5550.000	5.000	888.672	0.141
5560.000	5.000	888.672	0.141
5570.000	5.000	888.672	0.141
5580.000	5.000	898.437	0.163
5590.000	5.000	898.437	0.163
5600.000	5.000	898.437	0.163
5610.000	5.000	896.484	0.177
5620.000	5.000	896.484	0.177
5630.000	5.000	896.484	0.177
5640.000	5.000	861.328	0.160
5650.000	5.000	861.328	0.160
5660.000	5.000	861.328	0.160
5670.000	5.000	906.250	0.178
5680.000	5.000	906.250	0.178
5690.000	5.000	906.250	0.178
5700.000	5.000	927.734	0.160
5710.000	5.000	927.734	0.160
5720.000	5.000	927.734	0.160
5730.000	5.000	908.203	0.161
5740.000	5.000	908.203	0.161
5750.000	5.000	908.203	0.161
5760.000	5.000	941.406	0.138
5770.000	5.000	941.406	0.138
5780.000	5.000	941.406	0.138
5790.000	5.000	914.062	0.163
5800.000	5.000	914.062	0.163
5810.000	5.000	914.062	0.163
5820.000	5.000	914.062	0.158
5830.000	5.000	914.062	0.158
5840.000	5.000	914.062	0.158
5850.000	5.000	933.594	0.173
5860.000	5.000	933.594	0.173
5870.000	5.000	933.594	0.173
5880.000	5.000	916.016	0.152
5890.000	5.000	916.016	0.152
5900.000	5.000	916.016	0.152
5910.000	5.000	937.500	0.150
5920.000	5.000	937.500	0.150
5930.000	5.000	937.500	0.150
5940.000	5.000	978.516	0.138
5950.000	5.000	978.516	0.138
5960.000	5.000	978.516	0.138
5970.000	5.000	964.844	0.182
5980.000	5.000	964.844	0.182
5990.000	5.000	964.844	0.182
6000.000	5.000	945.312	0.146
6010.000	5.000	945.312	0.146
6020.000	5.000	945.312	0.146
6030.000	5.000	958.984	0.148
6040.000	5.000	958.984	0.148
6050.000	5.000	958.984	0.148
6060.000	5.000	978.516	0.163
6070.000	5.000	978.516	0.163
6080.000	5.000	978.516	0.163
6090.000	5.000	980.469	0.161
6100.000	5.000	980.469	0.161
6110.000	5.000	980.469	0.161
6120.000	5.000	957.031	0.090
6130.000	5.000	957.031	0.090
6140.000	5.000	957.031	0.090
6150.000	5.000	972.656	0.038
6160.000	5.000	972.656	0.038
6170.000	5.000	972.656	0.038
6180.000	5.000	912.109	0.021
6190.000	5.000	912.109	0.021
6200.000	5.000	912.109	0.021
6210.000	5.000	931.641	0.020
6220.000	5.000	931.641	0.020
6230.000	5.000	931.641	0.020
6240.000	5.000	933.594	0.003
6250.000	5.000	933.594	0.003
6260.000	5.000	933.594	0.003
6270.000	5.000	943.359	-0.028
6280.000	5.000	943.359	-0.028
6290.000	5.000	943.359	-0.028
6300.000	5.000	904.297	0.001
6310.000	5.000	904.297	0.001
6320.000	5.000	904.297	0.001
6330.000	5.000	888.672	0.014
6340.000	5.000	888.672	0.014
6350.000	5.000	888.672	0.014
6360.000	5.000	914.062	0.001
6370.000	5.000	914.062	0.001
6380.000	5.000	914.062	0.001
6390.000	5.000	910.156	0.009
6400.000	5.000	910.156	0.009
6410.000	5.000	910.156	0.009
6420.000	5.000	875.000	-0.001
6430.000	5.000	875.000	-0.001
6440.000	5.000	875.000	-0.001
6450.000	5.000	833.984	0.002
6460.000	5.000	833.984	0.002
6470.000	5.000	833.984	0.002
6480.000	5.000	853.516	0.004
6490.000	5.000	853.516	0.004
6500.000	5.000	853.516	0.004
6510.000	5.000	880.859	0.017
6520.000	5.000	880.859	0.017
6530.000	5.000	880.859	0.017
6540.000	5.000	832.031	-0.014
6550.000	5.000	832.031	-0.014
6560.000	5.000	832.031	-0.014
6570.000	5.000	849.609	0.002
6580.000	5.000	849.609	0.002
6590.000	5.000	849.609	0.002
6600.000	5.000	791.016	0.002
6610.000	5.000	791.016	0.002
6620.000	5.000	791.016	0.002
6630.000	5.000	765.625	-0.006
6640.000	5.000	765.625	-0.006
6650.000	5.000	765.625	-0.006
6660.000	5.000	804.687	0.010
6670.000	5.000	804.687	0.010
6680.000	5.000	804.687	0.010
6690.000	5.000	783.203	0.003
6700.000	5.000	783.203	0.003
6710.000	5.000	783.203	0.003
6720.000	5.000	783.203	-0.004
6730.000	5.000	783.203	-0.004
6740.000	5.000	783.203	-0.004
6750.000	5.000	796.875	-0.028
6760.000	5.000	796.875	-0.028
6770.000	5.000	796.875	-0.028
6780.000	5.000	767.578	0.008
6790.000	5.000	767.578	0.008
6800.000	5.000	767.578	0.008
6810.000	5.000	775.391	-0.011
6820.000	5.000	775.391	-0.011
6830.000	5.000	775.391	-0.011
6840.000	5.000	765.625	0.017
6850.000	5.000	765.625	0.017
6860.000	5.000	765.625	0.017
6870.000	5.000	701.172	-0.007
6880.000	5.000	701.172	-0.007
6890.000	5.000	701.172	-0.007
6900.000	5.000	746.094	0.016
6910.000	5.000	746.094	0.016
6920.000	5.000	746.094	0.016
6930.000	5.000	750.000	0.020
6940.000	5.000	750.000	0.020
6950.000	5.000	750.000	0.020
6960.000	5.000	693.359	-0.001
6970.000	5.000	693.359	-0.001
6980.000	5.000	693.359	-0.001
6990.000	5.000	677.734	0.014
7000.000	5.000	677.734	0.014
7010.000	5.000	677.734	0.014
7020.000	5.000	718.750	-0.025
