% Time (s)	Gyro Output (rads/s)	Input Rate (RPM)	%2/21/20249:29 AM
0.000	0.000	0.000
3688.440	-0.010	0.000
3688.450	-0.010	0.000
3688.460	-0.010	0.000
3688.470	-0.010	0.000
3688.480	-0.010	0.000
3688.490	-0.010	0.000
3688.500	-0.010	0.000
3688.510	-0.010	0.000
3688.520	-0.010	0.000
3688.530	-0.010	0.000
3688.540	-0.010	0.000
3688.550	-0.010	-0.073
3688.560	0.010	-0.146
3688.570	0.010	-0.220
3688.580	0.010	-0.366
3688.590	0.060	-0.513
3688.600	0.060	-0.659
3688.610	0.060	-0.806
3688.620	0.090	-0.952
3688.630	0.090	-1.099
3688.640	0.090	-1.245
3688.650	0.120	-1.318
3688.660	0.120	-1.392
3688.670	0.120	-1.465
3688.680	0.150	-1.465
3688.690	0.150	-1.465
3688.700	0.150	-1.465
3688.710	0.180	-1.611
3688.720	0.180	-1.685
3688.730	0.180	-1.904
3688.740	0.200	-2.051
3688.750	0.200	-2.124
3688.760	0.200	-2.271
3688.770	0.220	-2.344
3688.780	0.220	-2.417
3688.790	0.220	-2.563
3688.800	0.230	-2.856
3688.810	0.230	-2.930
3688.820	0.230	-3.076
3688.830	0.250	-2.930
3688.840	0.250	-2.856
3688.850	0.250	-2.856
3688.860	0.260	-2.783
3688.870	0.260	-2.856
3688.880	0.260	-2.930
3688.890	0.280	-3.076
3688.900	0.280	-2.930
3688.910	0.280	-2.930
3688.920	0.280	-2.856
3688.930	0.280	-2.856
3688.940	0.280	-3.003
3688.950	0.280	-3.149
3688.960	0.280	-3.369
3688.970	0.280	-3.442
3688.980	0.270	-3.442
3688.990	0.270	-3.223
3689.000	0.270	-3.149
3689.010	0.260	-2.930
3689.020	0.260	-2.856
3689.030	0.260	-2.930
3689.040	0.230	-2.856
3689.050	0.230	-2.783
3689.060	0.230	-2.637
3689.070	0.210	-2.490
3689.080	0.210	-2.417
3689.090	0.210	-2.344
3689.100	0.180	-2.344
3689.110	0.180	-2.271
3689.120	0.180	-2.271
3689.130	0.150	-2.124
3689.140	0.150	-1.978
3689.150	0.150	-1.758
3689.160	0.110	-1.611
3689.170	0.110	-1.538
3689.180	0.110	-1.392
3689.190	0.060	-1.318
3689.200	0.060	-1.172
3689.210	0.060	-1.099
3689.220	0.010	-0.879
3689.230	0.010	-0.659
3689.240	0.010	-0.439
3689.250	-0.040	-0.220
3689.260	-0.040	0.073
3689.270	-0.040	0.293
3689.280	-0.100	0.586
3689.290	-0.100	0.732
3689.300	-0.100	1.025
3689.310	-0.150	1.172
3689.320	-0.150	1.392
3689.330	-0.150	1.538
3689.340	-0.210	1.685
3689.350	-0.210	1.831
3689.360	-0.210	2.124
3689.370	-0.260	2.417
3689.380	-0.260	2.490
3689.390	-0.260	2.710
3689.400	-0.320	2.783
3689.410	-0.320	2.930
3689.420	-0.320	3.223
3689.430	-0.380	3.589
3689.440	-0.380	3.882
3689.450	-0.380	3.955
3689.460	-0.400	3.955
3689.470	-0.400	4.175
3689.480	-0.400	4.395
3689.490	-0.440	4.541
3689.500	-0.440	4.614
3689.510	-0.440	4.687
3689.520	-0.480	4.907
3689.530	-0.480	4.980
3689.540	-0.480	4.980
3689.550	-0.510	5.200
3689.560	-0.510	5.566
3689.570	-0.510	5.493
3689.580	-0.550	5.493
3689.590	-0.550	5.640
3689.600	-0.550	6.152
3689.610	-0.590	6.445
3689.620	-0.590	6.299
3689.630	-0.590	6.445
3689.640	-0.630	6.592
3689.650	-0.630	6.519
3689.660	-0.630	6.372
3689.670	-0.650	6.885
3689.680	-0.650	7.031
3689.690	-0.650	7.251
3689.700	-0.680	7.251
3689.710	-0.680	7.178
3689.720	-0.680	7.251
3689.730	-0.710	7.544
3689.740	-0.710	7.544
3689.750	-0.710	7.837
3689.760	-0.730	8.130
3689.770	-0.730	7.690
3689.780	-0.730	7.764
3689.790	-0.760	8.057
3689.800	-0.760	7.910
3689.810	-0.760	8.350
3689.820	-0.780	8.496
3689.830	-0.780	8.130
3689.840	-0.780	8.569
3689.850	-0.790	8.569
3689.860	-0.790	8.496
3689.870	-0.790	8.862
3689.880	-0.810	8.789
3689.890	-0.810	8.716
3689.900	-0.810	8.936
3689.910	-0.820	8.789
3689.920	-0.820	9.009
3689.930	-0.820	9.009
3689.940	-0.830	8.862
3689.950	-0.830	9.082
3689.960	-0.830	9.009
3689.970	-0.830	9.082
3689.980	-0.830	9.082
3689.990	-0.830	8.862
3690.000	-0.820	9.082
3690.010	-0.820	9.009
3690.020	-0.820	9.009
3690.030	-0.810	9.009
3690.040	-0.810	8.789
3690.050	-0.810	8.862
3690.060	-0.800	8.936
3690.070	-0.800	8.716
3690.080	-0.800	8.936
3690.090	-0.790	8.789
3690.100	-0.790	8.496
3690.110	-0.790	8.716
3690.120	-0.770	8.423
3690.130	-0.770	8.716
3690.140	-0.770	8.643
3690.150	-0.740	8.203
3690.160	-0.740	8.276
3690.170	-0.740	8.203
3690.180	-0.710	8.057
3690.190	-0.710	8.276
3690.200	-0.710	7.983
3690.210	-0.670	7.471
3690.220	-0.670	7.397
3690.230	-0.670	7.324
3690.240	-0.630	7.251
3690.250	-0.630	7.178
3690.260	-0.630	7.031
3690.270	-0.570	6.812
3690.280	-0.570	6.519
3690.290	-0.570	6.079
3690.300	-0.520	6.079
3690.310	-0.520	6.226
3690.320	-0.520	6.006
3690.330	-0.460	5.420
3690.340	-0.460	5.273
3690.350	-0.460	5.127
3690.360	-0.400	4.834
3690.370	-0.400	4.614
3690.380	-0.400	4.395
3690.390	-0.330	4.175
3690.400	-0.330	3.809
3690.410	-0.330	3.369
3690.420	-0.270	3.149
3690.430	-0.270	3.076
3690.440	-0.270	2.930
3690.450	-0.200	2.710
3690.460	-0.200	2.417
3690.470	-0.200	2.271
3690.480	-0.140	2.124
3690.490	-0.140	1.978
3690.500	-0.140	1.611
3690.510	-0.070	1.611
3690.520	-0.070	1.392
3690.530	-0.070	0.806
3690.540	-0.010	0.806
3690.550	-0.010	0.513
3690.560	-0.010	0.000
3690.570	0.040	0.000
3690.580	0.040	-0.220
3690.590	0.040	-0.366
3690.600	0.080	-0.586
3690.610	0.080	-0.879
3690.620	0.080	-1.099
3690.630	0.120	-1.318
3690.640	0.120	-1.465
3690.650	0.120	-1.611
3690.660	0.160	-1.685
3690.670	0.160	-1.758
3690.680	0.160	-1.831
3690.690	0.190	-1.904
3690.700	0.190	-1.831
3690.710	0.190	-1.904
3690.720	0.210	-1.978
3690.730	0.210	-2.124
3690.740	0.210	-2.271
3690.750	0.230	-2.344
3690.760	0.230	-2.417
3690.770	0.230	-2.563
3690.780	0.260	-2.637
3690.790	0.260	-2.856
3690.800	0.260	-3.149
3690.810	0.280	-3.296
3690.820	0.280	-3.296
3690.830	0.280	-3.149
3690.840	0.290	-3.149
3690.850	0.290	-3.149
3690.860	0.290	-3.223
3690.870	0.310	-3.442
3690.880	0.310	-3.516
3690.890	0.310	-3.516
3690.900	0.320	-3.369
3690.910	0.320	-3.223
3690.920	0.320	-3.369
3690.930	0.300	-3.735
3690.940	0.300	-3.882
3690.950	0.300	-3.955
3690.960	0.350	-3.955
3690.970	0.350	-3.662
3690.980	0.350	-3.589
3690.990	0.310	-3.516
3691.000	0.310	-3.662
3691.010	0.310	-3.735
3691.020	0.290	-3.589
3691.030	0.290	-3.296
3691.040	0.290	-3.149
3691.050	0.300	-3.076
3691.060	0.300	-3.149
3691.070	0.300	-3.296
3691.080	0.250	-3.369
3691.090	0.250	-3.296
3691.100	0.250	-3.076
3691.110	0.210	-2.930
3691.120	0.210	-2.783
3691.130	0.210	-2.637
3691.140	0.200	-2.490
3691.150	0.200	-2.344
3691.160	0.200	-2.197
3691.170	0.160	-1.904
3691.180	0.160	-1.758
3691.190	0.160	-1.611
3691.200	0.110	-1.611
3691.210	0.110	-1.465
3691.220	0.110	-1.392
3691.230	0.060	-1.318
3691.240	0.060	-1.172
3691.250	0.060	-1.025
3691.260	0.020	-0.806
3691.270	0.020	-0.732
3691.280	0.020	-0.439
3691.290	-0.030	-0.220
3691.300	-0.030	0.073
3691.310	-0.030	0.293
3691.320	-0.090	0.586
3691.330	-0.090	0.806
3691.340	-0.090	0.952
3691.350	-0.150	1.099
3691.360	-0.150	1.318
3691.370	-0.150	1.465
3691.380	-0.200	1.611
3691.390	-0.200	1.685
3691.400	-0.200	1.904
3691.410	-0.260	2.197
3691.420	-0.260	2.417
3691.430	-0.260	2.563
3691.440	-0.300	2.783
3691.450	-0.300	2.930
3691.460	-0.300	3.076
3691.470	-0.340	3.369
3691.480	-0.340	3.662
3691.490	-0.340	3.809
3691.500	-0.380	3.809
3691.510	-0.380	3.735
3691.520	-0.380	3.662
3691.530	-0.410	3.955
3691.540	-0.410	4.175
3691.550	-0.410	4.395
3691.560	-0.440	4.468
3691.570	-0.440	4.541
3691.580	-0.440	4.687
3691.590	-0.470	4.761
3691.600	-0.470	4.907
3691.610	-0.470	4.980
3691.620	-0.490	5.347
3691.630	-0.490	5.347
3691.640	-0.490	5.347
3691.650	-0.510	5.273
3691.660	-0.510	5.566
3691.670	-0.510	5.640
3691.680	-0.540	5.420
3691.690	-0.540	5.493
3691.700	-0.540	5.859
3691.710	-0.580	6.226
3691.720	-0.580	6.006
3691.730	-0.580	6.152
3691.740	-0.590	6.299
3691.750	-0.590	6.445
3691.760	-0.590	6.226
3691.770	-0.610	6.519
3691.780	-0.610	6.812
3691.790	-0.610	6.958
3691.800	-0.640	6.958
3691.810	-0.640	6.812
3691.820	-0.640	6.885
3691.830	-0.650	6.812
3691.840	-0.650	7.031
3691.850	-0.650	7.178
3691.860	-0.670	7.397
3691.870	-0.670	7.397
3691.880	-0.670	7.251
3691.890	-0.680	7.178
3691.900	-0.680	7.324
3691.910	-0.680	7.471
3691.920	-0.690	7.544
3691.930	-0.690	7.764
3691.940	-0.690	7.471
3691.950	-0.690	7.324
3691.960	-0.690	7.397
3691.970	-0.690	7.397
3691.980	-0.690	7.471
3691.990	-0.690	7.690
3692.000	-0.690	7.471
3692.010	-0.680	7.251
3692.020	-0.680	7.324
3692.030	-0.680	7.324
3692.040	-0.650	7.324
3692.050	-0.650	7.324
3692.060	-0.650	7.397
3692.070	-0.640	7.104
3692.080	-0.640	6.958
3692.090	-0.640	6.812
3692.100	-0.630	7.031
3692.110	-0.630	6.958
3692.120	-0.630	6.885
3692.130	-0.600	6.812
3692.140	-0.600	6.665
3692.150	-0.600	6.519
3692.160	-0.560	6.152
3692.170	-0.560	6.372
3692.180	-0.560	6.445
3692.190	-0.530	6.226
3692.200	-0.530	5.786
3692.210	-0.530	5.859
3692.220	-0.490	5.713
3692.230	-0.490	5.273
3692.240	-0.490	5.054
3692.250	-0.440	4.980
3692.260	-0.440	4.907
3692.270	-0.440	4.687
3692.280	-0.380	4.541
3692.290	-0.380	4.395
3692.300	-0.380	4.175
3692.310	-0.330	3.882
3692.320	-0.330	3.662
3692.330	-0.330	3.662
3692.340	-0.270	3.735
3692.350	-0.270	3.589
3692.360	-0.270	2.856
3692.370	-0.210	2.856
3692.380	-0.210	2.563
3692.390	-0.210	2.051
3692.400	-0.140	2.051
3692.410	-0.140	1.831
3692.420	-0.140	1.245
3692.430	-0.080	1.245
3692.440	-0.080	0.879
3692.450	-0.080	0.439
3692.460	0.010	0.439
3692.470	0.010	0.293
3692.480	0.010	-0.146
3692.490	0.050	-0.146
3692.500	0.050	-0.293
3692.510	0.050	-0.806
3692.520	0.130	-0.806
3692.530	0.130	-1.099
3692.540	0.130	-1.758
3692.550	0.200	-1.758
3692.560	0.200	-1.904
3692.570	0.200	-2.197
3692.580	0.230	-2.344
3692.590	0.230	-2.563
3692.600	0.230	-2.783
3692.610	0.270	-3.149
3692.620	0.270	-3.296
3692.630	0.270	-3.296
3692.640	0.300	-3.223
3692.650	0.300	-3.149
3692.660	0.300	-3.296
3692.670	0.320	-3.369
3692.680	0.320	-3.589
3692.690	0.320	-3.735
3692.700	0.350	-3.735
3692.710	0.350	-3.589
3692.720	0.350	-3.662
3692.730	0.370	-3.955
3692.740	0.370	-4.175
3692.750	0.370	-4.321
3692.760	0.400	-4.321
3692.770	0.400	-4.395
3692.780	0.400	-4.468
3692.790	0.420	-4.614
3692.800	0.420	-4.687
3692.810	0.420	-4.761
3692.820	0.440	-4.907
3692.830	0.440	-4.980
3692.840	0.440	-4.980
3692.850	0.460	-4.980
3692.860	0.460	-5.054
3692.870	0.460	-5.200
3692.880	0.470	-5.200
3692.890	0.470	-5.054
3692.900	0.470	-5.054
3692.910	0.460	-5.200
3692.920	0.460	-5.347
3692.930	0.460	-5.127
3692.940	0.460	-5.054
3692.950	0.460	-5.054
3692.960	0.460	-5.200
3692.970	0.450	-5.200
3692.980	0.450	-5.127
3692.990	0.450	-5.127
3693.000	0.450	-5.273
3693.010	0.450	-5.347
3693.020	0.450	-5.054
3693.030	0.450	-5.054
3693.040	0.450	-4.907
3693.050	0.450	-4.980
3693.060	0.440	-5.054
3693.070	0.440	-4.907
3693.080	0.440	-4.761
3693.090	0.410	-4.761
3693.100	0.410	-4.614
3693.110	0.410	-4.541
3693.120	0.380	-4.541
3693.130	0.380	-4.395
3693.140	0.380	-4.395
3693.150	0.350	-4.248
3693.160	0.350	-3.882
3693.170	0.350	-3.735
3693.180	0.300	-3.809
3693.190	0.300	-3.662
3693.200	0.300	-3.516
3693.210	0.250	-3.149
3693.220	0.250	-2.930
3693.230	0.250	-2.783
3693.240	0.200	-2.710
3693.250	0.200	-2.637
3693.260	0.200	-2.490
3693.270	0.150	-2.417
3693.280	0.150	-2.124
3693.290	0.150	-1.904
3693.300	0.090	-1.758
3693.310	0.090	-1.538
3693.320	0.090	-1.392
3693.330	0.040	-1.245
3693.340	0.040	-1.025
3693.350	0.040	-0.732
3693.360	-0.020	-0.513
3693.370	-0.020	-0.073
3693.380	-0.020	0.220
3693.390	-0.080	0.439
3693.400	-0.080	0.806
3693.410	-0.080	0.952
3693.420	-0.130	1.245
3693.430	-0.130	1.392
3693.440	-0.130	1.538
3693.450	-0.180	1.685
3693.460	-0.180	1.831
3693.470	-0.180	1.904
3693.480	-0.220	2.197
3693.490	-0.220	2.344
3693.500	-0.220	2.417
3693.510	-0.260	2.563
3693.520	-0.260	2.637
3693.530	-0.260	2.783
3693.540	-0.300	3.003
3693.550	-0.300	3.369
3693.560	-0.300	3.442
3693.570	-0.340	3.442
3693.580	-0.340	3.442
3693.590	-0.340	3.662
3693.600	-0.380	3.662
3693.610	-0.380	3.882
3693.620	-0.380	4.248
3693.630	-0.420	4.248
3693.640	-0.420	4.321
3693.650	-0.420	4.395
3693.660	-0.450	4.395
3693.670	-0.450	4.614
3693.680	-0.450	4.761
3693.690	-0.470	4.761
3693.700	-0.470	4.980
3693.710	-0.470	5.054
3693.720	-0.490	5.054
3693.730	-0.490	5.127
3693.740	-0.490	5.347
3693.750	-0.510	5.713
3693.760	-0.510	5.640
3693.770	-0.510	5.566
3693.780	-0.540	5.713
3693.790	-0.540	5.933
3693.800	-0.540	5.786
3693.810	-0.560	5.713
3693.820	-0.560	5.859
3693.830	-0.560	6.299
3693.840	-0.580	6.299
3693.850	-0.580	6.079
3693.860	-0.580	6.372
3693.870	-0.590	6.445
3693.880	-0.590	6.226
3693.890	-0.590	6.226
3693.900	-0.600	6.592
3693.910	-0.600	6.665
3693.920	-0.600	6.592
3693.930	-0.600	6.592
3693.940	-0.600	6.592
3693.950	-0.600	6.445
3693.960	-0.600	6.152
3693.970	-0.600	6.445
3693.980	-0.600	6.665
3693.990	-0.590	6.592
3694.000	-0.590	6.445
3694.010	-0.590	6.519
3694.020	-0.580	6.445
3694.030	-0.580	6.079
3694.040	-0.580	6.226
3694.050	-0.560	6.519
3694.060	-0.560	6.445
3694.070	-0.560	6.079
3694.080	-0.540	6.152
3694.090	-0.540	6.079
3694.100	-0.540	5.713
3694.110	-0.510	5.420
3694.120	-0.510	5.420
3694.130	-0.510	5.640
3694.140	-0.460	5.420
3694.150	-0.460	5.127
3694.160	-0.460	5.054
3694.170	-0.420	4.980
3694.180	-0.420	4.761
3694.190	-0.420	4.687
3694.200	-0.390	4.614
3694.210	-0.390	4.468
3694.220	-0.390	4.248
3694.230	-0.350	3.882
3694.240	-0.350	3.735
3694.250	-0.350	3.735
3694.260	-0.300	3.662
3694.270	-0.300	3.442
3694.280	-0.300	3.223
3694.290	-0.250	2.930
3694.300	-0.250	2.783
3694.310	-0.250	2.783
3694.320	-0.200	2.637
3694.330	-0.200	2.490
3694.340	-0.200	2.197
3694.350	-0.140	1.904
3694.360	-0.140	1.611
3694.370	-0.140	1.392
3694.380	-0.070	1.172
3694.390	-0.070	1.025
3694.400	-0.070	0.879
3694.410	-0.010	0.586
3694.420	-0.010	0.293
3694.430	-0.010	0.073
3694.440	0.060	-0.146
3694.450	0.060	-0.439
3694.460	0.060	-0.659
3694.470	0.110	-0.806
3694.480	0.110	-1.099
3694.490	0.110	-1.318
3694.500	0.170	-1.538
3694.510	0.170	-1.758
3694.520	0.170	-2.051
3694.530	0.230	-2.344
3694.540	0.230	-2.563
3694.550	0.230	-2.637
3694.560	0.280	-2.783
3694.570	0.280	-2.856
3694.580	0.280	-3.149
3694.590	0.300	-3.442
3694.600	0.300	-3.442
3694.610	0.300	-3.442
3694.620	0.330	-3.442
3694.630	0.330	-3.442
3694.640	0.330	-3.589
3694.650	0.360	-4.028
3694.660	0.360	-4.175
3694.670	0.360	-4.321
3694.680	0.390	-4.321
3694.690	0.390	-4.321
3694.700	0.390	-4.321
3694.710	0.420	-4.541
3694.720	0.420	-4.614
3694.730	0.420	-4.761
3694.740	0.450	-4.907
3694.750	0.450	-4.980
3694.760	0.450	-4.980
3694.770	0.490	-5.054
3694.780	0.490	-5.273
3694.790	0.490	-5.566
3694.800	0.510	-5.713
3694.810	0.510	-5.640
3694.820	0.510	-6.006
3694.830	0.530	-6.152
3694.840	0.530	-6.006
3694.850	0.530	-5.713
3694.860	0.540	-5.859
3694.870	0.540	-6.152
3694.880	0.540	-6.226
3694.890	0.550	-6.079
3694.900	0.550	-6.226
3694.910	0.550	-6.299
3694.920	0.550	-6.006
3694.930	0.550	-5.859
3694.940	0.550	-6.079
3694.950	0.550	-6.299
3694.960	0.550	-6.226
3694.970	0.550	-6.152
3694.980	0.540	-6.372
3694.990	0.540	-6.299
3695.000	0.540	-5.933
3695.010	0.530	-5.859
3695.020	0.530	-6.079
3695.030	0.530	-6.079
3695.040	0.510	-5.786
3695.050	0.510	-5.713
3695.060	0.510	-5.933
3695.070	0.490	-5.786
3695.080	0.490	-5.347
3695.090	0.490	-5.200
3695.100	0.460	-5.273
3695.110	0.460	-5.347
3695.120	0.460	-5.127
3695.130	0.420	-4.980
3695.140	0.420	-4.980
3695.150	0.420	-4.907
3695.160	0.390	-4.761
3695.170	0.390	-4.614
3695.180	0.390	-4.541
3695.190	0.360	-4.468
3695.200	0.360	-4.248
3695.210	0.360	-3.955
3695.220	0.320	-3.735
3695.230	0.320	-3.809
3695.240	0.320	-3.662
3695.250	0.280	-3.369
3695.260	0.280	-3.003
3695.270	0.280	-2.856
3695.280	0.220	-2.710
3695.290	0.220	-2.637
3695.300	0.220	-2.490
3695.310	0.160	-2.344
3695.320	0.160	-2.197
3695.330	0.160	-1.904
3695.340	0.100	-1.685
3695.350	0.100	-1.538
3695.360	0.100	-1.318
3695.370	0.040	-1.099
3695.380	0.040	-0.952
3695.390	0.040	-0.586
3695.400	-0.030	-0.366
3695.410	-0.030	-0.073
3695.420	-0.030	0.220
3695.430	-0.110	0.586
3695.440	-0.110	0.806
3695.450	-0.110	1.025
3695.460	-0.170	1.245
3695.470	-0.170	1.465
3695.480	-0.170	1.685
3695.490	-0.210	1.758
3695.500	-0.210	2.051
3695.510	-0.210	2.197
3695.520	-0.240	2.344
3695.530	-0.240	2.417
3695.540	-0.240	2.490
3695.550	-0.270	2.563
3695.560	-0.270	2.637
3695.570	-0.270	2.710
3695.580	-0.310	3.003
3695.590	-0.310	3.223
3695.600	-0.310	3.369
3695.610	-0.330	3.442
3695.620	-0.330	3.442
3695.630	-0.330	3.882
3695.640	-0.360	3.882
3695.650	-0.360	4.102
3695.660	-0.360	4.175
3695.670	-0.390	4.175
3695.680	-0.390	4.102
3695.690	-0.390	4.395
3695.700	-0.420	4.395
3695.710	-0.420	4.468
3695.720	-0.420	4.687
3695.730	-0.450	4.687
3695.740	-0.450	4.761
3695.750	-0.450	4.834
3695.760	-0.480	4.834
3695.770	-0.480	5.054
3695.780	-0.480	5.273
3695.790	-0.510	5.420
3695.800	-0.510	5.347
3695.810	-0.510	5.420
3695.820	-0.530	5.786
3695.830	-0.530	5.786
3695.840	-0.530	5.640
3695.850	-0.540	5.640
3695.860	-0.540	5.933
3695.870	-0.540	6.152
3695.880	-0.550	6.006
3695.890	-0.550	5.859
3695.900	-0.550	6.079
3695.910	-0.550	6.079
3695.920	-0.550	5.713
3695.930	-0.550	5.713
3695.940	-0.560	6.006
3695.950	-0.560	6.299
3695.960	-0.560	6.079
3695.970	-0.560	6.006
3695.980	-0.560	6.152
3695.990	-0.560	6.079
3696.000	-0.550	5.786
3696.010	-0.550	5.859
3696.020	-0.550	6.152
3696.030	-0.540	6.226
3696.040	-0.540	5.933
3696.050	-0.540	5.713
3696.060	-0.510	5.859
3696.070	-0.510	5.640
3696.080	-0.510	5.347
3696.090	-0.480	5.273
3696.100	-0.480	5.273
3696.110	-0.480	5.273
3696.120	-0.450	5.127
3696.130	-0.450	4.907
3696.140	-0.450	4.761
3696.150	-0.410	4.687
3696.160	-0.410	4.541
3696.170	-0.410	4.541
3696.180	-0.370	4.468
3696.190	-0.370	4.248
3696.200	-0.370	4.102
3696.210	-0.330	3.735
3696.220	-0.330	3.516
3696.230	-0.330	3.589
3696.240	-0.290	3.589
3696.250	-0.290	3.442
3696.260	-0.290	2.856
3696.270	-0.250	2.856
3696.280	-0.250	2.783
3696.290	-0.250	2.563
3696.300	-0.190	2.563
3696.310	-0.190	2.490
3696.320	-0.190	1.904
3696.330	-0.140	1.904
3696.340	-0.140	1.538
3696.350	-0.140	1.099
3696.360	-0.060	1.099
3696.370	-0.060	0.952
3696.380	-0.060	0.586
3696.390	-0.020	0.586
3696.400	-0.020	0.366
3696.410	-0.020	-0.073
3696.420	0.030	-0.073
3696.430	0.030	-0.366
3696.440	0.030	-0.732
3696.450	0.110	-0.732
3696.460	0.110	-0.879
3696.470	0.110	-1.318
3696.480	0.150	-1.318
3696.490	0.150	-1.538
3696.500	0.150	-1.831
3696.510	0.200	-2.197
3696.520	0.200	-2.417
3696.530	0.200	-2.490
3696.540	0.270	-2.637
3696.550	0.270	-2.710
3696.560	0.270	-2.856
3696.570	0.300	-3.149
3696.580	0.300	-3.369
3696.590	0.300	-3.516
3696.600	0.330	-3.516
3696.610	0.330	-3.442
3696.620	0.330	-3.589
3696.630	0.370	-4.028
3696.640	0.370	-4.175
3696.650	0.370	-4.321
3696.660	0.400	-4.395
3696.670	0.400	-4.395
3696.680	0.400	-4.541
3696.690	0.440	-4.687
3696.700	0.440	-4.761
3696.710	0.440	-4.907
3696.720	0.470	-5.127
3696.730	0.470	-5.127
3696.740	0.470	-5.127
3696.750	0.500	-5.200
3696.760	0.500	-5.493
3696.770	0.500	-5.786
3696.780	0.530	-5.786
3696.790	0.530	-5.786
3696.800	0.530	-6.152
3696.810	0.550	-6.299
3696.820	0.550	-6.006
3696.830	0.550	-5.859
3696.840	0.560	-6.226
3696.850	0.560	-6.372
3696.860	0.560	-6.226
3696.870	0.570	-6.299
3696.880	0.570	-6.445
3696.890	0.570	-6.372
3696.900	0.570	-6.152
3696.910	0.570	-6.226
3696.920	0.570	-6.445
3696.930	0.580	-6.519
3696.940	0.580	-6.445
3696.950	0.580	-6.665
3696.960	0.580	-6.665
3696.970	0.580	-6.372
3696.980	0.580	-6.226
3696.990	0.570	-6.445
3697.000	0.570	-6.445
3697.010	0.570	-6.226
3697.020	0.560	-6.445
3697.030	0.560	-6.445
3697.040	0.560	-6.152
3697.050	0.530	-5.859
3697.060	0.530	-5.933
3697.070	0.530	-6.152
3697.080	0.510	-6.006
3697.090	0.510	-5.859
3697.100	0.510	-5.933
3697.110	0.500	-6.079
3697.120	0.500	-5.566
3697.130	0.500	-5.347
3697.140	0.470	-5.347
3697.150	0.470	-5.420
3697.160	0.470	-5.347
3697.170	0.430	-5.054
3697.180	0.430	-4.980
3697.190	0.430	-4.834
3697.200	0.390	-4.687
3697.210	0.390	-4.541
3697.220	0.390	-4.468
3697.230	0.350	-4.395
3697.240	0.350	-4.175
3697.250	0.350	-3.809
3697.260	0.300	-3.589
3697.270	0.300	-3.369
3697.280	0.300	-3.369
3697.290	0.240	-3.223
3697.300	0.240	-2.856
3697.310	0.240	-2.490
3697.320	0.170	-2.344
3697.330	0.170	-2.197
3697.340	0.170	-2.051
3697.350	0.110	-1.904
3697.360	0.110	-1.611
3697.370	0.110	-1.025
3697.380	0.040	-1.025
3697.390	0.040	-0.732
3697.400	0.040	-0.366
3697.410	-0.030	-0.366
3697.420	-0.030	-0.146
3697.430	-0.030	0.293
3697.440	-0.080	0.293
3697.450	-0.080	0.513
3697.460	-0.080	0.732
3697.470	-0.130	0.952
3697.480	-0.130	1.245
3697.490	-0.130	1.465
3697.500	-0.180	1.685
3697.510	-0.180	1.831
3697.520	-0.180	1.978
3697.530	-0.220	1.978
3697.540	-0.220	2.124
3697.550	-0.220	2.271
3697.560	-0.270	2.417
3697.570	-0.270	2.710
3697.580	-0.270	2.930
3697.590	-0.310	2.930
3697.600	-0.310	3.076
3697.610	-0.310	3.442
3697.620	-0.350	3.442
3697.630	-0.350	3.809
3697.640	-0.350	4.028
3697.650	-0.390	4.028
3697.660	-0.390	3.955
3697.670	-0.390	4.028
3697.680	-0.420	4.028
3697.690	-0.420	4.321
3697.700	-0.420	4.541
3697.710	-0.440	4.541
3697.720	-0.440	4.614
3697.730	-0.440	4.834
3697.740	-0.460	4.834
3697.750	-0.460	4.907
3697.760	-0.460	5.347
3697.770	-0.490	5.347
3697.780	-0.490	5.420
3697.790	-0.490	5.347
3697.800	-0.510	5.347
3697.810	-0.510	5.566
3697.820	-0.510	5.640
3697.830	-0.530	5.420
3697.840	-0.530	5.493
3697.850	-0.530	5.786
3697.860	-0.550	6.079
3697.870	-0.550	5.933
3697.880	-0.550	5.859
3697.890	-0.570	6.152
3697.900	-0.570	6.152
3697.910	-0.570	5.933
3697.920	-0.570	6.006
3697.930	-0.570	6.372
3697.940	-0.570	6.445
3697.950	-0.570	6.299
3697.960	-0.570	6.226
3697.970	-0.570	6.299
3697.980	-0.560	6.152
3697.990	-0.560	5.786
3698.000	-0.560	5.859
3698.010	-0.550	6.226
3698.020	-0.550	6.152
3698.030	-0.550	5.859
3698.040	-0.540	6.006
3698.050	-0.540	6.006
3698.060	-0.540	5.786
3698.070	-0.530	5.566
3698.080	-0.530	5.640
3698.090	-0.530	6.006
3698.100	-0.500	5.933
3698.110	-0.500	5.566
3698.120	-0.500	5.420
3698.130	-0.460	5.493
3698.140	-0.460	4.907
3698.150	-0.460	4.834
3698.160	-0.420	4.687
3698.170	-0.420	4.541
3698.180	-0.420	4.175
3698.190	-0.380	4.175
3698.200	-0.380	4.028
3698.210	-0.380	3.882
3698.220	-0.330	3.589
3698.230	-0.330	3.589
3698.240	-0.330	3.369
3698.250	-0.280	3.369
3698.260	-0.280	3.296
3698.270	-0.280	3.296
3698.280	-0.220	3.149
3698.290	-0.220	2.856
3698.300	-0.220	2.344
3698.310	-0.170	2.344
3698.320	-0.170	2.124
3698.330	-0.170	1.685
3698.340	-0.110	1.685
3698.350	-0.110	1.465
3698.360	-0.110	0.879
3698.370	-0.050	0.879
3698.380	-0.050	0.659
3698.390	-0.050	0.366
3698.400	0.000	0.366
3698.410	0.000	0.146
3698.420	0.000	-0.220
3698.430	0.060	-0.220
3698.440	0.060	-0.366
3698.450	0.060	-0.806
3698.460	0.110	-0.806
3698.470	0.110	-1.099
3698.480	0.110	-1.611
3698.490	0.170	-1.611
3698.500	0.170	-1.904
3698.510	0.170	-2.197
3698.520	0.230	-2.197
3698.530	0.230	-2.490
3698.540	0.230	-3.076
3698.550	0.280	-3.076
3698.560	0.280	-3.223
3698.570	0.280	-3.223
3698.580	0.320	-3.296
3698.590	0.320	-3.296
3698.600	0.320	-3.735
3698.610	0.360	-3.735
3698.620	0.360	-3.882
3698.630	0.360	-3.955
3698.640	0.390	-3.955
3698.650	0.390	-4.102
3698.660	0.390	-4.614
3698.670	0.430	-4.614
3698.680	0.430	-4.687
3698.690	0.430	-5.054
3698.700	0.460	-5.054
3698.710	0.460	-5.127
3698.720	0.460	-5.420
3698.730	0.490	-5.420
3698.740	0.490	-5.713
3698.750	0.490	-5.493
3698.760	0.510	-5.493
3698.770	0.510	-5.420
3698.780	0.510	-6.006
3698.790	0.530	-6.006
3698.800	0.530	-5.859
3698.810	0.530	-6.152
3698.820	0.550	-6.152
3698.830	0.550	-6.152
3698.840	0.550	-5.933
3698.850	0.560	-5.933
3698.860	0.560	-6.299
3698.870	0.560	-6.445
3698.880	0.580	-6.372
3698.890	0.580	-6.592
3698.900	0.580	-6.665
3698.910	0.590	-6.519
3698.920	0.590	-6.299
3698.930	0.590	-6.519
3698.940	0.580	-6.665
3698.950	0.580	-6.519
3698.960	0.580	-6.519
3698.970	0.580	-6.665
3698.980	0.580	-6.519
3698.990	0.580	-6.152
3699.000	0.560	-6.299
3699.010	0.560	-6.445
3699.020	0.560	-6.372
3699.030	0.550	-6.226
3699.040	0.550	-6.445
3699.050	0.550	-6.079
3699.060	0.540	-6.079
3699.070	0.540	-5.859
3699.080	0.540	-6.006
3699.090	0.520	-6.079
3699.100	0.520	-5.859
3699.110	0.520	-5.713
3699.120	0.500	-5.933
3699.130	0.500	-5.786
3699.140	0.500	-5.347
3699.150	0.460	-5.273
3699.160	0.460	-5.200
3699.170	0.460	-5.273
3699.180	0.420	-5.054
3699.190	0.420	-4.834
3699.200	0.420	-4.687
3699.210	0.370	-4.541
3699.220	0.370	-4.321
3699.230	0.370	-4.248
3699.240	0.310	-4.175
3699.250	0.310	-4.028
3699.260	0.310	-3.809
3699.270	0.260	-3.442
3699.280	0.260	-3.149
3699.290	0.260	-2.930
3699.300	0.200	-2.710
3699.310	0.200	-2.563
3699.320	0.200	-2.197
3699.330	0.140	-1.831
3699.340	0.140	-1.685
3699.350	0.140	-1.538
3699.360	0.080	-1.392
3699.370	0.080	-1.245
3699.380	0.080	-1.099
3699.390	0.020	-0.952
3699.400	0.020	-0.806
3699.410	0.020	-0.513
3699.420	-0.040	-0.220
3699.430	-0.040	-0.073
3699.440	-0.040	0.220
3699.450	-0.080	0.439
3699.460	-0.080	0.586
3699.470	-0.080	0.806
3699.480	-0.120	0.879
3699.490	-0.120	1.025
3699.500	-0.120	1.172
3699.510	-0.160	1.318
3699.520	-0.160	1.318
3699.530	-0.160	1.392
3699.540	-0.200	1.538
3699.550	-0.200	1.758
3699.560	-0.200	2.051
3699.570	-0.240	2.271
3699.580	-0.240	2.490
3699.590	-0.240	2.637
3699.600	-0.280	2.783
3699.610	-0.280	2.930
3699.620	-0.280	3.223
3699.630	-0.320	3.516
3699.640	-0.320	3.589
3699.650	-0.320	3.516
3699.660	-0.370	3.516
3699.670	-0.370	3.516
3699.680	-0.370	4.102
3699.690	-0.400	4.102
3699.700	-0.400	4.248
3699.710	-0.400	4.395
3699.720	-0.440	4.395
3699.730	-0.440	4.614
3699.740	-0.440	4.761
3699.750	-0.470	4.761
3699.760	-0.470	4.834
3699.770	-0.470	5.127
3699.780	-0.490	5.127
3699.790	-0.490	5.127
3699.800	-0.490	5.273
3699.810	-0.500	5.273
3699.820	-0.500	5.493
3699.830	-0.500	5.273
3699.840	-0.510	5.273
3699.850	-0.510	5.420
3699.860	-0.510	5.859
3699.870	-0.520	5.859
3699.880	-0.520	5.640
3699.890	-0.520	5.859
3699.900	-0.530	5.859
3699.910	-0.530	5.786
3699.920	-0.530	5.566
3699.930	-0.540	5.566
3699.940	-0.540	5.859
3699.950	-0.540	6.006
3699.960	-0.540	5.786
3699.970	-0.540	5.713
3699.980	-0.540	5.933
3699.990	-0.540	5.933
3700.000	-0.540	5.640
3700.010	-0.540	5.640
3700.020	-0.520	5.933
3700.030	-0.520	6.006
3700.040	-0.520	5.786
3700.050	-0.500	5.566
3700.060	-0.500	5.566
3700.070	-0.500	5.347
3700.080	-0.480	5.347
3700.090	-0.480	5.127
3700.100	-0.480	5.127
3700.110	-0.460	5.127
3700.120	-0.460	5.054
3700.130	-0.460	4.834
3700.140	-0.430	4.834
3700.150	-0.430	4.834
3700.160	-0.430	4.761
3700.170	-0.410	4.614
3700.180	-0.410	4.541
3700.190	-0.410	4.541
3700.200	-0.370	4.321
3700.210	-0.370	4.102
3700.220	-0.370	3.735
3700.230	-0.320	3.735
3700.240	-0.320	3.662
3700.250	-0.320	3.516
3700.260	-0.260	3.223
3700.270	-0.260	2.930
3700.280	-0.260	2.783
3700.290	-0.200	2.637
3700.300	-0.200	2.490
3700.310	-0.200	2.344
3700.320	-0.130	2.124
3700.330	-0.130	1.685
3700.340	-0.130	1.392
3700.350	-0.070	1.099
3700.360	-0.070	0.879
3700.370	-0.070	0.659
3700.380	0.000	0.366
3700.390	0.000	0.146
3700.400	0.000	-0.073
3700.410	0.080	-0.366
3700.420	0.080	-0.586
3700.430	0.080	-0.732
3700.440	0.150	-1.099
3700.450	0.150	-1.392
3700.460	0.150	-1.758
3700.470	0.210	-2.124
3700.480	0.210	-2.344
3700.490	0.210	-2.563
3700.500	0.270	-2.637
3700.510	0.270	-2.783
3700.520	0.270	-3.003
3700.530	0.340	-3.442
3700.540	0.340	-3.662
3700.550	0.340	-3.735
3700.560	0.390	-3.882
3700.570	0.390	-3.955
3700.580	0.390	-4.468
3700.590	0.410	-4.468
3700.600	0.410	-4.614
3700.610	0.410	-4.834
3700.620	0.440	-4.834
3700.630	0.440	-4.907
3700.640	0.440	-5.054
3700.650	0.470	-5.054
3700.660	0.470	-5.054
3700.670	0.470	-5.200
3700.680	0.490	-5.200
3700.690	0.490	-5.200
3700.700	0.490	-5.786
3700.710	0.520	-5.786
3700.720	0.520	-5.933
3700.730	0.520	-6.079
3700.740	0.550	-6.079
3700.750	0.550	-6.299
3700.760	0.550	-6.006
3700.770	0.570	-6.006
3700.780	0.570	-6.226
3700.790	0.570	-6.445
3700.800	0.590	-6.445
3700.810	0.590	-6.445
3700.820	0.590	-6.592
3700.830	0.590	-6.592
3700.840	0.590	-6.445
3700.850	0.590	-6.665
3700.860	0.600	-6.665
3700.870	0.600	-6.812
3700.880	0.600	-7.031
3700.890	0.610	-7.031
3700.900	0.610	-6.958
3700.910	0.610	-6.738
3700.920	0.620	-6.738
3700.930	0.620	-6.885
3700.940	0.620	-7.031
3700.950	0.620	-7.031
3700.960	0.620	-7.031
3700.970	0.620	-6.665
3700.980	0.610	-6.665
3700.990	0.610	-6.665
3701.000	0.610	-6.812
3701.010	0.600	-6.812
3701.020	0.600	-6.885
3701.030	0.600	-6.738
3701.040	0.580	-6.738
3701.050	0.580	-6.445
3701.060	0.580	-6.445
3701.070	0.550	-6.445
3701.080	0.550	-6.445
3701.090	0.550	-6.299
3701.100	0.530	-6.299
3701.110	0.530	-6.226
3701.120	0.530	-5.566
3701.130	0.500	-5.566
3701.140	0.500	-5.566
3701.150	0.500	-5.493
3701.160	0.460	-5.493
3701.170	0.460	-5.273
3701.180	0.460	-5.200
3701.190	0.420	-5.200
3701.200	0.420	-4.980
3701.210	0.420	-4.614
3701.220	0.370	-4.614
3701.230	0.370	-4.468
3701.240	0.370	-3.809
3701.250	0.320	-3.809
3701.260	0.320	-3.809
3701.270	0.320	-3.442
3701.280	0.260	-3.442
3701.290	0.260	-3.076
3701.300	0.260	-2.563
3701.310	0.200	-2.563
3701.320	0.200	-2.417
3701.330	0.200	-2.124
3701.340	0.140	-2.124
3701.350	0.140	-1.978
3701.360	0.140	-1.318
3701.370	0.080	-1.318
3701.380	0.080	-1.172
3701.390	0.080	-0.806
3701.400	0.020	-0.806
3701.410	0.020	-0.439
3701.420	0.020	-0.220
3701.430	-0.040	-0.220
3701.440	-0.040	0.000
3701.450	-0.040	0.366
3701.460	-0.090	0.366
3701.470	-0.090	0.513
3701.480	-0.090	0.879
3701.490	-0.130	0.879
3701.500	-0.130	1.025
3701.510	-0.130	1.172
3701.520	-0.160	1.392
3701.530	-0.160	1.538
3701.540	-0.160	1.685
3701.550	-0.200	1.904
3701.560	-0.200	1.978
3701.570	-0.200	2.124
3701.580	-0.240	2.197
3701.590	-0.240	2.271
3701.600	-0.240	2.344
3701.610	-0.280	2.490
3701.620	-0.280	2.783
3701.630	-0.280	3.003
3701.640	-0.310	3.076
3701.650	-0.310	3.149
3701.660	-0.310	3.223
3701.670	-0.350	3.516
3701.680	-0.350	3.809
3701.690	-0.350	4.028
3701.700	-0.380	4.102
3701.710	-0.380	4.028
3701.720	-0.380	3.955
3701.730	-0.410	4.102
3701.740	-0.410	4.321
3701.750	-0.410	4.395
3701.760	-0.430	4.541
3701.770	-0.430	4.541
3701.780	-0.430	4.614
3701.790	-0.450	4.687
3701.800	-0.450	4.761
3701.810	-0.450	4.907
3701.820	-0.470	4.980
3701.830	-0.470	5.127
3701.840	-0.470	5.127
3701.850	-0.490	5.200
3701.860	-0.490	5.273
3701.870	-0.490	5.493
3701.880	-0.510	5.420
3701.890	-0.510	5.273
3701.900	-0.510	5.420
3701.910	-0.520	5.786
3701.920	-0.520	5.786
3701.930	-0.520	5.566
3701.940	-0.530	5.566
3701.950	-0.530	5.786
3701.960	-0.530	5.420
3701.970	-0.530	5.420
3701.980	-0.530	5.347
3701.990	-0.530	5.859
3702.000	-0.520	5.859
3702.010	-0.520	5.566
3702.020	-0.520	5.566
3702.030	-0.500	5.566
3702.040	-0.500	5.640
3702.050	-0.500	5.273
3702.060	-0.490	5.273
3702.070	-0.490	5.347
3702.080	-0.490	5.566
3702.090	-0.460	5.493
3702.100	-0.460	5.127
3702.110	-0.460	5.054
3702.120	-0.450	4.980
3702.130	-0.450	4.980
3702.140	-0.450	4.834
3702.150	-0.420	4.687
3702.160	-0.420	4.614
3702.170	-0.420	4.468
3702.180	-0.390	4.248
3702.190	-0.390	4.175
3702.200	-0.390	4.248
3702.210	-0.350	4.102
3702.220	-0.350	3.955
3702.230	-0.350	3.662
3702.240	-0.310	3.516
3702.250	-0.310	3.516
3702.260	-0.310	3.516
3702.270	-0.260	3.442
3702.280	-0.260	3.223
3702.290	-0.260	2.856
3702.300	-0.200	2.563
3702.310	-0.200	2.344
3702.320	-0.200	2.124
3702.330	-0.150	1.904
3702.340	-0.150	1.685
3702.350	-0.150	1.465
3702.360	-0.080	1.172
3702.370	-0.080	0.879
3702.380	-0.080	0.659
3702.390	-0.010	0.513
3702.400	-0.010	0.293
3702.410	-0.010	0.146
3702.420	0.050	0.000
3702.430	0.050	-0.220
3702.440	0.050	-0.439
3702.450	0.120	-0.659
3702.460	0.120	-0.879
3702.470	0.120	-1.172
3702.480	0.180	-1.538
3702.490	0.180	-1.831
3702.500	0.180	-2.051
3702.510	0.240	-2.271
3702.520	0.240	-2.490
3702.530	0.240	-2.710
3702.540	0.290	-3.149
3702.550	0.290	-3.442
3702.560	0.290	-3.589
3702.570	0.340	-3.589
3702.580	0.340	-3.589
3702.590	0.340	-3.662
3702.600	0.370	-3.882
3702.610	0.370	-4.102
3702.620	0.370	-4.175
3702.630	0.390	-4.248
3702.640	0.390	-4.102
3702.650	0.390	-4.321
3702.660	0.420	-4.541
3702.670	0.420	-4.614
3702.680	0.420	-4.687
3702.690	0.440	-4.834
3702.700	0.440	-4.980
3702.710	0.440	-4.980
3702.720	0.470	-5.127
3702.730	0.470	-5.273
3702.740	0.470	-5.640
3702.750	0.500	-5.493
3702.760	0.500	-5.273
3702.770	0.500	-5.420
3702.780	0.520	-5.713
3702.790	0.520	-5.786
3702.800	0.520	-5.640
3702.810	0.530	-5.786
3702.820	0.530	-6.079
3702.830	0.530	-6.079
3702.840	0.550	-5.713
3702.850	0.550	-5.786
3702.860	0.550	-6.152
3702.870	0.550	-6.226
3702.880	0.550	-6.079
3702.890	0.550	-6.372
3702.900	0.550	-6.519
3702.910	0.550	-6.299
3702.920	0.550	-6.006
3702.930	0.550	-6.079
3702.940	0.550	-6.299
3702.950	0.550	-6.226
3702.960	0.550	-6.152
3702.970	0.550	-6.372
3702.980	0.550	-6.372
3702.990	0.540	-5.933
3703.000	0.540	-5.713
3703.010	0.540	-6.006
3703.020	0.530	-6.079
3703.030	0.530	-5.933
3703.040	0.530	-5.859
3703.050	0.500	-6.152
3703.060	0.500	-5.933
3703.070	0.500	-5.566
3703.080	0.480	-5.347
3703.090	0.480	-5.420
3703.100	0.480	-5.566
3703.110	0.450	-5.347
3703.120	0.450	-5.127
3703.130	0.450	-5.054
3703.140	0.420	-5.054
3703.150	0.420	-4.761
3703.160	0.420	-4.687
3703.170	0.380	-4.614
3703.180	0.380	-4.468
3703.190	0.380	-4.321
3703.200	0.350	-4.102
3703.210	0.350	-4.028
3703.220	0.350	-4.028
3703.230	0.300	-3.882
3703.240	0.300	-3.516
3703.250	0.300	-3.223
3703.260	0.250	-3.076
3703.270	0.250	-3.003
3703.280	0.250	-3.003
3703.290	0.190	-2.930
3703.300	0.190	-2.783
3703.310	0.190	-2.490
3703.320	0.140	-2.197
3703.330	0.140	-2.051
3703.340	0.140	-1.831
3703.350	0.070	-1.685
3703.360	0.070	-1.465
3703.370	0.070	-1.172
3703.380	0.000	-0.952
3703.390	0.000	-0.586
3703.400	0.000	-0.293
3703.410	-0.060	0.000
3703.420	-0.060	0.220
3703.430	-0.060	0.659
3703.440	-0.120	0.879
3703.450	-0.120	1.172
3703.460	-0.120	1.392
3703.470	-0.170	1.611
3703.480	-0.170	1.758
3703.490	-0.170	1.904
3703.500	-0.190	2.051
3703.510	-0.190	2.124
3703.520	-0.190	2.271
3703.530	-0.230	2.344
3703.540	-0.230	2.490
3703.550	-0.230	2.490
3703.560	-0.260	2.563
3703.570	-0.260	2.563
3703.580	-0.260	2.637
3703.590	-0.290	2.710
3703.600	-0.290	2.930
3703.610	-0.290	3.223
3703.620	-0.320	3.296
3703.630	-0.320	3.296
3703.640	-0.320	3.296
3703.650	-0.350	3.442
3703.660	-0.350	3.589
3703.670	-0.350	3.882
3703.680	-0.370	4.028
3703.690	-0.370	4.102
3703.700	-0.370	3.955
3703.710	-0.400	3.882
3703.720	-0.400	4.102
3703.730	-0.400	4.321
3703.740	-0.430	4.395
3703.750	-0.430	4.468
3703.760	-0.430	4.614
3703.770	-0.440	4.761
3703.780	-0.440	4.834
3703.790	-0.440	4.907
3703.800	-0.510	5.054
3703.810	-0.510	5.347
3703.820	-0.510	5.347
3703.830	-0.510	5.273
3703.840	-0.510	5.347
3703.850	-0.510	5.566
3703.860	-0.500	5.566
3703.870	-0.500	5.347
3703.880	-0.500	5.347
3703.890	-0.530	5.493
3703.900	-0.530	5.859
3703.910	-0.530	5.640
3703.920	-0.520	5.640
3703.930	-0.520	5.786
3703.940	-0.520	5.933
3703.950	-0.530	5.713
3703.960	-0.530	5.566
3703.970	-0.530	5.786
3703.980	-0.540	6.152
3703.990	-0.540	6.006
3704.000	-0.540	5.713
3704.010	-0.530	5.933
3704.020	-0.530	5.933
3704.030	-0.530	5.713
3704.040	-0.530	5.420
3704.050	-0.530	5.493
3704.060	-0.530	5.786
3704.070	-0.500	5.640
3704.080	-0.500	5.347
3704.090	-0.500	5.347
3704.100	-0.470	5.493
3704.110	-0.470	5.273
3704.120	-0.470	5.054
3704.130	-0.450	4.980
3704.140	-0.450	4.980
3704.150	-0.450	4.907
3704.160	-0.400	4.761
3704.170	-0.400	4.687
3704.180	-0.400	4.468
3704.190	-0.370	4.395
3704.200	-0.370	4.028
3704.210	-0.370	3.955
3704.220	-0.340	3.955
3704.230	-0.340	3.882
3704.240	-0.340	3.809
3704.250	-0.290	3.589
3704.260	-0.290	3.223
3704.270	-0.290	2.930
3704.280	-0.260	2.856
3704.290	-0.260	2.710
3704.300	-0.260	2.637
3704.310	-0.210	2.417
3704.320	-0.210	2.271
3704.330	-0.210	2.197
3704.340	-0.150	1.978
3704.350	-0.150	1.831
3704.360	-0.150	1.685
3704.370	-0.080	1.538
3704.380	-0.080	1.392
3704.390	-0.080	1.172
3704.400	-0.050	0.952
3704.410	-0.050	0.732
3704.420	-0.050	0.366
3704.430	0.030	0.073
3704.440	0.030	-0.220
3704.450	0.030	-0.439
3704.460	0.100	-0.806
3704.470	0.100	-0.952
3704.480	0.100	-1.245
3704.490	0.140	-1.465
3704.500	0.140	-1.611
3704.510	0.140	-1.831
3704.520	0.210	-1.904
3704.530	0.210	-2.051
3704.540	0.210	-2.124
3704.550	0.260	-2.344
3704.560	0.260	-2.417
3704.570	0.260	-2.637
3704.580	0.280	-2.710
3704.590	0.280	-2.783
3704.600	0.280	-3.003
3704.610	0.310	-3.223
3704.620	0.310	-3.516
3704.630	0.310	-3.735
3704.640	0.330	-3.809
3704.650	0.330	-3.735
3704.660	0.330	-3.662
3704.670	0.370	-3.809
3704.680	0.370	-4.028
3704.690	0.370	-4.248
3704.700	0.390	-4.248
3704.710	0.390	-4.321
3704.720	0.390	-4.468
3704.730	0.420	-4.614
3704.740	0.420	-4.614
3704.750	0.420	-4.687
3704.760	0.440	-4.907
3704.770	0.440	-4.980
3704.780	0.440	-5.054
3704.790	0.470	-4.980
3704.800	0.470	-5.200
3704.810	0.470	-5.420
3704.820	0.500	-5.347
3704.830	0.500	-5.200
3704.840	0.500	-5.273
3704.850	0.510	-5.493
3704.860	0.510	-5.640
3704.870	0.510	-5.640
3704.880	0.500	-5.640
3704.890	0.500	-5.859
3704.900	0.500	-6.006
3704.910	0.510	-5.713
3704.920	0.510	-5.566
3704.930	0.510	-5.640
3704.940	0.510	-5.933
3704.950	0.510	-5.859
3704.960	0.510	-5.640
3704.970	0.510	-5.713
3704.980	0.510	-5.859
3704.990	0.510	-5.713
3705.000	0.510	-5.420
3705.010	0.510	-5.420
3705.020	0.510	-5.640
3705.030	0.490	-5.713
3705.040	0.490	-5.420
3705.050	0.490	-5.420
3705.060	0.470	-5.713
3705.070	0.470	-5.640
3705.080	0.470	-5.273
3705.090	0.450	-5.127
3705.100	0.450	-5.054
3705.110	0.450	-5.054
3705.120	0.410	-4.980
3705.130	0.410	-4.761
3705.140	0.410	-4.687
3705.150	0.380	-4.541
3705.160	0.380	-4.248
3705.170	0.380	-4.248
3705.180	0.350	-4.175
3705.190	0.350	-4.102
3705.200	0.350	-3.882
3705.210	0.310	-3.882
3705.220	0.310	-3.516
3705.230	0.310	-3.369
3705.240	0.270	-3.369
3705.250	0.270	-3.296
3705.260	0.270	-2.783
3705.270	0.220	-2.783
3705.280	0.220	-2.563
3705.290	0.220	-2.271
3705.300	0.170	-2.271
3705.310	0.170	-2.197
3705.320	0.170	-1.831
3705.330	0.110	-1.831
3705.340	0.110	-1.611
3705.350	0.110	-1.099
3705.360	0.050	-1.099
3705.370	0.050	-0.879
3705.380	0.050	-0.732
3705.390	-0.010	-0.439
3705.400	-0.010	-0.293
3705.410	-0.010	-0.073
3705.420	-0.080	0.146
3705.430	-0.080	0.293
3705.440	-0.080	0.513
3705.450	-0.130	0.732
3705.460	-0.130	0.952
3705.470	-0.130	1.099
3705.480	-0.160	1.318
3705.490	-0.160	1.538
3705.500	-0.160	1.758
3705.510	-0.190	1.904
3705.520	-0.190	1.978
3705.530	-0.190	2.051
3705.540	-0.230	2.124
3705.550	-0.230	2.197
3705.560	-0.230	2.197
3705.570	-0.260	2.417
3705.580	-0.260	2.637
3705.590	-0.260	2.710
3705.600	-0.290	2.783
3705.610	-0.290	2.856
3705.620	-0.290	2.930
3705.630	-0.310	3.149
3705.640	-0.310	3.369
3705.650	-0.310	3.589
3705.660	-0.340	3.735
3705.670	-0.340	3.662
3705.680	-0.340	3.589
3705.690	-0.370	3.589
3705.700	-0.370	3.735
3705.710	-0.370	4.028
3705.720	-0.410	4.248
3705.730	-0.410	4.248
3705.740	-0.410	4.321
3705.750	-0.430	4.541
3705.760	-0.430	4.687
3705.770	-0.430	4.761
3705.780	-0.460	4.761
3705.790	-0.460	4.907
3705.800	-0.460	5.127
3705.810	-0.480	5.127
3705.820	-0.480	5.054
3705.830	-0.480	5.347
3705.840	-0.500	5.347
3705.850	-0.500	5.273
3705.860	-0.500	5.200
3705.870	-0.510	5.200
3705.880	-0.510	5.493
3705.890	-0.510	5.566
3705.900	-0.520	5.566
3705.910	-0.520	5.493
3705.920	-0.520	5.859
3705.930	-0.530	5.859
3705.940	-0.530	5.640
3705.950	-0.530	5.786
3705.960	-0.530	5.786
3705.970	-0.530	6.079
3705.980	-0.530	5.640
3705.990	-0.530	5.640
3706.000	-0.530	5.786
3706.010	-0.530	5.566
3706.020	-0.530	5.566
3706.030	-0.530	5.420
3706.040	-0.530	5.786
3706.050	-0.520	5.786
3706.060	-0.520	5.713
3706.070	-0.520	5.420
3706.080	-0.490	5.420
3706.090	-0.490	5.493
3706.100	-0.490	5.347
3706.110	-0.460	5.200
3706.120	-0.460	5.054
3706.130	-0.460	5.054
3706.140	-0.430	5.127
3706.150	-0.430	4.907
3706.160	-0.430	4.761
3706.170	-0.400	4.687
3706.180	-0.400	4.468
3706.190	-0.400	4.321
3706.200	-0.370	4.248
3706.210	-0.370	4.175
3706.220	-0.370	4.175
3706.230	-0.330	3.955
3706.240	-0.330	3.662
3706.250	-0.330	3.369
3706.260	-0.290	3.149
3706.270	-0.290	3.076
3706.280	-0.290	3.149
3706.290	-0.240	3.003
3706.300	-0.240	2.783
3706.310	-0.240	2.563
3706.320	-0.190	2.490
3706.330	-0.190	2.344
3706.340	-0.190	2.124
3706.350	-0.140	2.051
3706.360	-0.140	1.831
3706.370	-0.140	1.611
3706.380	-0.080	1.245
3706.390	-0.080	0.952
3706.400	-0.080	0.732
3706.410	-0.010	0.586
3706.420	-0.010	0.293
3706.430	-0.010	0.146
3706.440	0.060	-0.073
3706.450	0.060	-0.293
3706.460	0.060	-0.439
3706.470	0.110	-0.732
3706.480	0.110	-0.952
3706.490	0.110	-1.318
3706.500	0.170	-1.685
3706.510	0.170	-1.904
3706.520	0.170	-2.051
3706.530	0.210	-2.271
3706.540	0.210	-2.344
3706.550	0.210	-2.490
3706.560	0.270	-2.710
3706.570	0.270	-2.856
3706.580	0.270	-3.076
3706.590	0.310	-3.076
3706.600	0.310	-3.003
3706.610	0.310	-3.149
3706.620	0.340	-3.369
3706.630	0.340	-3.589
3706.640	0.340	-3.882
3706.650	0.360	-4.102
3706.660	0.360	-4.028
3706.670	0.360	-4.028
3706.680	0.390	-4.102
3706.690	0.390	-4.321
3706.700	0.390	-4.468
3706.710	0.410	-4.541
3706.720	0.410	-4.614
3706.730	0.410	-4.761
3706.740	0.440	-4.834
3706.750	0.440	-4.834
3706.760	0.440	-4.907
3706.770	0.470	-5.054
3706.780	0.470	-5.200
3706.790	0.470	-5.127
3706.800	0.490	-5.273
3706.810	0.490	-5.420
3706.820	0.490	-5.640
3706.830	0.510	-5.566
3706.840	0.510	-5.347
3706.850	0.510	-5.786
3706.860	0.510	-5.786
3706.870	0.510	-5.859
3706.880	0.510	-5.713
3706.890	0.510	-5.859
3706.900	0.510	-6.006
3706.910	0.510	-6.006
3706.920	0.510	-5.640
3706.930	0.510	-5.566
3706.940	0.510	-5.859
3706.950	0.510	-5.933
3706.960	0.510	-5.713
3706.970	0.510	-5.640
3706.980	0.500	-5.859
3706.990	0.500	-5.786
3707.000	0.500	-5.493
3707.010	0.490	-5.347
3707.020	0.490	-5.493
3707.030	0.490	-5.640
3707.040	0.480	-5.493
3707.050	0.480	-5.347
3707.060	0.480	-5.347
3707.070	0.460	-5.566
3707.080	0.460	-5.273
3707.090	0.460	-5.054
3707.100	0.430	-4.980
3707.110	0.430	-4.907
3707.120	0.430	-4.907
3707.130	0.400	-4.761
3707.140	0.400	-4.614
3707.150	0.400	-4.541
3707.160	0.360	-4.321
3707.170	0.360	-4.028
3707.180	0.360	-4.102
3707.190	0.320	-4.102
3707.200	0.320	-4.028
3707.210	0.320	-3.882
3707.220	0.290	-3.589
3707.230	0.290	-3.296
3707.240	0.290	-3.149
3707.250	0.240	-3.003
3707.260	0.240	-2.930
3707.270	0.240	-2.710
3707.280	0.190	-2.417
3707.290	0.190	-2.197
3707.300	0.190	-1.831
3707.310	0.100	-1.831
3707.320	0.100	-1.685
3707.330	0.100	-1.318
3707.340	0.050	-1.318
3707.350	0.050	-1.099
3707.360	0.050	-0.586
3707.370	-0.010	-0.586
3707.380	-0.010	-0.293
3707.390	-0.010	0.146
3707.400	-0.070	0.146
3707.410	-0.070	0.439
3707.420	-0.070	0.952
3707.430	-0.110	0.952
3707.440	-0.110	1.099
3707.450	-0.110	1.392
3707.460	-0.150	1.392
3707.470	-0.150	1.465
3707.480	-0.150	1.611
3707.490	-0.180	1.611
3707.500	-0.180	1.685
3707.510	-0.180	1.685
3707.520	-0.210	1.758
3707.530	-0.210	1.831
3707.540	-0.210	2.124
3707.550	-0.240	2.271
3707.560	-0.240	2.417
3707.570	-0.240	2.563
3707.580	-0.260	2.710
3707.590	-0.260	2.783
3707.600	-0.260	2.930
3707.610	-0.300	3.223
3707.620	-0.300	3.369
3707.630	-0.300	3.369
3707.640	-0.330	3.223
3707.650	-0.330	3.223
3707.660	-0.330	3.223
3707.670	-0.360	3.516
3707.680	-0.360	3.735
3707.690	-0.360	3.955
3707.700	-0.400	4.028
3707.710	-0.400	3.955
3707.720	-0.400	4.175
3707.730	-0.430	4.468
3707.740	-0.430	4.541
3707.750	-0.430	4.614
3707.760	-0.460	4.761
3707.770	-0.460	4.834
3707.780	-0.460	4.907
3707.790	-0.470	4.980
3707.800	-0.470	5.054
3707.810	-0.470	5.200
3707.820	-0.490	5.200
3707.830	-0.490	5.054
3707.840	-0.490	5.127
3707.850	-0.510	5.273
3707.860	-0.510	5.640
3707.870	-0.510	5.566
3707.880	-0.520	5.493
3707.890	-0.520	5.493
3707.900	-0.520	5.786
3707.910	-0.530	5.713
3707.920	-0.530	5.493
3707.930	-0.530	5.640
3707.940	-0.540	6.006
3707.950	-0.540	6.079
3707.960	-0.540	5.786
3707.970	-0.540	5.786
3707.980	-0.540	5.933
3707.990	-0.540	5.859
3708.000	-0.530	5.566
3708.010	-0.530	5.493
3708.020	-0.530	5.859
3708.030	-0.520	5.933
3708.040	-0.520	5.566
3708.050	-0.520	5.493
3708.060	-0.500	5.640
3708.070	-0.500	5.566
3708.080	-0.500	5.347
3708.090	-0.470	5.200
3708.100	-0.470	5.200
3708.110	-0.470	5.420
3708.120	-0.450	5.200
3708.130	-0.450	4.980
3708.140	-0.450	4.907
3708.150	-0.420	4.834
3708.160	-0.420	4.687
3708.170	-0.420	4.614
3708.180	-0.390	4.468
3708.190	-0.390	4.395
3708.200	-0.390	4.248
3708.210	-0.360	3.882
3708.220	-0.360	3.735
3708.230	-0.360	3.809
3708.240	-0.320	3.809
3708.250	-0.320	3.662
3708.260	-0.320	3.369
3708.270	-0.280	3.149
3708.280	-0.280	3.076
3708.290	-0.280	2.856
3708.300	-0.220	2.856
3708.310	-0.220	2.783
3708.320	-0.220	2.271
3708.330	-0.160	2.271
3708.340	-0.160	2.051
3708.350	-0.160	1.611
3708.360	-0.100	1.611
3708.370	-0.100	1.465
3708.380	-0.100	1.025
3708.390	-0.030	1.025
3708.400	-0.030	0.806
3708.410	-0.030	0.146
3708.420	0.030	0.146
3708.430	0.030	-0.220
3708.440	0.030	-0.806
3708.450	0.100	-0.806
3708.460	0.100	-1.025
3708.470	0.100	-1.465
3708.480	0.160	-1.465
3708.490	0.160	-1.685
3708.500	0.160	-2.124
3708.510	0.210	-2.124
3708.520	0.210	-2.344
3708.530	0.210	-2.783
3708.540	0.270	-2.783
3708.550	0.270	-2.856
3708.560	0.270	-3.076
3708.570	0.320	-3.223
3708.580	0.320	-3.223
3708.590	0.320	-3.735
3708.600	0.350	-3.735
3708.610	0.350	-3.809
3708.620	0.350	-3.809
3708.630	0.380	-3.809
3708.640	0.380	-4.028
3708.650	0.380	-4.248
3708.660	0.470	-4.395
3708.670	0.470	-4.468
3708.680	0.470	-4.541
3708.690	0.430	-4.614
3708.700	0.430	-4.761
3708.710	0.430	-4.834
3708.720	0.450	-4.980
3708.730	0.450	-5.200
3708.740	0.450	-5.273
3708.750	0.480	-5.200
3708.760	0.480	-5.200
3708.770	0.480	-5.347
3708.780	0.500	-5.640
3708.790	0.500	-5.640
3708.800	0.500	-5.566
3708.810	0.530	-5.713
3708.820	0.530	-5.933
3708.830	0.530	-5.786
3708.840	0.540	-5.640
3708.850	0.540	-5.786
3708.860	0.540	-6.079
3708.870	0.550	-6.152
3708.880	0.550	-6.006
3708.890	0.550	-6.299
3708.900	0.550	-6.372
3708.910	0.550	-6.226
3708.920	0.550	-5.933
3708.930	0.540	-6.152
3708.940	0.540	-6.226
3708.950	0.540	-6.226
3708.960	0.540	-6.079
3708.970	0.540	-6.299
3708.980	0.540	-5.786
3708.990	0.540	-5.786
3709.000	0.540	-5.713
3709.010	0.540	-5.933
3709.020	0.520	-6.079
3709.030	0.520	-5.859
3709.040	0.520	-5.859
3709.050	0.500	-6.079
3709.060	0.500	-5.933
3709.070	0.500	-5.566
3709.080	0.480	-5.347
3709.090	0.480	-5.493
3709.100	0.480	-5.566
3709.110	0.450	-5.347
3709.120	0.450	-5.054
3709.130	0.450	-5.054
3709.140	0.420	-5.054
3709.150	0.420	-4.761
3709.160	0.420	-4.761
3709.170	0.390	-4.614
3709.180	0.390	-4.541
3709.190	0.390	-4.395
3709.200	0.350	-4.175
3709.210	0.350	-4.102
3709.220	0.350	-4.102
3709.230	0.310	-3.955
3709.240	0.310	-3.589
3709.250	0.310	-3.369
3709.260	0.260	-3.149
3709.270	0.260	-3.149
3709.280	0.260	-3.076
3709.290	0.210	-3.076
3709.300	0.210	-2.930
3709.310	0.210	-2.637
3709.320	0.150	-2.344
3709.330	0.150	-2.197
3709.340	0.150	-2.051
3709.350	0.090	-1.758
3709.360	0.090	-1.538
3709.370	0.090	-1.318
3709.380	0.030	-1.025
3709.390	0.030	-0.732
3709.400	0.030	-0.366
3709.410	-0.050	-0.146
3709.420	-0.050	0.000
3709.430	-0.050	0.293
