%Time [ms]	Commanded Torque [mNm]	Angular Velocity [RPM]	Actual Current [Amp]	%2/21/202410:08 AM
0.000	0.000	0.000	0.000
20.000	10.000	0.000	0.004
30.000	10.000	0.000	0.006
40.000	10.000	0.000	0.004
50.000	10.000	0.000	0.004
60.000	10.000	0.000	0.004
70.000	10.000	0.000	0.004
80.000	10.000	0.000	0.004
90.000	10.000	0.000	0.003
100.000	10.000	0.000	0.004
110.000	10.000	0.000	0.004
120.000	10.000	0.000	0.004
130.000	10.000	0.000	0.004
140.000	10.000	0.000	0.006
150.000	10.000	0.000	0.003
160.000	10.000	0.000	0.003
170.000	10.000	0.000	0.006
180.000	10.000	0.000	0.004
190.000	10.000	0.000	0.006
200.000	10.000	0.000	0.004
210.000	10.000	0.000	0.008
220.000	10.000	0.000	0.006
230.000	10.000	0.000	0.007
240.000	10.000	0.000	0.006
250.000	10.000	0.000	0.006
260.000	10.000	0.000	0.012
270.000	10.000	0.000	0.004
280.000	10.000	0.000	0.006
290.000	10.000	0.000	0.004
300.000	10.000	0.000	0.006
310.000	10.000	0.000	0.004
320.000	10.000	0.000	0.003
330.000	10.000	0.000	0.007
340.000	10.000	0.000	0.004
350.000	10.000	0.000	0.004
360.000	10.000	0.000	0.003
370.000	10.000	0.000	0.004
380.000	10.000	0.000	0.004
390.000	10.000	0.000	0.004
400.000	10.000	0.000	0.004
410.000	10.000	0.000	0.010
420.000	10.000	0.000	0.003
430.000	10.000	0.000	0.004
440.000	10.000	0.000	0.004
450.000	10.000	0.000	0.004
460.000	10.000	0.000	0.008
470.000	10.000	0.000	0.006
480.000	10.000	0.000	0.006
490.000	10.000	0.000	0.006
500.000	10.000	0.000	0.009
510.000	10.000	0.000	0.007
520.000	10.000	0.000	0.006
530.000	10.000	0.000	0.006
540.000	10.000	0.000	0.007
550.000	10.000	0.000	0.012
560.000	10.000	0.000	0.012
570.000	10.000	0.000	0.006
580.000	10.000	0.000	0.004
590.000	10.000	0.000	0.004
600.000	10.000	0.000	0.004
610.000	10.000	0.000	0.004
620.000	10.000	0.000	0.004
630.000	10.000	0.000	0.006
640.000	10.000	0.000	0.006
650.000	10.000	0.000	0.006
660.000	10.000	0.000	0.003
670.000	10.000	0.000	0.006
680.000	10.000	0.000	0.006
690.000	10.000	0.000	0.007
700.000	10.000	0.000	0.006
710.000	10.000	0.000	0.003
720.000	10.000	0.000	0.003
730.000	10.000	0.000	0.006
740.000	10.000	0.000	0.004
750.000	10.000	0.000	0.007
760.000	10.000	0.000	0.004
770.000	10.000	0.000	0.006
780.000	10.000	0.000	0.003
790.000	10.000	0.000	0.006
800.000	10.000	0.000	0.002
810.000	10.000	0.000	0.004
820.000	10.000	0.000	0.006
830.000	10.000	0.000	0.006
840.000	10.000	0.000	0.004
850.000	10.000	0.000	0.008
860.000	10.000	0.000	0.006
870.000	10.000	0.000	0.007
880.000	10.000	0.000	0.007
890.000	10.000	0.000	0.008
900.000	10.000	0.000	0.006
910.000	10.000	0.000	0.006
920.000	10.000	0.000	0.007
930.000	10.000	0.000	0.006
940.000	10.000	0.000	0.003
950.000	10.000	0.000	0.004
960.000	10.000	0.000	0.015
970.000	10.000	0.000	0.006
980.000	10.000	0.000	0.006
990.000	10.000	0.000	0.006
1000.000	10.000	0.000	0.009
1010.000	10.000	0.000	0.009
1020.000	10.000	0.000	0.004
1030.000	10.000	-0.220	0.056
1040.000	10.000	-0.220	0.056
1050.000	10.000	-0.220	0.147
1060.000	10.000	-0.293	0.263
1070.000	10.000	-0.293	0.263
1080.000	10.000	-0.366	0.300
1090.000	10.000	-0.659	0.345
1100.000	10.000	-0.659	0.345
1110.000	10.000	-0.806	0.361
1120.000	10.000	-1.172	0.375
1130.000	10.000	-1.172	0.375
1140.000	10.000	-1.099	0.382
1150.000	10.000	-1.392	0.390
1160.000	10.000	-1.392	0.390
1170.000	10.000	-1.465	0.393
1180.000	10.000	-1.611	0.395
1190.000	10.000	-1.611	0.395
1200.000	10.000	-1.611	0.396
1210.000	10.000	-1.831	0.400
1220.000	10.000	-1.831	0.400
1230.000	10.000	-1.978	0.397
1240.000	10.000	-2.344	0.397
1250.000	10.000	-2.344	0.397
1260.000	10.000	-2.490	0.404
1270.000	10.000	-2.710	0.397
1280.000	10.000	-2.710	0.397
1290.000	10.000	-2.930	0.397
1300.000	10.000	-3.516	0.396
1310.000	10.000	-3.516	0.396
1320.000	10.000	-3.589	0.401
1330.000	10.000	-3.516	0.400
1340.000	10.000	-3.516	0.400
1350.000	10.000	-3.589	0.401
1360.000	10.000	-3.882	0.396
1370.000	10.000	-4.102	0.399
1380.000	10.000	-4.248	0.400
1390.000	10.000	-4.321	0.397
1400.000	10.000	-4.395	0.400
1410.000	10.000	-4.541	0.396
1420.000	10.000	-4.687	0.400
1430.000	10.000	-4.834	0.399
1440.000	10.000	-4.980	0.401
1450.000	10.000	-5.273	0.401
1460.000	10.000	-5.347	0.400
1470.000	10.000	-5.347	0.399
1480.000	10.000	-5.566	0.401
1490.000	10.000	-5.933	0.400
1500.000	10.000	-5.859	0.396
1510.000	10.000	-5.786	0.404
1520.000	10.000	-6.226	0.399
1530.000	10.000	-6.445	0.400
1540.000	10.000	-6.592	0.400
1550.000	10.000	-6.958	0.395
1560.000	10.000	-7.104	0.390
1570.000	10.000	-7.178	0.399
1580.000	10.000	-7.471	0.401
1590.000	10.000	-7.471	0.396
1600.000	10.000	-7.617	0.399
1610.000	10.000	-8.276	0.391
1620.000	10.000	-8.057	0.401
1630.000	10.000	-8.130	0.400
1640.000	10.000	-8.569	0.400
1650.000	10.000	-8.423	0.400
1660.000	10.000	-8.936	0.400
1670.000	10.000	-8.936	0.400
1680.000	10.000	-8.789	0.399
1690.000	10.000	-9.229	0.397
1700.000	10.000	-9.229	0.397
1710.000	10.000	-9.302	0.399
1720.000	10.000	-9.741	0.399
1730.000	10.000	-9.741	0.399
1740.000	10.000	-9.741	0.401
1750.000	10.000	-9.961	0.399
1760.000	10.000	-10.034	0.396
1770.000	10.000	-10.107	0.396
1780.000	10.000	-10.474	0.397
1790.000	10.000	-10.327	0.401
1800.000	10.000	-10.840	0.395
1810.000	10.000	-10.474	0.408
1820.000	10.000	-10.986	0.397
1830.000	10.000	-11.060	0.399
1840.000	10.000	-11.426	0.400
1850.000	10.000	-11.279	0.397
1860.000	10.000	-11.426	0.396
1870.000	10.000	-11.646	0.399
1880.000	10.000	-11.938	0.396
1890.000	10.000	-12.012	0.400
1900.000	10.000	-12.524	0.395
1910.000	10.000	-12.524	0.395
1920.000	10.000	-12.451	0.400
1930.000	10.000	-12.451	0.400
1940.000	10.000	-12.451	0.400
1950.000	10.000	-13.037	0.399
1960.000	10.000	-13.257	0.399
1970.000	10.000	-13.257	0.399
1980.000	10.000	-13.257	0.399
1990.000	10.000	-13.550	0.399
2000.000	10.000	-13.550	0.399
2010.000	10.000	-13.403	0.401
2020.000	10.000	-13.770	0.400
2030.000	10.000	-13.770	0.400
2040.000	10.000	-13.989	0.400
2050.000	10.000	-14.209	0.401
2060.000	10.000	-14.209	0.401
2070.000	10.000	-14.282	0.396
2080.000	10.000	-14.575	0.399
2090.000	10.000	-14.575	0.399
2100.000	10.000	-14.722	0.399
2110.000	10.000	-14.941	0.401
2120.000	10.000	-14.941	0.401
2130.000	10.000	-15.234	0.396
2140.000	10.000	-15.234	0.395
2150.000	10.000	-15.234	0.395
2160.000	10.000	-15.747	0.402
2170.000	10.000	-16.040	0.399
2180.000	10.000	-15.747	0.404
2190.000	10.000	-16.113	0.400
2200.000	10.000	-16.333	0.399
2210.000	10.000	-16.187	0.402
2220.000	10.000	-16.553	0.400
2230.000	10.000	-16.699	0.397
2240.000	10.000	-16.626	0.400
2250.000	10.000	-17.212	0.399
2260.000	10.000	-16.992	0.404
2270.000	10.000	-16.992	0.401
2280.000	10.000	-17.578	0.399
2290.000	10.000	-17.358	0.395
2300.000	10.000	-17.358	0.395
2310.000	10.000	-17.505	0.393
2320.000	10.000	-18.164	0.400
2330.000	10.000	-18.164	0.400
2340.000	10.000	-18.091	0.400
2350.000	10.000	-18.384	0.402
2360.000	10.000	-18.384	0.402
2370.000	10.000	-18.457	0.400
2380.000	10.000	-18.750	0.400
2390.000	10.000	-18.750	0.400
2400.000	10.000	-19.043	0.400
2410.000	10.000	-19.263	0.401
2420.000	10.000	-19.263	0.401
2430.000	10.000	-19.189	0.400
2440.000	10.000	-19.409	0.399
2450.000	10.000	-19.922	0.399
2460.000	10.000	-19.849	0.396
2470.000	10.000	-20.068	0.399
2480.000	10.000	-19.775	0.400
2490.000	10.000	-19.995	0.397
2500.000	10.000	-20.215	0.400
2510.000	10.000	-20.508	0.397
2520.000	10.000	-20.654	0.399
2530.000	10.000	-20.581	0.399
2540.000	10.000	-21.021	0.399
2550.000	10.000	-20.654	0.400
2560.000	10.000	-21.167	0.406
2570.000	10.000	-21.021	0.400
2580.000	10.000	-21.387	0.400
2590.000	10.000	-21.387	0.400
2600.000	10.000	-21.606	0.397
2610.000	10.000	-21.533	0.399
2620.000	10.000	-21.533	0.400
2630.000	10.000	-21.899	0.397
2640.000	10.000	-21.753	0.396
2650.000	10.000	-22.119	0.400
2660.000	10.000	-22.046	0.397
2670.000	10.000	-22.339	0.399
2680.000	10.000	-22.412	0.397
2690.000	10.000	-22.778	0.401
2700.000	10.000	-22.632	0.406
2710.000	10.000	-22.852	0.395
2720.000	10.000	-23.071	0.401
2730.000	10.000	-23.145	0.400
2740.000	10.000	-23.218	0.397
2750.000	10.000	-23.437	0.400
2760.000	10.000	-23.511	0.397
2770.000	10.000	-23.584	0.400
2780.000	10.000	-23.730	0.400
2790.000	10.000	-23.730	0.396
2800.000	10.000	-24.023	0.400
2810.000	10.000	-24.170	0.399
2820.000	10.000	-24.170	0.395
2830.000	10.000	-24.170	0.397
2840.000	10.000	-24.756	0.397
2850.000	10.000	-24.536	0.399
2860.000	10.000	-24.829	0.401
2870.000	10.000	-24.976	0.395
2880.000	10.000	-25.269	0.404
2890.000	10.000	-25.195	0.400
2900.000	10.000	-25.342	0.400
2910.000	10.000	-25.342	0.406
2920.000	10.000	-25.488	0.397
2930.000	10.000	-25.781	0.401
2940.000	10.000	-25.488	0.400
2950.000	10.000	-26.221	0.397
2960.000	10.000	-26.074	0.399
2970.000	10.000	-26.221	0.400
2980.000	10.000	-26.147	0.395
2990.000	10.000	-26.514	0.396
3000.000	10.000	-26.514	0.399
3010.000	10.000	-26.807	0.400
3020.000	10.000	-27.246	0.400
3030.000	10.000	-27.100	0.399
3040.000	10.000	-27.246	0.396
3050.000	10.000	-27.173	0.401
3060.000	10.000	-27.393	0.396
3070.000	10.000	-27.686	0.401
3080.000	10.000	-27.832	0.399
3090.000	10.000	-27.832	0.400
3100.000	10.000	-27.979	0.397
3110.000	10.000	-28.125	0.397
3120.000	10.000	-28.198	0.397
3130.000	10.000	-28.271	0.401
3140.000	10.000	-28.491	0.400
3150.000	10.000	-28.857	0.396
3160.000	10.000	-28.857	0.395
3170.000	10.000	-28.857	0.399
3180.000	10.000	-28.931	0.400
3190.000	10.000	-29.224	0.404
3200.000	10.000	-29.590	0.401
3210.000	10.000	-29.443	0.405
3220.000	10.000	-29.370	0.399
3230.000	10.000	-30.103	0.396
3240.000	10.000	-30.029	0.397
3250.000	10.000	-29.810	0.400
3260.000	10.000	-30.542	0.400
3270.000	10.000	-30.469	0.399
3280.000	10.000	-30.762	0.400
3290.000	10.000	-31.201	0.399
3300.000	10.000	-30.981	0.400
3310.000	10.000	-31.274	0.399
3320.000	10.000	-31.714	0.399
3330.000	10.000	-31.274	0.396
3340.000	10.000	-31.567	0.401
3350.000	10.000	-31.934	0.396
3360.000	10.000	-31.567	0.406
3370.000	10.000	-32.007	0.399
3380.000	10.000	-32.153	0.400
3390.000	10.000	-32.373	0.401
3400.000	10.000	-32.373	0.401
3410.000	10.000	-32.593	0.401
3420.000	10.000	-32.666	0.397
3430.000	10.000	-32.886	0.399
3440.000	10.000	-33.398	0.400
3450.000	10.000	-33.179	0.400
3460.000	10.000	-33.618	0.402
3470.000	10.000	-33.691	0.399
3480.000	10.000	-33.765	0.399
3490.000	10.000	-33.691	0.399
3500.000	10.000	-34.351	0.404
3510.000	10.000	-34.277	0.397
3520.000	10.000	-34.204	0.405
3530.000	10.000	-34.790	0.401
3540.000	10.000	-34.570	0.397
3550.000	10.000	-34.790	0.400
3560.000	10.000	-35.010	0.399
3570.000	10.000	-35.010	0.399
3580.000	10.000	-35.522	0.399
3590.000	10.000	-35.596	0.399
3600.000	10.000	-35.449	0.399
3610.000	10.000	-35.742	0.395
3620.000	10.000	-36.328	0.396
3630.000	10.000	-36.182	0.400
3640.000	10.000	-36.328	0.396
3650.000	10.000	-36.841	0.397
3660.000	10.000	-36.621	0.399
3670.000	10.000	-37.061	0.399
3680.000	10.000	-37.207	0.396
3690.000	10.000	-37.207	0.401
3700.000	10.000	-37.427	0.400
3710.000	10.000	-37.793	0.397
3720.000	10.000	-37.573	0.400
3730.000	10.000	-38.013	0.396
3740.000	10.000	-38.232	0.400
3750.000	10.000	-38.086	0.400
3760.000	10.000	-38.525	0.400
3770.000	10.000	-38.525	0.399
3780.000	10.000	-38.599	0.400
3790.000	10.000	-39.185	0.399
3800.000	10.000	-39.331	0.397
3810.000	10.000	-39.185	0.397
3820.000	10.000	-39.478	0.399
3830.000	10.000	-39.624	0.400
3840.000	10.000	-39.551	0.399
3850.000	10.000	-39.990	0.400
3860.000	10.000	-40.283	0.400
3870.000	10.000	-40.503	0.399
3880.000	10.000	-40.210	0.399
3890.000	10.000	-40.503	0.405
3900.000	10.000	-40.576	0.396
3910.000	10.000	-40.796	0.402
3920.000	10.000	-40.942	0.400
3930.000	10.000	-41.016	0.402
3940.000	10.000	-41.675	0.399
3950.000	10.000	-41.675	0.399
3960.000	10.000	-41.528	0.394
3970.000	10.000	-41.309	0.404
3980.000	10.000	-41.968	0.396
3990.000	10.000	-42.041	0.395
4000.000	10.000	-42.334	0.400
4010.000	10.000	-42.773	0.397
4020.000	10.000	-42.627	0.400
4030.000	10.000	-42.627	0.399
4040.000	10.000	-42.700	0.400
4050.000	10.000	-42.773	0.397
4060.000	10.000	-43.066	0.400
4070.000	10.000	-43.872	0.400
4080.000	10.000	-43.799	0.400
4090.000	10.000	-43.872	0.397
4100.000	10.000	-43.652	0.400
4110.000	10.000	-43.579	0.400
4120.000	10.000	-43.872	0.399
4130.000	10.000	-44.312	0.397
4140.000	10.000	-44.165	0.395
4150.000	10.000	-44.312	0.399
4160.000	10.000	-44.531	0.396
4170.000	10.000	-44.312	0.401
4180.000	10.000	-44.385	0.399
4190.000	10.000	-44.751	0.402
4200.000	10.000	-44.971	0.396
4210.000	10.000	-45.190	0.395
4220.000	10.000	-45.483	0.399
4230.000	10.000	-45.190	0.395
4240.000	10.000	-45.557	0.395
4250.000	10.000	-45.923	0.399
4260.000	10.000	-45.776	0.411
4270.000	10.000	-45.923	0.397
4280.000	10.000	-46.143	0.397
4290.000	10.000	-46.069	0.399
4300.000	10.000	-46.362	0.396
4310.000	10.000	-46.509	0.396
4320.000	10.000	-46.582	0.404
4330.000	10.000	-47.021	0.399
4340.000	10.000	-47.314	0.399
4350.000	10.000	-47.095	0.397
4360.000	10.000	-47.388	0.400
4370.000	10.000	-47.607	0.400
4380.000	10.000	-47.607	0.399
4390.000	10.000	-47.681	0.397
4400.000	10.000	-47.974	0.406
4410.000	10.000	-48.047	0.402
4420.000	10.000	-48.047	0.400
4430.000	10.000	-48.193	0.400
4440.000	10.000	-47.900	0.399
4450.000	10.000	-48.193	0.396
4460.000	10.000	-48.486	0.400
4470.000	10.000	-48.560	0.399
4480.000	10.000	-48.853	0.399
4490.000	10.000	-49.219	0.400
4500.000	10.000	-48.999	0.400
4510.000	10.000	-49.292	0.396
4520.000	10.000	-49.292	0.396
4530.000	10.000	-49.292	0.397
4540.000	10.000	-49.585	0.399
4550.000	10.000	-49.585	0.399
4560.000	10.000	-49.658	0.395
4570.000	10.000	-49.951	0.400
4580.000	10.000	-49.951	0.400
4590.000	10.000	-49.731	0.399
4600.000	10.000	-50.244	0.395
4610.000	10.000	-50.244	0.395
4620.000	10.000	-50.830	0.400
4630.000	10.000	-51.050	0.396
4640.000	10.000	-51.050	0.396
4650.000	10.000	-50.977	0.400
4660.000	10.000	-51.123	0.396
4670.000	10.000	-51.123	0.396
4680.000	10.000	-51.489	0.399
4690.000	10.000	-52.002	0.401
4700.000	10.000	-52.002	0.401
4710.000	10.000	-52.368	0.396
4720.000	10.000	-52.148	0.399
4730.000	10.000	-52.148	0.399
4740.000	10.000	-52.295	0.399
4750.000	10.000	-52.808	0.399
4760.000	10.000	-53.247	0.400
4770.000	10.000	-53.027	0.399
4780.000	10.000	-53.320	0.397
4790.000	10.000	-53.540	0.397
4800.000	10.000	-53.320	0.394
4810.000	10.000	-53.320	0.394
4820.000	10.000	-53.833	0.400
4830.000	10.000	-54.053	0.400
4840.000	10.000	-54.346	0.404
4850.000	10.000	-54.565	0.397
4860.000	10.000	-54.199	0.397
4870.000	10.000	-54.565	0.397
4880.000	10.000	-54.492	0.396
4890.000	10.000	-54.492	0.400
4900.000	10.000	-55.225	0.399
4910.000	10.000	-55.371	0.400
4920.000	10.000	-55.225	0.399
4930.000	10.000	-55.591	0.397
4940.000	10.000	-55.591	0.399
4950.000	10.000	-55.737	0.396
4960.000	10.000	-55.957	0.400
4970.000	10.000	-56.470	0.400
4980.000	10.000	-56.470	0.399
4990.000	10.000	-56.689	0.400
5000.000	10.000	-56.763	0.396
5010.000	10.000	-56.543	0.399
5020.000	10.000	-56.982	0.399
5030.000	10.000	-57.202	0.400
5040.000	10.000	-57.568	0.396
5050.000	10.000	-57.349	0.401
5060.000	10.000	-57.788	0.395
5070.000	10.000	-57.422	0.395
5080.000	10.000	-58.008	0.399
5090.000	10.000	-58.228	0.396
5100.000	10.000	-58.081	0.396
5110.000	10.000	-58.447	0.397
5120.000	10.000	-58.740	0.400
5130.000	10.000	-58.447	0.400
5140.000	10.000	-58.740	0.393
5150.000	10.000	-58.960	0.396
5160.000	10.000	-59.180	0.400
5170.000	10.000	-59.473	0.399
5180.000	10.000	-59.473	0.399
5190.000	10.000	-59.766	0.401
5200.000	10.000	-59.546	0.404
5210.000	10.000	-60.205	0.397
5220.000	10.000	-59.839	0.400
5230.000	10.000	-60.352	0.400
5240.000	10.000	-60.425	0.399
5250.000	10.000	-60.425	0.407
5260.000	10.000	-60.645	0.397
5270.000	10.000	-60.718	0.401
5280.000	10.000	-60.645	0.396
5290.000	10.000	-60.718	0.397
5300.000	10.000	-61.230	0.395
5310.000	10.000	-60.937	0.404
5320.000	10.000	-61.230	0.399
5330.000	10.000	-61.450	0.404
5340.000	10.000	-61.377	0.400
5350.000	10.000	-61.670	0.404
5360.000	10.000	-61.743	0.399
5370.000	10.000	-61.963	0.400
5380.000	10.000	-62.109	0.399
5390.000	10.000	-62.329	0.394
5400.000	10.000	-62.402	0.396
5410.000	10.000	-62.769	0.397
5420.000	10.000	-62.915	0.399
5430.000	10.000	-62.842	0.401
5440.000	10.000	-63.062	0.397
5450.000	10.000	-63.281	0.397
5460.000	10.000	-63.135	0.397
5470.000	10.000	-63.501	0.396
5480.000	10.000	-63.794	0.399
5490.000	10.000	-63.574	0.400
5500.000	10.000	-63.721	0.397
5510.000	10.000	-63.867	0.400
5520.000	10.000	-64.087	0.400
5530.000	10.000	-63.867	0.399
5540.000	10.000	-64.160	0.397
5550.000	10.000	-64.307	0.405
5560.000	10.000	-64.453	0.397
5570.000	10.000	-64.526	0.400
5580.000	10.000	-64.307	0.400
5590.000	10.000	-64.746	0.397
5600.000	10.000	-65.186	0.402
5610.000	10.000	-64.819	0.400
5620.000	10.000	-64.819	0.397
5630.000	10.000	-65.479	0.399
5640.000	10.000	-65.405	0.399
5650.000	10.000	-65.625	0.402
5660.000	10.000	-65.845	0.399
5670.000	10.000	-65.625	0.399
5680.000	10.000	-65.991	0.400
5690.000	10.000	-66.211	0.399
5700.000	10.000	-66.138	0.399
5710.000	10.000	-66.577	0.397
5720.000	10.000	-67.090	0.400
5730.000	10.000	-66.724	0.396
5740.000	10.000	-66.943	0.397
5750.000	10.000	-67.090	0.401
5760.000	10.000	-67.163	0.397
5770.000	10.000	-67.383	0.400
5780.000	10.000	-67.749	0.400
5790.000	10.000	-67.676	0.395
5800.000	10.000	-67.676	0.407
5810.000	10.000	-68.115	0.400
5820.000	10.000	-67.749	0.400
5830.000	10.000	-68.408	0.405
5840.000	10.000	-68.408	0.396
5850.000	10.000	-68.335	0.394
5860.000	10.000	-69.214	0.401
5870.000	10.000	-69.214	0.401
5880.000	10.000	-68.701	0.400
5890.000	10.000	-68.848	0.396
5900.000	10.000	-69.507	0.399
5910.000	10.000	-69.214	0.402
5920.000	10.000	-69.360	0.397
5930.000	10.000	-69.800	0.404
5940.000	10.000	-69.653	0.399
5950.000	10.000	-70.093	0.397
5960.000	10.000	-70.459	0.395
5970.000	10.000	-70.093	0.399
5980.000	10.000	-70.605	0.399
5990.000	10.000	-71.045	0.401
6000.000	10.000	-70.386	0.400
6010.000	10.000	-70.898	0.399
6020.000	10.000	-71.265	0.396
6030.000	10.000	-70.898	0.396
6040.000	10.000	-71.338	0.402
6050.000	10.000	-71.484	0.404
6060.000	10.000	-71.191	0.401
6070.000	10.000	-71.411	0.396
6080.000	10.000	-71.924	0.396
6090.000	10.000	-71.558	0.397
6100.000	10.000	-71.997	0.397
6110.000	10.000	-72.290	0.397
6120.000	10.000	-72.437	0.399
6130.000	10.000	-72.510	0.400
6140.000	10.000	-72.876	0.397
6150.000	10.000	-72.510	0.399
6160.000	10.000	-72.876	0.399
6170.000	10.000	-73.169	0.399
6180.000	10.000	-72.729	0.399
6190.000	10.000	-73.096	0.399
6200.000	10.000	-73.608	0.401
6210.000	10.000	-73.315	0.399
6220.000	10.000	-73.242	0.399
6230.000	10.000	-73.682	0.400
6240.000	10.000	-73.535	0.399
6250.000	10.000	-73.828	0.390
6260.000	10.000	-74.634	0.396
6270.000	10.000	-74.194	0.396
6280.000	10.000	-74.561	0.399
6290.000	10.000	-74.561	0.399
6300.000	10.000	-74.414	0.401
6310.000	10.000	-74.854	0.396
6320.000	10.000	-74.927	0.397
6330.000	10.000	-74.927	0.400
6340.000	10.000	-75.366	0.399
6350.000	10.000	-75.586	0.397
6360.000	10.000	-75.073	0.401
6370.000	10.000	-75.366	0.399
6380.000	10.000	-75.879	0.399
6390.000	10.000	-76.099	0.404
6400.000	10.000	-76.025	0.401
6410.000	10.000	-75.879	0.400
6420.000	10.000	-76.318	0.399
6430.000	10.000	-76.318	0.397
6440.000	10.000	-76.465	0.399
6450.000	10.000	-76.392	0.400
6460.000	10.000	-76.611	0.396
6470.000	10.000	-77.124	0.397
6480.000	10.000	-76.611	0.396
6490.000	10.000	-76.611	0.396
6500.000	10.000	-77.344	0.394
6510.000	10.000	-77.271	0.399
6520.000	10.000	-77.490	0.397
6530.000	10.000	-77.856	0.399
6540.000	10.000	-77.637	0.400
6550.000	10.000	-78.003	0.397
6560.000	10.000	-78.296	0.400
6570.000	10.000	-78.076	0.400
6580.000	10.000	-78.662	0.397
6590.000	10.000	-79.102	0.400
6600.000	10.000	-78.882	0.394
6610.000	10.000	-79.028	0.397
6620.000	10.000	-79.175	0.399
6630.000	10.000	-79.175	0.396
6640.000	10.000	-79.175	0.400
6650.000	10.000	-79.687	0.393
6660.000	10.000	-79.614	0.397
6670.000	10.000	-79.834	0.397
6680.000	10.000	-80.054	0.401
6690.000	10.000	-79.761	0.399
6700.000	10.000	-80.054	0.406
6710.000	10.000	-80.347	0.399
6720.000	10.000	-80.420	0.400
6730.000	10.000	-80.420	0.401
6740.000	10.000	-81.299	0.400
6750.000	10.000	-80.713	0.394
6760.000	10.000	-80.859	0.401
6770.000	10.000	-81.299	0.399
6780.000	10.000	-81.079	0.400
6790.000	10.000	-81.519	0.400
6800.000	10.000	-81.665	0.394
6810.000	10.000	-81.738	0.399
6820.000	10.000	-81.958	0.400
6830.000	10.000	-82.104	0.400
6840.000	10.000	-81.519	0.395
6850.000	10.000	-82.178	0.408
6860.000	10.000	-82.764	0.400
6870.000	10.000	-82.251	0.399
6880.000	10.000	-82.617	0.400
6890.000	10.000	-82.910	0.400
6900.000	10.000	-82.837	0.396
6910.000	10.000	-83.057	0.400
6920.000	10.000	-83.057	0.397
6930.000	10.000	-83.057	0.399
6940.000	10.000	-83.423	0.401
6950.000	10.000	-83.789	0.399
6960.000	10.000	-83.643	0.400
6970.000	10.000	-83.643	0.400
6980.000	10.000	-84.082	0.401
6990.000	10.000	-83.789	0.399
7000.000	10.000	-84.155	0.405
7010.000	10.000	-84.668	0.400
7020.000	10.000	-84.302	0.397
7030.000	10.000	-84.741	0.397
7040.000	10.000	-84.961	0.400
7050.000	10.000	-84.668	0.400
7060.000	10.000	-85.327	0.399
7070.000	10.000	-85.547	0.400
7080.000	10.000	-85.107	0.400
7090.000	10.000	-85.474	0.402
7100.000	10.000	-85.474	0.399
7110.000	10.000	-85.254	0.402
7120.000	10.000	-85.913	0.399
7130.000	10.000	-86.060	0.402
7140.000	10.000	-85.913	0.399
7150.000	10.000	-85.986	0.396
7160.000	10.000	-86.206	0.400
7170.000	10.000	-86.133	0.399
7180.000	10.000	-86.426	0.393
7190.000	10.000	-86.865	0.400
7200.000	10.000	-86.499	0.396
7210.000	10.000	-86.572	0.397
7220.000	10.000	-86.938	0.397
7230.000	10.000	-86.646	0.395
7240.000	10.000	-87.085	0.400
7250.000	10.000	-87.671	0.397
7260.000	10.000	-87.598	0.399
7270.000	10.000	-87.671	0.395
7280.000	10.000	-87.598	0.395
7290.000	10.000	-87.524	0.400
7300.000	10.000	-88.330	0.405
7310.000	10.000	-88.330	0.405
7320.000	10.000	-87.964	0.399
7330.000	10.000	-88.623	0.400
7340.000	10.000	-88.623	0.400
7350.000	10.000	-88.477	0.408
7360.000	10.000	-88.916	0.400
7370.000	10.000	-88.916	0.400
7380.000	10.000	-89.136	0.405
7390.000	10.000	-89.282	0.404
7400.000	10.000	-89.282	0.404
7410.000	10.000	-89.502	0.400
7420.000	10.000	-89.795	0.399
7430.000	10.000	-89.795	0.399
7440.000	10.000	-89.868	0.395
7450.000	10.000	-90.015	0.401
7460.000	10.000	-90.015	0.401
7470.000	10.000	-90.308	0.399
7480.000	10.000	-90.820	0.399
7490.000	10.000	-90.820	0.399
7500.000	10.000	-90.820	0.401
7510.000	10.000	-90.747	0.402
7520.000	10.000	-90.747	0.402
7530.000	10.000	-90.820	0.399
7540.000	10.000	-91.260	0.406
7550.000	10.000	-91.260	0.406
7560.000	10.000	-91.260	0.397
7570.000	10.000	-91.553	0.401
7580.000	10.000	-91.553	0.401
7590.000	10.000	-91.553	0.402
7600.000	10.000	-91.699	0.397
7610.000	10.000	-91.699	0.397
7620.000	10.000	-92.065	0.399
7630.000	10.000	-92.212	0.400
7640.000	10.000	-92.212	0.400
7650.000	10.000	-92.285	0.396
7660.000	10.000	-92.505	0.399
7670.000	10.000	-92.505	0.399
7680.000	10.000	-92.725	0.399
7690.000	10.000	-93.164	0.399
7700.000	10.000	-93.164	0.399
7710.000	10.000	-93.311	0.400
7720.000	10.000	-93.530	0.400
7730.000	10.000	-94.043	0.400
7740.000	10.000	-94.116	0.400
7750.000	10.000	-94.263	0.402
7760.000	10.000	-94.482	0.394
7770.000	10.000	-94.409	0.397
7780.000	10.000	-94.409	0.404
7790.000	10.000	-94.849	0.402
7800.000	10.000	-94.629	0.390
7810.000	10.000	-94.629	0.397
7820.000	10.000	-94.995	0.399
7830.000	10.000	-94.482	0.399
7840.000	10.000	-94.556	0.399
7850.000	10.000	-95.068	0.391
7860.000	10.000	-94.702	0.399
7870.000	10.000	-95.068	0.399
7880.000	10.000	-95.654	0.402
7890.000	10.000	-95.508	0.395
7900.000	10.000	-95.801	0.397
7910.000	10.000	-96.240	0.399
7920.000	10.000	-95.801	0.399
7930.000	10.000	-96.167	0.394
7940.000	10.000	-96.533	0.402
7950.000	10.000	-96.240	0.397
7960.000	10.000	-96.606	0.404
7970.000	10.000	-97.192	0.399
7980.000	10.000	-96.533	0.399
7990.000	10.000	-96.753	0.397
8000.000	10.000	-97.119	0.399
8010.000	10.000	-96.973	0.396
8020.000	10.000	-97.412	0.400
8030.000	10.000	-97.852	0.396
8040.000	10.000	-97.632	0.404
8050.000	10.000	-97.778	0.405
8060.000	10.000	-98.071	0.400
8070.000	10.000	-97.559	0.399
8080.000	10.000	-98.071	0.395
8090.000	10.000	-98.511	0.399
8100.000	10.000	-98.145	0.402
8110.000	10.000	-98.291	0.399
8120.000	10.000	-98.950	0.397
8130.000	10.000	-98.437	0.405
8140.000	10.000	-98.730	0.400
8150.000	10.000	-98.950	0.396
8160.000	10.000	-98.877	0.400
8170.000	10.000	-99.316	0.405
8180.000	10.000	-99.243	0.396
8190.000	10.000	-98.877	0.404
8200.000	10.000	-99.536	0.404
8210.000	10.000	-100.049	0.400
8220.000	10.000	-99.243	0.399
8230.000	10.000	-99.463	0.397
8240.000	10.000	-100.122	0.400
8250.000	10.000	-99.976	0.397
8260.000	10.000	-100.122	0.401
8270.000	10.000	-100.708	0.399
8280.000	10.000	-100.635	0.396
8290.000	10.000	-100.708	0.402
8300.000	10.000	-101.001	0.396
8310.000	10.000	-100.635	0.397
8320.000	10.000	-100.928	0.399
8330.000	10.000	-101.807	0.405
8340.000	10.000	-101.221	0.405
8350.000	10.000	-101.440	0.396
8360.000	10.000	-102.100	0.401
8370.000	10.000	-101.367	0.399
8380.000	10.000	-101.660	0.395
8390.000	10.000	-102.466	0.399
8400.000	10.000	-101.807	0.404
8410.000	10.000	-102.026	0.396
8420.000	10.000	-102.686	0.400
8430.000	10.000	-102.319	0.401
8440.000	10.000	-102.539	0.404
8450.000	10.000	-102.100	0.397
8460.000	10.000	-102.100	0.397
8470.000	10.000	-102.759	0.396
8480.000	10.000	-102.905	0.401
8490.000	10.000	-102.832	0.400
8500.000	10.000	-103.052	0.402
8510.000	10.000	-103.711	0.399
8520.000	10.000	-103.198	0.399
8530.000	10.000	-103.857	0.401
8540.000	10.000	-104.297	0.399
8550.000	10.000	-104.077	0.399
8560.000	10.000	-104.443	0.397
8570.000	10.000	-104.297	0.399
8580.000	10.000	-104.590	0.400
8590.000	10.000	-104.224	0.397
8600.000	10.000	-105.176	0.395
8610.000	10.000	-104.517	0.397
8620.000	10.000	-105.103	0.395
8630.000	10.000	-104.810	0.400
8640.000	10.000	-104.736	0.400
8650.000	10.000	-105.176	0.397
8660.000	10.000	-105.688	0.399
8670.000	10.000	-105.469	0.396
8680.000	10.000	-105.615	0.400
8690.000	10.000	-105.835	0.396
8700.000	10.000	-105.469	0.402
8710.000	10.000	-105.615	0.399
8720.000	10.000	-106.128	0.405
8730.000	10.000	-106.421	0.399
8740.000	10.000	-106.201	0.399
8750.000	10.000	-106.567	0.396
8760.000	10.000	-105.762	0.397
8770.000	10.000	-106.494	0.399
8780.000	10.000	-106.860	0.397
8790.000	10.000	-106.787	0.397
8800.000	10.000	-107.153	0.395
8810.000	10.000	-106.641	0.400
8820.000	10.000	-106.641	0.396
8830.000	10.000	-106.641	0.396
8840.000	10.000	-107.300	0.400
8850.000	10.000	-107.007	0.395
8860.000	10.000	-107.593	0.400
8870.000	10.000	-108.179	0.395
8880.000	10.000	-107.446	0.397
8890.000	10.000	-107.959	0.397
8900.000	10.000	-108.325	0.407
8910.000	10.000	-108.179	0.399
8920.000	10.000	-108.545	0.400
8930.000	10.000	-109.497	0.401
8940.000	10.000	-108.691	0.399
8950.000	10.000	-109.204	0.405
8960.000	10.000	-109.351	0.401
8970.000	10.000	-108.398	0.401
8980.000	10.000	-109.058	0.401
8990.000	10.000	-109.790	0.400
9000.000	10.000	-109.131	0.401
9010.000	10.000	-109.570	0.397
9020.000	10.000	-109.790	0.400
9030.000	10.000	-108.765	0.401
9040.000	10.000	-109.644	0.397
9050.000	10.000	-110.229	0.400
9060.000	10.000	-109.717	0.399
9070.000	10.000	-110.229	0.399
9080.000	10.000	-110.596	0.397
9090.000	10.000	-109.937	0.400
9100.000	10.000	-110.742	0.405
9110.000	10.000	-111.182	0.401
9120.000	10.000	-110.742	0.399
9130.000	10.000	-111.548	0.401
9140.000	10.000	-111.328	0.400
9150.000	10.000	-110.742	0.402
9160.000	10.000	-111.475	0.396
9170.000	10.000	-111.987	0.400
9180.000	10.000	-111.768	0.402
9190.000	10.000	-111.768	0.399
9200.000	10.000	-111.914	0.397
9210.000	10.000	-111.694	0.399
9220.000	10.000	-112.061	0.399
9230.000	10.000	-112.573	0.399
9240.000	10.000	-112.280	0.399
9250.000	10.000	-112.500	0.395
9260.000	10.000	-112.573	0.400
9270.000	10.000	-112.207	0.399
9280.000	10.000	-112.354	0.399
9290.000	10.000	-113.232	0.400
9300.000	10.000	-112.939	0.400
9310.000	10.000	-112.866	0.399
9320.000	10.000	-113.159	0.399
9330.000	10.000	-112.646	0.399
9340.000	10.000	-113.232	0.394
9350.000	10.000	-113.892	0.397
9360.000	10.000	-113.379	0.399
9370.000	10.000	-113.452	0.401
9380.000	10.000	-113.672	0.401
9390.000	10.000	-113.232	0.396
9400.000	10.000	-113.745	0.394
9410.000	10.000	-114.404	0.399
9420.000	10.000	-114.404	0.396
9430.000	10.000	-114.478	0.401
9440.000	10.000	-114.917	0.396
9450.000	10.000	-114.185	0.395
9460.000	10.000	-114.844	0.404
9470.000	10.000	-115.210	0.397
9480.000	10.000	-115.137	0.399
9490.000	10.000	-115.137	0.401
9500.000	10.000	-115.137	0.401
9510.000	10.000	-114.990	0.400
9520.000	10.000	-115.430	0.400
9530.000	10.000	-115.430	0.400
9540.000	10.000	-115.283	0.397
9550.000	10.000	-115.796	0.399
9560.000	10.000	-115.796	0.399
9570.000	10.000	-116.016	0.397
9580.000	10.000	-116.162	0.400
9590.000	10.000	-116.748	0.397
9600.000	10.000	-116.675	0.396
9610.000	10.000	-116.895	0.399
9620.000	10.000	-116.968	0.397
9630.000	10.000	-116.968	0.393
9640.000	10.000	-117.041	0.397
9650.000	10.000	-117.554	0.399
9660.000	10.000	-117.480	0.400
9670.000	10.000	-117.407	0.400
9680.000	10.000	-117.700	0.400
9690.000	10.000	-117.334	0.399
9700.000	10.000	-117.700	0.386
9710.000	10.000	-117.993	0.401
9720.000	10.000	-117.920	0.401
9730.000	10.000	-118.066	0.399
9740.000	10.000	-118.799	0.399
9750.000	10.000	-117.847	0.397
9760.000	10.000	-118.506	0.407
9770.000	10.000	-118.799	0.400
9780.000	10.000	-118.652	0.405
9790.000	10.000	-118.652	0.396
9800.000	10.000	-119.238	0.397
9810.000	10.000	-118.579	0.401
9820.000	10.000	-118.799	0.406
9830.000	10.000	-119.238	0.399
9840.000	10.000	-118.579	0.401
9850.000	10.000	-119.019	0.399
9860.000	10.000	-119.238	0.404
9870.000	10.000	-118.945	0.399
9880.000	10.000	-119.092	0.397
9890.000	10.000	-119.897	0.404
9900.000	10.000	-119.165	0.402
9910.000	10.000	-119.751	0.400
9920.000	10.000	-120.190	0.399
9930.000	10.000	-119.751	0.400
9940.000	10.000	-120.190	0.399
9950.000	10.000	-120.923	0.400
9960.000	10.000	-120.557	0.399
9970.000	10.000	-120.703	0.400
9980.000	10.000	-121.216	0.397
9990.000	10.000	-120.483	0.402
10000.000	10.000	-120.850	0.401
10010.000	10.000	-121.655	0.405
10020.000	10.000	-120.996	0.401
10030.000	10.000	-121.362	0.404
10040.000	10.000	-121.655	0.397
10050.000	10.000	-121.069	0.397
10060.000	10.000	-121.436	0.397
10070.000	10.000	-121.948	0.399
10080.000	10.000	-121.509	0.399
10090.000	10.000	-121.802	0.400
10100.000	10.000	-122.607	0.395
10110.000	10.000	-121.875	0.395
10120.000	10.000	-122.241	0.399
10130.000	10.000	-122.900	0.397
10140.000	10.000	-122.607	0.399
10150.000	10.000	-122.827	0.402
10160.000	10.000	-122.974	0.396
10170.000	10.000	-122.754	0.399
10180.000	10.000	-123.193	0.395
10190.000	10.000	-123.706	0.395
10200.000	10.000	-122.900	0.402
10210.000	10.000	-123.047	0.400
10220.000	10.000	-123.853	0.396
10230.000	10.000	-123.120	0.397
10240.000	10.000	-123.267	0.397
10250.000	10.000	-123.779	0.394
10260.000	10.000	-123.560	0.400
10270.000	10.000	-123.633	0.397
10280.000	10.000	-124.438	0.395
10290.000	10.000	-123.633	0.400
10300.000	10.000	-124.146	0.404
10310.000	10.000	-124.292	0.399
10320.000	10.000	-123.926	0.399
10330.000	10.000	-124.292	0.399
10340.000	10.000	-125.024	0.397
10350.000	10.000	-124.438	0.401
10360.000	10.000	-124.658	0.399
10370.000	10.000	-124.805	0.399
10380.000	10.000	-124.146	0.395
10390.000	10.000	-124.878	0.397
10400.000	10.000	-125.610	0.396
10410.000	10.000	-125.244	0.396
10420.000	10.000	-125.317	0.396
10430.000	10.000	-125.830	0.399
10440.000	10.000	-125.098	0.394
10450.000	10.000	-125.610	0.401
10460.000	10.000	-126.416	0.399
10470.000	10.000	-126.270	0.396
10480.000	10.000	-126.416	0.397
10490.000	10.000	-126.636	0.404
10500.000	10.000	-125.903	0.395
10510.000	10.000	-126.562	0.402
10520.000	10.000	-127.002	0.397
10530.000	10.000	-126.855	0.400
10540.000	10.000	-126.855	0.399
10550.000	10.000	-126.636	0.397
10560.000	10.000	-126.636	0.397
10570.000	10.000	-127.222	0.401
10580.000	10.000	-127.588	0.399
10590.000	10.000	-127.441	0.396
10600.000	10.000	-127.808	0.399
10610.000	10.000	-128.467	0.396
10620.000	10.000	-127.808	0.402
10630.000	10.000	-127.588	0.399
10640.000	10.000	-128.687	0.401
10650.000	10.000	-128.613	0.399
10660.000	10.000	-128.540	0.400
10670.000	10.000	-128.540	0.400
10680.000	10.000	-128.467	0.399
10690.000	10.000	-128.613	0.401
10700.000	10.000	-129.126	0.396
10710.000	10.000	-128.101	0.401
10720.000	10.000	-128.906	0.399
10730.000	10.000	-129.639	0.402
10740.000	10.000	-128.613	0.397
10750.000	10.000	-128.906	0.400
10760.000	10.000	-129.272	0.396
10770.000	10.000	-129.346	0.396
10780.000	10.000	-129.053	0.400
10790.000	10.000	-129.785	0.404
10800.000	10.000	-129.053	0.406
10810.000	10.000	-129.712	0.395
10820.000	10.000	-129.712	0.397
10830.000	10.000	-129.126	0.405
10840.000	10.000	-129.712	0.402
10850.000	10.000	-130.371	0.402
10860.000	10.000	-129.785	0.399
10870.000	10.000	-129.932	0.404
10880.000	10.000	-130.811	0.397
10890.000	10.000	-130.005	0.406
10900.000	10.000	-130.664	0.393
10910.000	10.000	-131.177	0.404
10920.000	10.000	-130.737	0.401
10930.000	10.000	-131.104	0.399
10940.000	10.000	-131.543	0.385
10950.000	10.000	-131.104	0.397
10960.000	10.000	-131.470	0.399
10970.000	10.000	-131.909	0.399
10980.000	10.000	-131.250	0.402
10990.000	10.000	-131.543	0.397
11000.000	10.000	-131.909	0.400
11010.000	10.000	-131.470	0.399
11020.000	10.000	-131.836	0.401
11030.000	10.000	-132.275	0.399
11040.000	10.000	-131.836	0.405
11050.000	10.000	-131.982	0.335
11060.000	10.000	-132.349	0.246
11070.000	10.000	-132.129	0.181
11080.000	10.000	-132.129	0.133
11090.000	10.000	-133.008	0.092
11100.000	10.000	-132.202	0.073
11110.000	10.000	-132.275	0.057
11120.000	10.000	-132.715	0.045
11130.000	10.000	-131.982	0.031
11140.000	10.000	-132.202	0.025
11150.000	10.000	-132.715	0.019
11160.000	10.000	-131.982	0.015
11170.000	10.000	-132.056	0.013
11180.000	10.000	-132.275	0.012
11190.000	10.000	-131.323	0.010
11200.000	10.000	-131.616	0.008
11210.000	10.000	-131.909	0.006
11220.000	10.000	-131.323	0.007
11230.000	10.000	-131.836	0.002
11240.000	10.000	-131.323	0.007
11250.000	10.000	-130.811	0.008
11260.000	10.000	-131.104	0.007
11270.000	10.000	-131.396	0.007
11280.000	10.000	-130.957	0.004
11290.000	10.000	-131.030	0.004
11300.000	10.000	-131.030	0.007
11310.000	10.000	-130.371	0.006
11320.000	10.000	-130.664	0.004
11330.000	10.000	-130.737	0.006
11340.000	10.000	-130.811	0.006
11350.000	10.000	-130.518	0.004
11360.000	10.000	-130.811	0.004
11370.000	10.000	-130.151	0.009
11380.000	10.000	-130.225	0.009
11390.000	10.000	-131.030	0.003
11400.000	10.000	-130.371	0.003
11410.000	10.000	-130.737	0.004
11420.000	10.000	-130.957	0.003
11430.000	10.000	-130.005	0.002
11440.000	10.000	-129.932	0.004
11450.000	10.000	-130.591	0.006
11460.000	10.000	-129.858	0.003
11470.000	10.000	-129.785	0.004
11480.000	10.000	-130.444	0.007
11490.000	10.000	-129.126	0.003
11500.000	10.000	-129.492	0.006
11510.000	10.000	-129.492	0.006
11520.000	10.000	-128.979	0.007
11530.000	10.000	-129.419	0.004
11540.000	10.000	-130.151	0.003
11550.000	10.000	-128.979	0.004
11560.000	10.000	-129.419	0.003
11570.000	10.000	-129.639	0.004
11580.000	10.000	-129.126	0.004
11590.000	10.000	-129.126	0.006
11600.000	10.000	-129.565	0.004
11610.000	10.000	-128.906	0.004
11620.000	10.000	-128.906	0.007
11630.000	10.000	-129.053	0.002
11640.000	10.000	-128.174	0.001
11650.000	10.000	-128.613	0.004
11660.000	10.000	-128.979	0.006
11670.000	10.000	-128.101	0.004
11680.000	10.000	-127.661	0.010
11690.000	10.000	-128.687	0.008
11700.000	10.000	-127.515	0.006
11710.000	10.000	-127.954	0.007
11720.000	10.000	-128.101	0.007
11730.000	10.000	-127.661	0.004
11740.000	10.000	-127.661	0.007
11750.000	10.000	-127.881	0.006
11760.000	10.000	-127.075	0.004
11770.000	10.000	-127.295	0.007
11780.000	10.000	-127.954	0.003
11790.000	10.000	-126.855	0.012
11800.000	10.000	-127.661	0.004
11810.000	10.000	-127.515	0.007
11820.000	10.000	-126.782	0.006
11830.000	10.000	-127.148	0.004
11840.000	10.000	-127.515	-0.002
11850.000	10.000	-127.002	0.004
11860.000	10.000	-127.075	0.006
11870.000	10.000	-127.734	0.006
11880.000	10.000	-126.855	0.003
11890.000	10.000	-126.929	0.008
11900.000	10.000	-127.148	0.004
11910.000	10.000	-126.416	0.004
11920.000	10.000	-126.782	0.004
11930.000	10.000	-126.782	0.004
11940.000	10.000	-126.196	0.003
11950.000	10.000	-126.343	0.007
11960.000	10.000	-126.489	0.004
11970.000	10.000	-125.684	0.007
11980.000	10.000	-126.050	0.002
11990.000	10.000	-126.416	0.003
12000.000	10.000	-125.903	0.004
12010.000	10.000	-126.196	0.003
12020.000	10.000	-126.416	0.006
