%Time [ms]	Commanded Torque [mNm]	Angular Velocity [RPM]	Actual Current [Amp]	%2/21/202410:02 AM
0.000	0.000	0.000	0.000
20.000	10.000	35.156	0.011
30.000	10.000	35.156	0.011
40.000	10.000	35.156	0.011
50.000	10.000	29.297	0.002
60.000	10.000	29.297	0.002
70.000	10.000	29.297	0.002
80.000	10.000	3.906	-0.006
90.000	10.000	3.906	-0.006
100.000	10.000	3.906	-0.006
110.000	10.000	44.922	0.013
120.000	10.000	44.922	0.013
130.000	10.000	44.922	0.013
140.000	10.000	13.672	-0.021
150.000	10.000	13.672	-0.021
160.000	10.000	13.672	-0.021
170.000	10.000	44.922	0.020
180.000	10.000	44.922	0.020
190.000	10.000	44.922	0.020
200.000	10.000	1.953	-0.011
210.000	10.000	1.953	-0.011
220.000	10.000	1.953	-0.011
230.000	10.000	5.859	-0.026
240.000	10.000	5.859	-0.026
250.000	10.000	5.859	-0.026
260.000	10.000	17.578	0.007
270.000	10.000	17.578	0.007
280.000	10.000	17.578	0.007
290.000	10.000	9.766	0.006
300.000	10.000	9.766	0.006
310.000	10.000	9.766	0.006
320.000	10.000	11.719	-0.025
330.000	10.000	11.719	-0.025
340.000	10.000	11.719	-0.025
350.000	10.000	50.781	0.008
360.000	10.000	50.781	0.008
370.000	10.000	50.781	0.008
380.000	10.000	5.859	-0.021
390.000	10.000	5.859	-0.021
400.000	10.000	5.859	-0.021
410.000	10.000	-15.625	0.014
420.000	10.000	-15.625	0.014
430.000	10.000	-15.625	0.014
440.000	10.000	42.969	0.015
450.000	10.000	42.969	0.015
460.000	10.000	42.969	0.015
470.000	10.000	39.062	0.011
480.000	10.000	39.062	0.011
490.000	10.000	39.062	0.011
500.000	10.000	41.016	0.004
510.000	10.000	41.016	0.004
520.000	10.000	41.016	0.004
530.000	10.000	41.016	0.010
540.000	10.000	41.016	0.010
550.000	10.000	41.016	0.010
560.000	10.000	-1.953	-0.004
570.000	10.000	-1.953	-0.004
580.000	10.000	-1.953	-0.004
590.000	10.000	27.344	0.013
600.000	10.000	27.344	0.013
610.000	10.000	27.344	0.013
620.000	10.000	31.250	0.013
630.000	10.000	31.250	0.013
640.000	10.000	31.250	0.013
650.000	10.000	9.766	-0.011
660.000	10.000	9.766	-0.011
670.000	10.000	9.766	-0.011
680.000	10.000	13.672	-0.013
690.000	10.000	13.672	-0.013
700.000	10.000	13.672	-0.013
710.000	10.000	-11.719	-0.008
720.000	10.000	-11.719	-0.008
730.000	10.000	-11.719	-0.008
740.000	10.000	11.719	0.003
750.000	10.000	11.719	0.003
760.000	10.000	11.719	0.003
770.000	10.000	11.719	-0.006
780.000	10.000	11.719	-0.006
790.000	10.000	11.719	-0.006
800.000	10.000	-1.953	0.001
810.000	10.000	-1.953	0.001
820.000	10.000	-1.953	0.001
830.000	10.000	41.016	-0.002
840.000	10.000	41.016	-0.002
850.000	10.000	41.016	-0.002
860.000	10.000	44.922	0.008
870.000	10.000	44.922	0.008
880.000	10.000	44.922	0.008
890.000	10.000	27.344	0.000
900.000	10.000	27.344	0.000
910.000	10.000	27.344	0.000
920.000	10.000	9.766	-0.005
930.000	10.000	9.766	-0.005
940.000	10.000	9.766	-0.005
950.000	10.000	13.672	-0.025
960.000	10.000	13.672	-0.025
970.000	10.000	13.672	-0.025
980.000	10.000	35.156	0.014
990.000	10.000	35.156	0.014
1000.000	10.000	35.156	0.014
1010.000	10.000	5.859	-0.001
1020.000	10.000	5.859	-0.001
1030.000	10.000	5.859	-0.001
1040.000	10.000	13.672	0.012
1050.000	10.000	13.672	0.012
1060.000	10.000	13.672	0.012
1070.000	10.000	41.016	0.018
1080.000	10.000	41.016	0.018
1090.000	10.000	41.016	0.018
1100.000	10.000	19.531	0.142
1110.000	10.000	19.531	0.142
1120.000	10.000	19.531	0.142
1130.000	10.000	35.156	0.242
1140.000	10.000	35.156	0.242
1150.000	10.000	35.156	0.242
1160.000	10.000	35.156	0.270
1170.000	10.000	35.156	0.270
1180.000	10.000	35.156	0.270
1190.000	10.000	78.125	0.291
1200.000	10.000	78.125	0.291
1210.000	10.000	78.125	0.291
1220.000	10.000	80.078	0.297
1230.000	10.000	80.078	0.297
1240.000	10.000	80.078	0.297
1250.000	10.000	83.984	0.272
1260.000	10.000	83.984	0.272
1270.000	10.000	83.984	0.272
1280.000	10.000	109.375	0.276
1290.000	10.000	109.375	0.276
1300.000	10.000	109.375	0.276
1310.000	10.000	181.641	0.289
1320.000	10.000	181.641	0.289
1330.000	10.000	181.641	0.289
1340.000	10.000	169.922	0.310
1350.000	10.000	169.922	0.310
1360.000	10.000	169.922	0.310
1370.000	10.000	179.687	0.285
1380.000	10.000	179.687	0.285
1390.000	10.000	179.687	0.285
1400.000	10.000	224.609	0.288
1410.000	10.000	224.609	0.288
1420.000	10.000	224.609	0.288
1430.000	10.000	232.422	0.298
1440.000	10.000	232.422	0.298
1450.000	10.000	232.422	0.298
1460.000	10.000	228.516	0.273
1470.000	10.000	228.516	0.273
1480.000	10.000	228.516	0.273
1490.000	10.000	259.766	0.302
1500.000	10.000	259.766	0.302
1510.000	10.000	259.766	0.302
1520.000	10.000	283.203	0.309
1530.000	10.000	283.203	0.309
1540.000	10.000	283.203	0.309
1550.000	10.000	332.031	0.303
1560.000	10.000	332.031	0.303
1570.000	10.000	332.031	0.303
1580.000	10.000	277.344	0.292
1590.000	10.000	277.344	0.292
1600.000	10.000	277.344	0.292
1610.000	10.000	332.031	0.286
1620.000	10.000	332.031	0.286
1630.000	10.000	332.031	0.286
1640.000	10.000	398.437	0.286
1650.000	10.000	398.437	0.286
1660.000	10.000	398.437	0.286
1670.000	10.000	369.141	0.273
1680.000	10.000	369.141	0.273
1690.000	10.000	369.141	0.273
1700.000	10.000	402.344	0.313
1710.000	10.000	402.344	0.313
1720.000	10.000	402.344	0.313
1730.000	10.000	417.969	0.314
1740.000	10.000	417.969	0.314
1750.000	10.000	417.969	0.314
1760.000	10.000	408.203	0.296
1770.000	10.000	408.203	0.296
1780.000	10.000	408.203	0.296
1790.000	10.000	451.172	0.284
1800.000	10.000	451.172	0.284
1810.000	10.000	451.172	0.284
1820.000	10.000	437.500	0.282
1830.000	10.000	437.500	0.282
1840.000	10.000	437.500	0.282
1850.000	10.000	468.750	0.284
1860.000	10.000	468.750	0.284
1870.000	10.000	468.750	0.284
1880.000	10.000	498.047	0.290
1890.000	10.000	498.047	0.290
1900.000	10.000	498.047	0.290
1910.000	10.000	519.531	0.288
1920.000	10.000	519.531	0.288
1930.000	10.000	519.531	0.288
1940.000	10.000	558.594	0.312
1950.000	10.000	558.594	0.312
1960.000	10.000	558.594	0.312
1970.000	10.000	554.687	0.281
1980.000	10.000	554.687	0.281
1990.000	10.000	554.687	0.281
2000.000	10.000	570.312	0.290
2010.000	10.000	570.312	0.290
2020.000	10.000	570.312	0.290
2030.000	10.000	558.594	0.315
2040.000	10.000	558.594	0.315
2050.000	10.000	558.594	0.315
2060.000	10.000	611.328	0.278
2070.000	10.000	611.328	0.278
2080.000	10.000	611.328	0.278
2090.000	10.000	615.234	0.287
2100.000	10.000	615.234	0.287
2110.000	10.000	615.234	0.287
2120.000	10.000	634.766	0.303
2130.000	10.000	634.766	0.303
2140.000	10.000	634.766	0.303
2150.000	10.000	650.391	0.303
2160.000	10.000	650.391	0.303
2170.000	10.000	650.391	0.303
2180.000	10.000	683.594	0.308
2190.000	10.000	683.594	0.308
2200.000	10.000	683.594	0.308
2210.000	10.000	677.734	0.304
2220.000	10.000	677.734	0.304
2230.000	10.000	677.734	0.304
2240.000	10.000	710.937	0.286
2250.000	10.000	710.937	0.286
2260.000	10.000	710.937	0.286
2270.000	10.000	705.078	0.310
2280.000	10.000	705.078	0.310
2290.000	10.000	705.078	0.310
2300.000	10.000	740.234	0.285
2310.000	10.000	740.234	0.285
2320.000	10.000	740.234	0.285
2330.000	10.000	787.109	0.271
2340.000	10.000	787.109	0.271
2350.000	10.000	787.109	0.271
2360.000	10.000	767.578	0.311
2370.000	10.000	767.578	0.311
2380.000	10.000	767.578	0.311
2390.000	10.000	781.250	0.304
2400.000	10.000	781.250	0.304
2410.000	10.000	781.250	0.304
2420.000	10.000	818.359	0.305
2430.000	10.000	818.359	0.305
2440.000	10.000	818.359	0.305
2450.000	10.000	833.984	0.283
2460.000	10.000	833.984	0.283
2470.000	10.000	833.984	0.283
2480.000	10.000	869.141	0.303
2490.000	10.000	869.141	0.303
2500.000	10.000	869.141	0.303
2510.000	10.000	884.766	0.304
2520.000	10.000	884.766	0.304
2530.000	10.000	884.766	0.304
2540.000	10.000	916.016	0.305
2550.000	10.000	916.016	0.305
2560.000	10.000	916.016	0.305
2570.000	10.000	900.391	0.287
2580.000	10.000	900.391	0.287
2590.000	10.000	900.391	0.287
2600.000	10.000	910.156	0.293
2610.000	10.000	910.156	0.293
2620.000	10.000	910.156	0.293
2630.000	10.000	900.391	0.303
2640.000	10.000	900.391	0.303
2650.000	10.000	900.391	0.303
2660.000	10.000	958.984	0.306
2670.000	10.000	958.984	0.306
2680.000	10.000	958.984	0.306
2690.000	10.000	966.797	0.293
2700.000	10.000	966.797	0.293
2710.000	10.000	966.797	0.293
2720.000	10.000	966.797	0.295
2730.000	10.000	966.797	0.295
2740.000	10.000	966.797	0.295
2750.000	10.000	1019.531	0.310
2760.000	10.000	1019.531	0.310
2770.000	10.000	1019.531	0.310
2780.000	10.000	1021.484	0.311
2790.000	10.000	1021.484	0.311
2800.000	10.000	1021.484	0.311
2810.000	10.000	1068.359	0.270
2820.000	10.000	1068.359	0.270
2830.000	10.000	1068.359	0.270
2840.000	10.000	1052.734	0.314
2850.000	10.000	1052.734	0.314
2860.000	10.000	1052.734	0.314
2870.000	10.000	1037.109	0.285
2880.000	10.000	1037.109	0.285
2890.000	10.000	1037.109	0.285
2900.000	10.000	1068.359	0.284
2910.000	10.000	1068.359	0.284
2920.000	10.000	1068.359	0.284
2930.000	10.000	1062.500	0.292
2940.000	10.000	1062.500	0.292
2950.000	10.000	1062.500	0.292
2960.000	10.000	1111.328	0.299
2970.000	10.000	1111.328	0.299
2980.000	10.000	1111.328	0.299
2990.000	10.000	1125.000	0.294
3000.000	10.000	1125.000	0.294
3010.000	10.000	1125.000	0.294
3020.000	10.000	1128.906	0.278
3030.000	10.000	1128.906	0.278
3040.000	10.000	1128.906	0.278
3050.000	10.000	1117.187	0.295
3060.000	10.000	1117.187	0.295
3070.000	10.000	1117.187	0.295
3080.000	10.000	1167.969	0.311
3090.000	10.000	1167.969	0.311
3100.000	10.000	1167.969	0.311
3110.000	10.000	1205.078	0.288
3120.000	10.000	1205.078	0.288
3130.000	10.000	1205.078	0.288
3140.000	10.000	1207.031	0.291
3150.000	10.000	1207.031	0.291
3160.000	10.000	1207.031	0.291
3170.000	10.000	1210.937	0.305
3180.000	10.000	1210.937	0.305
3190.000	10.000	1210.937	0.305
3200.000	10.000	1208.984	0.284
3210.000	10.000	1208.984	0.284
3220.000	10.000	1208.984	0.284
3230.000	10.000	1224.609	0.313
3240.000	10.000	1224.609	0.313
3250.000	10.000	1224.609	0.313
3260.000	10.000	1294.922	0.287
3270.000	10.000	1294.922	0.287
3280.000	10.000	1294.922	0.287
3290.000	10.000	1287.109	0.286
3300.000	10.000	1287.109	0.286
3310.000	10.000	1287.109	0.286
3320.000	10.000	1279.297	0.306
3330.000	10.000	1279.297	0.306
3340.000	10.000	1279.297	0.306
3350.000	10.000	1275.391	0.308
3360.000	10.000	1275.391	0.308
3370.000	10.000	1275.391	0.308
3380.000	10.000	1312.500	0.306
3390.000	10.000	1312.500	0.306
3400.000	10.000	1312.500	0.306
3410.000	10.000	1312.500	0.309
3420.000	10.000	1312.500	0.309
3430.000	10.000	1312.500	0.309
3440.000	10.000	1380.859	0.304
3450.000	10.000	1380.859	0.304
3460.000	10.000	1380.859	0.304
3470.000	10.000	1394.531	0.304
3480.000	10.000	1394.531	0.304
3490.000	10.000	1394.531	0.304
3500.000	10.000	1396.484	0.306
3510.000	10.000	1396.484	0.306
3520.000	10.000	1396.484	0.306
3530.000	10.000	1412.109	0.295
3540.000	10.000	1412.109	0.295
3550.000	10.000	1412.109	0.295
3560.000	10.000	1435.547	0.309
3570.000	10.000	1435.547	0.309
3580.000	10.000	1435.547	0.309
3590.000	10.000	1421.875	0.283
3600.000	10.000	1421.875	0.283
3610.000	10.000	1421.875	0.283
3620.000	10.000	1453.125	0.299
3630.000	10.000	1453.125	0.299
3640.000	10.000	1453.125	0.299
3650.000	10.000	1435.547	0.301
3660.000	10.000	1435.547	0.301
3670.000	10.000	1435.547	0.301
3680.000	10.000	1484.375	0.302
3690.000	10.000	1484.375	0.302
3700.000	10.000	1484.375	0.302
3710.000	10.000	1484.375	0.300
3720.000	10.000	1484.375	0.300
3730.000	10.000	1484.375	0.300
3740.000	10.000	1480.469	0.306
3750.000	10.000	1480.469	0.306
3760.000	10.000	1480.469	0.306
3770.000	10.000	1519.531	0.298
3780.000	10.000	1519.531	0.298
3790.000	10.000	1519.531	0.298
3800.000	10.000	1507.812	0.301
3810.000	10.000	1507.812	0.301
3820.000	10.000	1507.812	0.301
3830.000	10.000	1548.828	0.292
3840.000	10.000	1548.828	0.292
3850.000	10.000	1548.828	0.292
3860.000	10.000	1566.406	0.283
3870.000	10.000	1566.406	0.283
3880.000	10.000	1566.406	0.283
3890.000	10.000	1591.797	0.294
3900.000	10.000	1591.797	0.294
3910.000	10.000	1591.797	0.294
3920.000	10.000	1582.031	0.296
3930.000	10.000	1582.031	0.296
3940.000	10.000	1582.031	0.296
3950.000	10.000	1583.984	0.296
3960.000	10.000	1583.984	0.296
3970.000	10.000	1583.984	0.296
3980.000	10.000	1611.328	0.291
3990.000	10.000	1611.328	0.291
4000.000	10.000	1611.328	0.291
4010.000	10.000	1595.703	0.323
4020.000	10.000	1595.703	0.323
4030.000	10.000	1595.703	0.323
4040.000	10.000	1669.922	0.289
4050.000	10.000	1669.922	0.289
4060.000	10.000	1669.922	0.289
4070.000	10.000	1679.687	0.280
4080.000	10.000	1679.687	0.280
4090.000	10.000	1679.687	0.280
4100.000	10.000	1685.547	0.291
4110.000	10.000	1685.547	0.291
4120.000	10.000	1685.547	0.291
4130.000	10.000	1675.781	0.296
4140.000	10.000	1675.781	0.296
4150.000	10.000	1675.781	0.296
4160.000	10.000	1738.281	0.303
4170.000	10.000	1738.281	0.303
4180.000	10.000	1738.281	0.303
4190.000	10.000	1732.422	0.308
4200.000	10.000	1732.422	0.308
4210.000	10.000	1732.422	0.308
4220.000	10.000	1722.656	0.304
4230.000	10.000	1722.656	0.304
4240.000	10.000	1722.656	0.304
4250.000	10.000	1757.812	0.290
4260.000	10.000	1757.812	0.290
4270.000	10.000	1757.812	0.290
4280.000	10.000	1767.578	0.291
4290.000	10.000	1767.578	0.291
4300.000	10.000	1767.578	0.291
4310.000	10.000	1759.766	0.300
4320.000	10.000	1759.766	0.300
4330.000	10.000	1759.766	0.300
4340.000	10.000	1785.156	0.286
4350.000	10.000	1785.156	0.286
4360.000	10.000	1785.156	0.286
4370.000	10.000	1798.828	0.300
4380.000	10.000	1798.828	0.300
4390.000	10.000	1798.828	0.300
4400.000	10.000	1841.797	0.301
4410.000	10.000	1841.797	0.301
4420.000	10.000	1841.797	0.301
4430.000	10.000	1833.984	0.292
4440.000	10.000	1833.984	0.292
4450.000	10.000	1833.984	0.292
4460.000	10.000	1859.375	0.303
4470.000	10.000	1859.375	0.303
4480.000	10.000	1859.375	0.303
4490.000	10.000	1869.141	0.282
4500.000	10.000	1869.141	0.282
4510.000	10.000	1869.141	0.282
4520.000	10.000	1878.906	0.294
4530.000	10.000	1878.906	0.294
4540.000	10.000	1878.906	0.294
4550.000	10.000	1884.766	0.287
4560.000	10.000	1884.766	0.287
4570.000	10.000	1884.766	0.287
4580.000	10.000	1910.156	0.274
4590.000	10.000	1910.156	0.274
4600.000	10.000	1910.156	0.274
4610.000	10.000	1919.922	0.287
4620.000	10.000	1919.922	0.287
4630.000	10.000	1919.922	0.287
4640.000	10.000	1904.297	0.297
4650.000	10.000	1904.297	0.297
4660.000	10.000	1904.297	0.297
4670.000	10.000	1937.500	0.288
4680.000	10.000	1937.500	0.288
4690.000	10.000	1937.500	0.288
4700.000	10.000	1960.937	0.306
4710.000	10.000	1960.937	0.306
4720.000	10.000	1960.937	0.306
4730.000	10.000	1966.797	0.290
4740.000	10.000	1966.797	0.290
4750.000	10.000	1966.797	0.290
4760.000	10.000	2000.000	0.289
4770.000	10.000	2000.000	0.289
4780.000	10.000	2000.000	0.289
4790.000	10.000	1984.375	0.289
4800.000	10.000	1984.375	0.289
4810.000	10.000	1984.375	0.289
4820.000	10.000	2025.391	0.277
4830.000	10.000	2025.391	0.277
4840.000	10.000	2025.391	0.277
4850.000	10.000	2001.953	0.290
4860.000	10.000	2001.953	0.290
4870.000	10.000	2001.953	0.290
4880.000	10.000	2005.859	0.285
4890.000	10.000	2005.859	0.285
4900.000	10.000	2005.859	0.285
4910.000	10.000	2039.062	0.290
4920.000	10.000	2039.062	0.290
4930.000	10.000	2039.062	0.290
4940.000	10.000	2076.172	0.278
4950.000	10.000	2076.172	0.278
4960.000	10.000	2076.172	0.278
4970.000	10.000	2068.359	0.296
4980.000	10.000	2068.359	0.296
4990.000	10.000	2068.359	0.296
5000.000	10.000	2080.078	0.272
5010.000	10.000	2080.078	0.272
5020.000	10.000	2080.078	0.272
5030.000	10.000	2091.797	0.309
5040.000	10.000	2091.797	0.309
5050.000	10.000	2091.797	0.309
5060.000	10.000	2097.656	0.296
5070.000	10.000	2097.656	0.296
5080.000	10.000	2097.656	0.296
5090.000	10.000	2142.578	0.268
5100.000	10.000	2142.578	0.268
5110.000	10.000	2142.578	0.268
5120.000	10.000	2171.875	0.312
5130.000	10.000	2171.875	0.312
5140.000	10.000	2171.875	0.312
5150.000	10.000	2119.141	0.317
5160.000	10.000	2119.141	0.317
5170.000	10.000	2119.141	0.317
5180.000	10.000	2191.406	0.293
5190.000	10.000	2191.406	0.293
5200.000	10.000	2191.406	0.293
5210.000	10.000	2140.625	0.276
5220.000	10.000	2140.625	0.276
5230.000	10.000	2140.625	0.276
5240.000	10.000	2207.031	0.288
5250.000	10.000	2207.031	0.288
5260.000	10.000	2207.031	0.288
5270.000	10.000	2199.219	0.311
5280.000	10.000	2199.219	0.311
5290.000	10.000	2199.219	0.311
5300.000	10.000	2214.844	0.293
5310.000	10.000	2214.844	0.293
5320.000	10.000	2214.844	0.293
5330.000	10.000	2242.187	0.279
5340.000	10.000	2242.187	0.279
5350.000	10.000	2242.187	0.279
5360.000	10.000	2250.000	0.294
5370.000	10.000	2250.000	0.294
5380.000	10.000	2250.000	0.294
5390.000	10.000	2234.375	0.294
5400.000	10.000	2234.375	0.294
5410.000	10.000	2234.375	0.294
5420.000	10.000	2259.766	0.309
5430.000	10.000	2259.766	0.309
5440.000	10.000	2259.766	0.309
5450.000	10.000	2294.922	0.282
5460.000	10.000	2294.922	0.282
5470.000	10.000	2294.922	0.282
5480.000	10.000	2267.578	0.314
5490.000	10.000	2267.578	0.314
5500.000	10.000	2267.578	0.314
5510.000	10.000	2300.781	0.316
5520.000	10.000	2300.781	0.316
5530.000	10.000	2300.781	0.316
5540.000	10.000	2347.656	0.283
5550.000	10.000	2347.656	0.283
5560.000	10.000	2347.656	0.283
5570.000	10.000	2326.172	0.266
5580.000	10.000	2326.172	0.266
5590.000	10.000	2326.172	0.266
5600.000	10.000	2345.703	0.297
5610.000	10.000	2345.703	0.297
5620.000	10.000	2345.703	0.297
5630.000	10.000	2355.469	0.286
5640.000	10.000	2355.469	0.286
5650.000	10.000	2355.469	0.286
5660.000	10.000	2386.719	0.279
5670.000	10.000	2386.719	0.279
5680.000	10.000	2386.719	0.279
5690.000	10.000	2353.516	0.296
5700.000	10.000	2353.516	0.296
5710.000	10.000	2353.516	0.296
5720.000	10.000	2437.500	0.287
5730.000	10.000	2437.500	0.287
5740.000	10.000	2437.500	0.287
5750.000	10.000	2412.109	0.298
5760.000	10.000	2412.109	0.298
5770.000	10.000	2412.109	0.298
5780.000	10.000	2431.641	0.280
5790.000	10.000	2431.641	0.280
5800.000	10.000	2431.641	0.280
5810.000	10.000	2386.719	0.311
5820.000	10.000	2386.719	0.311
5830.000	10.000	2386.719	0.311
5840.000	10.000	2482.422	0.300
5850.000	10.000	2482.422	0.300
5860.000	10.000	2482.422	0.300
5870.000	10.000	2453.125	0.272
5880.000	10.000	2453.125	0.272
5890.000	10.000	2453.125	0.272
5900.000	10.000	2466.797	0.290
5910.000	10.000	2466.797	0.290
5920.000	10.000	2466.797	0.290
5930.000	10.000	2458.984	0.305
5940.000	10.000	2458.984	0.305
5950.000	10.000	2458.984	0.305
5960.000	10.000	2513.672	0.293
5970.000	10.000	2513.672	0.293
5980.000	10.000	2513.672	0.293
5990.000	10.000	2492.187	0.287
6000.000	10.000	2492.187	0.287
6010.000	10.000	2492.187	0.287
6020.000	10.000	2525.391	0.271
6030.000	10.000	2525.391	0.271
6040.000	10.000	2525.391	0.271
6050.000	10.000	2539.062	0.276
6060.000	10.000	2539.062	0.276
6070.000	10.000	2539.062	0.276
6080.000	10.000	2521.484	0.289
6090.000	10.000	2521.484	0.289
6100.000	10.000	2521.484	0.289
6110.000	10.000	2539.062	0.122
6120.000	10.000	2539.062	0.122
6130.000	10.000	2539.062	0.122
6140.000	10.000	2542.969	0.034
6150.000	10.000	2542.969	0.034
6160.000	10.000	2542.969	0.034
6170.000	10.000	2558.594	-0.005
6180.000	10.000	2558.594	-0.005
6190.000	10.000	2558.594	-0.005
6200.000	10.000	2529.297	0.020
6210.000	10.000	2529.297	0.020
6220.000	10.000	2529.297	0.020
6230.000	10.000	2542.969	0.000
6240.000	10.000	2542.969	0.000
6250.000	10.000	2542.969	0.000
6260.000	10.000	2511.719	-0.001
6270.000	10.000	2511.719	-0.001
6280.000	10.000	2511.719	-0.001
6290.000	10.000	2476.562	0.005
6300.000	10.000	2476.562	0.005
6310.000	10.000	2476.562	0.005
6320.000	10.000	2490.234	-0.001
6330.000	10.000	2490.234	-0.001
6340.000	10.000	2490.234	-0.001
6350.000	10.000	2447.266	0.005
6360.000	10.000	2447.266	0.005
6370.000	10.000	2447.266	0.005
6380.000	10.000	2408.203	-0.005
6390.000	10.000	2408.203	-0.005
6400.000	10.000	2408.203	-0.005
6410.000	10.000	2388.672	0.003
6420.000	10.000	2388.672	0.003
6430.000	10.000	2388.672	0.003
6440.000	10.000	2400.391	0.005
6450.000	10.000	2400.391	0.005
6460.000	10.000	2400.391	0.005
6470.000	10.000	2416.016	-0.011
6480.000	10.000	2416.016	-0.011
6490.000	10.000	2416.016	-0.011
6500.000	10.000	2396.484	0.006
6510.000	10.000	2396.484	0.006
6520.000	10.000	2396.484	0.006
6530.000	10.000	2373.047	0.006
6540.000	10.000	2373.047	0.006
6550.000	10.000	2373.047	0.006
6560.000	10.000	2361.328	0.007
6570.000	10.000	2361.328	0.007
6580.000	10.000	2361.328	0.007
6590.000	10.000	2341.797	-0.009
6600.000	10.000	2341.797	-0.009
6610.000	10.000	2341.797	-0.009
6620.000	10.000	2363.281	0.003
6630.000	10.000	2363.281	0.003
6640.000	10.000	2363.281	0.003
6650.000	10.000	2335.937	0.021
6660.000	10.000	2335.937	0.021
6670.000	10.000	2335.937	0.021
6680.000	10.000	2306.641	-0.001
6690.000	10.000	2306.641	-0.001
6700.000	10.000	2306.641	-0.001
6710.000	10.000	2302.734	0.000
6720.000	10.000	2302.734	0.000
6730.000	10.000	2302.734	0.000
6740.000	10.000	2267.578	-0.016
6750.000	10.000	2267.578	-0.016
6760.000	10.000	2267.578	-0.016
6770.000	10.000	2248.047	0.009
6780.000	10.000	2248.047	0.009
6790.000	10.000	2248.047	0.009
6800.000	10.000	2253.906	0.003
6810.000	10.000	2253.906	0.003
6820.000	10.000	2253.906	0.003
6830.000	10.000	2240.234	0.018
6840.000	10.000	2240.234	0.018
6850.000	10.000	2240.234	0.018
6860.000	10.000	2220.703	0.016
6870.000	10.000	2220.703	0.016
6880.000	10.000	2220.703	0.016
6890.000	10.000	2171.875	0.010
6900.000	10.000	2171.875	0.010
6910.000	10.000	2171.875	0.010
6920.000	10.000	2208.984	-0.010
6930.000	10.000	2208.984	-0.010
6940.000	10.000	2208.984	-0.010
6950.000	10.000	2218.750	-0.003
6960.000	10.000	2218.750	-0.003
6970.000	10.000	2218.750	-0.003
6980.000	10.000	2173.828	-0.003
6990.000	10.000	2173.828	-0.003
7000.000	10.000	2173.828	-0.003
7010.000	10.000	2181.641	0.005
7020.000	10.000	2181.641	0.005
